7450-387970
OS REV: 1.05 Sensor Cal: 1615486469
Time (sec),  BV (Volts),  T (deg C),  DO (mg/l),  Q ()
1630977000,+3.49,+32.612,+15.630,+0.983
1630977060,+3.49,+32.612,+15.570,+0.984
1630977120,+3.49,+32.595,+15.541,+0.984
1630977180,+3.49,+32.603,+15.406,+0.981
1630977240,+3.49,+32.595,+15.399,+0.982
1630977300,+3.49,+32.595,+15.376,+0.982
1630977360,+3.49,+32.577,+15.298,+0.982
1630977420,+3.49,+32.559,+15.216,+0.983
1630977480,+3.49,+32.542,+14.932,+0.983
1630977540,+3.49,+32.551,+14.757,+0.983
1630977600,+3.49,+32.542,+14.797,+0.983
1630977660,+3.49,+32.524,+14.897,+0.981
1630977720,+3.49,+32.516,+15.130,+0.981
1630977780,+3.49,+32.498,+15.361,+0.982
1630977840,+3.49,+32.472,+15.474,+0.982
1630977900,+3.49,+32.489,+15.516,+0.985
1630977960,+3.49,+32.463,+15.424,+0.982
1630978020,+3.49,+32.480,+15.299,+0.982
1630978080,+3.49,+32.463,+15.129,+0.981
1630978140,+3.49,+32.445,+14.898,+0.982
1630978200,+3.49,+32.445,+14.732,+0.983
1630978260,+3.49,+32.445,+14.576,+0.981
1630978320,+3.49,+32.437,+14.587,+0.981
1630978380,+3.49,+32.428,+14.680,+0.980
1630978440,+3.49,+32.419,+14.934,+0.979
1630978500,+3.49,+32.393,+14.993,+0.982
1630978560,+3.49,+32.419,+14.743,+0.980
1630978620,+3.49,+32.384,+14.640,+0.982
1630978680,+3.49,+32.384,+14.620,+0.982
1630978740,+3.49,+32.375,+14.704,+0.983
1630978800,+3.49,+32.375,+14.632,+0.980
1630978860,+3.49,+32.366,+14.539,+0.980
1630978920,+3.49,+32.366,+14.635,+0.981
1630978980,+3.49,+32.349,+14.712,+0.981
1630979040,+3.49,+32.331,+14.848,+0.981
1630979100,+3.49,+32.331,+14.852,+0.981
1630979160,+3.49,+32.323,+14.926,+0.981
1630979220,+3.49,+32.314,+14.939,+0.984
1630979280,+3.49,+32.323,+14.848,+0.983
1630979340,+3.49,+32.296,+14.808,+0.981
1630979400,+3.49,+32.305,+14.789,+0.983
1630979460,+3.49,+32.270,+14.772,+0.983
1630979520,+3.49,+32.270,+14.751,+0.983
1630979580,+3.49,+32.270,+14.580,+0.982
1630979640,+3.49,+32.270,+14.630,+0.982
1630979700,+3.49,+32.252,+14.518,+0.979
1630979760,+3.49,+32.261,+14.482,+0.982
1630979820,+3.49,+32.252,+14.481,+0.983
1630979880,+3.49,+32.235,+14.685,+0.983
1630979940,+3.49,+32.209,+14.776,+0.983
1630980000,+3.49,+32.209,+14.671,+0.982
1630980060,+3.49,+32.209,+14.553,+0.981
1630980120,+3.49,+32.209,+14.497,+0.981
1630980180,+3.49,+32.191,+14.400,+0.981
1630980240,+3.49,+32.182,+14.309,+0.982
1630980300,+3.49,+32.156,+14.106,+0.981
1630980360,+3.49,+32.174,+14.132,+0.981
1630980420,+3.49,+32.147,+14.216,+0.982
1630980480,+3.49,+32.156,+14.167,+0.981
1630980540,+3.49,+32.147,+14.108,+0.982
1630980600,+3.49,+32.156,+14.124,+0.982
1630980660,+3.49,+32.147,+14.136,+0.983
1630980720,+3.49,+32.112,+14.110,+0.982
1630980780,+3.49,+32.121,+14.076,+0.981
1630980840,+3.49,+32.103,+14.116,+0.982
1630980900,+3.49,+32.103,+14.023,+0.982
1630980960,+3.49,+32.086,+14.003,+0.982
1630981020,+3.49,+32.095,+13.898,+0.983
1630981080,+3.49,+32.103,+13.914,+0.982
1630981140,+3.49,+32.095,+13.936,+0.980
1630981200,+3.49,+32.077,+13.907,+0.979
1630981260,+3.49,+32.077,+13.936,+0.980
1630981320,+3.49,+32.051,+13.922,+0.984
1630981380,+3.49,+32.060,+13.789,+0.984
1630981440,+3.49,+32.051,+13.757,+0.983
1630981500,+3.49,+32.033,+13.824,+0.981
1630981560,+3.49,+32.033,+13.968,+0.984
1630981620,+3.49,+32.007,+13.998,+0.981
1630981680,+3.49,+32.007,+14.009,+0.983
1630981740,+3.49,+32.016,+13.969,+0.981
1630981800,+3.49,+32.007,+14.057,+0.982
1630981860,+3.49,+31.972,+14.134,+0.983
1630981920,+3.49,+31.972,+14.092,+0.982
1630981980,+3.49,+31.981,+14.068,+0.982
1630982040,+3.49,+31.972,+14.127,+0.983
1630982100,+3.49,+31.963,+13.853,+0.982
1630982160,+3.49,+31.946,+13.707,+0.983
1630982220,+3.49,+31.937,+13.650,+0.983
1630982280,+3.49,+31.937,+13.628,+0.984
1630982340,+3.49,+31.928,+13.501,+0.983
1630982400,+3.49,+31.911,+13.400,+0.982
1630982460,+3.49,+31.911,+13.360,+0.983
1630982520,+3.49,+31.911,+13.263,+0.982
1630982580,+3.49,+31.902,+13.288,+0.983
1630982640,+3.49,+31.902,+13.400,+0.981
1630982700,+3.49,+31.867,+13.355,+0.980
1630982760,+3.49,+31.876,+13.351,+0.980
1630982820,+3.49,+31.894,+13.219,+0.980
1630982880,+3.49,+31.885,+13.180,+0.982
1630982940,+3.49,+31.859,+13.223,+0.982
1630983000,+3.49,+31.867,+13.123,+0.980
1630983060,+3.49,+31.850,+13.095,+0.981
1630983120,+3.49,+31.841,+12.975,+0.981
1630983180,+3.49,+31.832,+12.803,+0.982
1630983240,+3.49,+31.832,+12.848,+0.982
1630983300,+3.49,+31.832,+12.802,+0.980
1630983360,+3.49,+31.824,+12.834,+0.982
1630983420,+3.49,+31.806,+12.871,+0.981
1630983480,+3.49,+31.797,+12.875,+0.980
1630983540,+3.49,+31.789,+13.027,+0.980
1630983600,+3.49,+31.780,+13.323,+0.983
1630983660,+3.49,+31.771,+13.450,+0.982
1630983720,+3.49,+31.762,+13.620,+0.981
1630983780,+3.49,+31.754,+13.728,+0.983
1630983840,+3.49,+31.762,+13.609,+0.982
1630983900,+3.49,+31.754,+13.551,+0.983
1630983960,+3.49,+31.728,+13.493,+0.985
1630984020,+3.49,+31.728,+13.457,+0.982
1630984080,+3.49,+31.728,+13.538,+0.981
1630984140,+3.49,+31.710,+13.634,+0.982
1630984200,+3.49,+31.701,+13.599,+0.981
1630984260,+3.49,+31.710,+13.537,+0.982
1630984320,+3.49,+31.693,+13.445,+0.983
1630984380,+3.49,+31.684,+13.227,+0.982
1630984440,+3.49,+31.675,+13.018,+0.981
1630984500,+3.49,+31.675,+12.947,+0.982
1630984560,+3.49,+31.675,+12.838,+0.982
1630984620,+3.49,+31.640,+12.813,+0.980
1630984680,+3.49,+31.666,+12.856,+0.982
1630984740,+3.49,+31.649,+13.008,+0.982
1630984800,+3.49,+31.658,+13.112,+0.982
1630984860,+3.49,+31.632,+13.121,+0.981
1630984920,+3.49,+31.632,+13.055,+0.983
1630984980,+3.49,+31.605,+12.940,+0.982
1630985040,+3.49,+31.605,+12.886,+0.983
1630985100,+3.49,+31.597,+12.843,+0.982
1630985160,+3.49,+31.605,+12.875,+0.983
1630985220,+3.49,+31.597,+12.829,+0.981
1630985280,+3.49,+31.579,+12.863,+0.981
1630985340,+3.49,+31.570,+12.879,+0.983
1630985400,+3.49,+31.562,+12.802,+0.982
1630985460,+3.49,+31.553,+12.725,+0.983
1630985520,+3.49,+31.570,+12.542,+0.981
1630985580,+3.49,+31.562,+12.570,+0.981
1630985640,+3.49,+31.544,+12.614,+0.981
1630985700,+3.49,+31.553,+12.741,+0.983
1630985760,+3.49,+31.527,+12.776,+0.982
1630985820,+3.49,+31.536,+12.688,+0.980
1630985880,+3.49,+31.544,+12.629,+0.982
1630985940,+3.49,+31.518,+12.548,+0.981
1630986000,+3.49,+31.501,+12.634,+0.982
1630986060,+3.49,+31.501,+12.582,+0.980
1630986120,+3.49,+31.492,+12.545,+0.980
1630986180,+3.49,+31.475,+12.437,+0.981
1630986240,+3.49,+31.492,+12.216,+0.980
1630986300,+3.49,+31.475,+12.040,+0.979
1630986360,+3.49,+31.475,+11.805,+0.980
1630986420,+3.49,+31.466,+11.635,+0.980
1630986480,+3.49,+31.466,+11.477,+0.980
1630986540,+3.49,+31.457,+11.301,+0.979
1630986600,+3.49,+31.457,+11.310,+0.979
1630986660,+3.49,+31.431,+11.471,+0.981
1630986720,+3.49,+31.448,+11.567,+0.980
1630986780,+3.49,+31.440,+11.597,+0.980
1630986840,+3.49,+31.422,+11.675,+0.980
1630986900,+3.49,+31.422,+11.753,+0.979
1630986960,+3.49,+31.431,+11.909,+0.979
1630987020,+3.49,+31.414,+12.062,+0.979
1630987080,+3.49,+31.396,+12.046,+0.979
1630987140,+3.49,+31.379,+11.942,+0.978
1630987200,+3.49,+31.379,+11.886,+0.981
1630987260,+3.49,+31.361,+11.767,+0.979
1630987320,+3.49,+31.379,+11.660,+0.979
1630987380,+3.49,+31.361,+11.628,+0.979
1630987440,+3.49,+31.344,+11.482,+0.978
1630987500,+3.49,+31.353,+11.435,+0.981
1630987560,+3.49,+31.335,+11.321,+0.980
1630987620,+3.49,+31.326,+11.194,+0.978
1630987680,+3.49,+31.335,+11.175,+0.979
1630987740,+3.49,+31.318,+11.222,+0.979
1630987800,+3.49,+31.309,+11.207,+0.979
1630987860,+3.49,+31.300,+11.218,+0.978
1630987920,+3.49,+31.309,+11.367,+0.977
1630987980,+3.49,+31.300,+11.416,+0.979
1630988040,+3.49,+31.292,+11.351,+0.979
1630988100,+3.49,+31.292,+11.264,+0.981
1630988160,+3.49,+31.292,+11.100,+0.979
1630988220,+3.49,+31.266,+11.030,+0.980
1630988280,+3.49,+31.283,+10.963,+0.980
1630988340,+3.49,+31.266,+11.047,+0.977
1630988400,+3.49,+31.257,+11.115,+0.979
1630988460,+3.49,+31.257,+11.086,+0.980
1630988520,+3.49,+31.257,+10.922,+0.979
1630988580,+3.49,+31.257,+10.886,+0.981
1630988640,+3.49,+31.231,+10.841,+0.979
1630988700,+3.49,+31.231,+10.922,+0.979
1630988760,+3.49,+31.222,+11.118,+0.979
1630988820,+3.49,+31.213,+11.151,+0.980
1630988880,+3.49,+31.205,+11.021,+0.978
1630988940,+3.49,+31.187,+11.050,+0.978
1630989000,+3.49,+31.179,+11.177,+0.979
1630989060,+3.49,+31.187,+11.237,+0.979
1630989120,+3.49,+31.152,+11.253,+0.980
1630989180,+3.49,+31.170,+11.179,+0.980
1630989240,+3.49,+31.161,+11.103,+0.980
1630989300,+3.49,+31.144,+10.990,+0.979
1630989360,+3.49,+31.144,+10.801,+0.978
1630989420,+3.49,+31.152,+10.647,+0.978
1630989480,+3.49,+31.135,+10.531,+0.978
1630989540,+3.49,+31.135,+10.363,+0.979
1630989600,+3.49,+31.126,+10.175,+0.978
1630989660,+3.49,+31.118,+10.077,+0.978
1630989720,+3.49,+31.135,+10.093,+0.978
1630989780,+3.49,+31.109,+10.090,+0.978
1630989840,+3.49,+31.092, +9.990,+0.978
1630989900,+3.49,+31.109, +9.804,+0.976
1630989960,+3.49,+31.100, +9.737,+0.977
1630990020,+3.49,+31.100, +9.631,+0.977
1630990080,+3.49,+31.100, +9.618,+0.978
1630990140,+3.49,+31.083, +9.972,+0.977
1630990200,+3.49,+31.083,+10.071,+0.978
1630990260,+3.49,+31.057,+10.197,+0.977
1630990320,+3.49,+31.065,+10.345,+0.977
1630990380,+3.49,+31.048,+10.376,+0.976
1630990440,+3.49,+31.039,+10.316,+0.976
1630990500,+3.49,+31.039,+10.138,+0.977
1630990560,+3.49,+31.048,+10.007,+0.977
1630990620,+3.49,+31.031, +9.921,+0.979
1630990680,+3.49,+31.031, +9.912,+0.978
1630990740,+3.49,+31.005,+10.128,+0.977
1630990800,+3.49,+30.987,+10.116,+0.978
1630990860,+3.49,+30.987, +9.927,+0.977
1630990920,+3.49,+30.979, +9.731,+0.976
1630990980,+3.49,+30.979, +9.536,+0.977
1630991040,+3.49,+30.987, +9.420,+0.976
1630991100,+3.49,+30.970, +9.356,+0.976
1630991160,+3.49,+30.970, +9.295,+0.977
1630991220,+3.49,+30.970, +9.276,+0.976
1630991280,+3.49,+30.953, +9.311,+0.977
1630991340,+3.49,+30.961, +9.217,+0.977
1630991400,+3.49,+30.970, +9.082,+0.976
1630991460,+3.49,+30.944, +9.033,+0.976
1630991520,+3.49,+30.935, +9.000,+0.976
1630991580,+3.49,+30.944, +9.024,+0.976
1630991640,+3.49,+30.909, +8.988,+0.976
1630991700,+3.49,+30.900, +9.078,+0.975
1630991760,+3.49,+30.883, +9.138,+0.977
1630991820,+3.49,+30.892, +9.329,+0.977
1630991880,+3.49,+30.883, +9.338,+0.978
1630991940,+3.49,+30.874, +9.255,+0.976
1630992000,+3.49,+30.883, +9.063,+0.975
1630992060,+3.49,+30.874, +8.857,+0.976
1630992120,+3.49,+30.874, +8.662,+0.975
1630992180,+3.49,+30.866, +8.483,+0.976
1630992240,+3.49,+30.874, +8.270,+0.975
1630992300,+3.49,+30.866, +8.134,+0.975
1630992360,+3.49,+30.866, +7.892,+0.974
1630992420,+3.49,+30.848, +7.944,+0.975
1630992480,+3.49,+30.857, +7.984,+0.975
1630992540,+3.49,+30.840, +7.928,+0.975
1630992600,+3.49,+30.840, +7.742,+0.974
1630992660,+3.49,+30.848, +7.723,+0.975
1630992720,+3.49,+30.840, +7.588,+0.975
1630992780,+3.49,+30.822, +7.640,+0.975
1630992840,+3.49,+30.796, +7.514,+0.976
1630992900,+3.49,+30.805, +7.354,+0.975
1630992960,+3.49,+30.814, +7.214,+0.976
1630993020,+3.49,+30.814, +7.057,+0.976
1630993080,+3.49,+30.805, +6.813,+0.976
1630993140,+3.49,+30.805, +6.906,+0.974
1630993200,+3.49,+30.796, +7.238,+0.974
1630993260,+3.49,+30.779, +7.471,+0.975
1630993320,+3.49,+30.770, +7.607,+0.976
1630993380,+3.49,+30.744, +7.891,+0.976
1630993440,+3.49,+30.762, +8.022,+0.977
1630993500,+3.49,+30.736, +8.094,+0.976
1630993560,+3.49,+30.736, +8.286,+0.977
1630993620,+3.49,+30.753, +8.190,+0.977
1630993680,+3.49,+30.736, +7.961,+0.978
1630993740,+3.49,+30.736, +7.870,+0.978
1630993800,+3.49,+30.727, +7.843,+0.978
1630993860,+3.49,+30.710, +7.733,+0.977
1630993920,+3.49,+30.710, +7.694,+0.977
1630993980,+3.49,+30.710, +7.636,+0.977
1630994040,+3.49,+30.692, +7.391,+0.976
1630994100,+3.49,+30.710, +7.092,+0.977
1630994160,+3.49,+30.701, +6.935,+0.976
1630994220,+3.49,+30.692, +6.793,+0.976
1630994280,+3.49,+30.692, +6.793,+0.976
1630994340,+3.49,+30.692, +7.160,+0.975
1630994400,+3.49,+30.684, +7.402,+0.975
1630994460,+3.49,+30.675, +7.605,+0.975
1630994520,+3.49,+30.666, +7.781,+0.976
1630994580,+3.49,+30.649, +7.739,+0.976
1630994640,+3.49,+30.649, +7.709,+0.976
1630994700,+3.49,+30.649, +7.701,+0.976
1630994760,+3.49,+30.640, +7.503,+0.976
1630994820,+3.49,+30.649, +7.124,+0.976
1630994880,+3.49,+30.640, +6.855,+0.975
1630994940,+3.49,+30.632, +6.657,+0.974
1630995000,+3.49,+30.632, +6.674,+0.974
1630995060,+3.49,+30.614, +6.704,+0.973
1630995120,+3.49,+30.614, +6.594,+0.973
1630995180,+3.49,+30.606, +6.453,+0.973
1630995240,+3.49,+30.614, +6.491,+0.972
1630995300,+3.49,+30.588, +6.550,+0.973
1630995360,+3.49,+30.588, +6.564,+0.974
1630995420,+3.49,+30.614, +6.344,+0.974
1630995480,+3.49,+30.597, +6.036,+0.975
1630995540,+3.49,+30.562, +5.788,+0.975
1630995600,+3.49,+30.588, +5.713,+0.974
1630995660,+3.49,+30.571, +6.022,+0.971
1630995720,+3.49,+30.562, +6.254,+0.971
1630995780,+3.49,+30.571, +6.276,+0.974
1630995840,+3.49,+30.545, +6.225,+0.974
1630995900,+3.49,+30.545, +6.128,+0.975
1630995960,+3.49,+30.554, +6.017,+0.974
1630996020,+3.49,+30.545, +6.025,+0.974
1630996080,+3.49,+30.554, +5.983,+0.975
1630996140,+3.49,+30.554, +6.070,+0.974
1630996200,+3.49,+30.528, +6.387,+0.973
1630996260,+3.49,+30.528, +6.387,+0.975
1630996320,+3.49,+30.519, +6.488,+0.974
1630996380,+3.49,+30.510, +7.268,+0.976
1630996440,+3.49,+30.510, +7.093,+0.977
1630996500,+3.49,+30.502, +6.861,+0.978
1630996560,+3.49,+30.519, +6.507,+0.978
1630996620,+3.49,+30.484, +6.204,+0.976
1630996680,+3.49,+30.484, +5.901,+0.976
1630996740,+3.49,+30.484, +5.685,+0.976
1630996800,+3.49,+30.484, +5.593,+0.974
1630996860,+3.49,+30.493, +5.470,+0.974
1630996920,+3.49,+30.484, +5.283,+0.974
1630996980,+3.49,+30.476, +5.044,+0.974
1630997040,+3.49,+30.458, +4.746,+0.974
1630997100,+3.49,+30.467, +4.336,+0.974
1630997160,+3.49,+30.476, +4.092,+0.974
1630997220,+3.49,+30.450, +3.966,+0.974
1630997280,+3.49,+30.458, +3.817,+0.975
1630997340,+3.49,+30.450, +3.690,+0.975
1630997400,+3.49,+30.450, +3.773,+0.975
1630997460,+3.49,+30.441, +3.802,+0.975
1630997520,+3.49,+30.432, +3.852,+0.973
1630997580,+3.49,+30.441, +3.909,+0.974
1630997640,+3.49,+30.441, +4.151,+0.975
1630997700,+3.49,+30.432, +4.195,+0.976
1630997760,+3.49,+30.432, +4.698,+0.969
1630997820,+3.49,+30.415, +5.432,+0.967
1630997880,+3.49,+30.415, +5.879,+0.972
1630997940,+3.49,+30.406, +5.848,+0.975
1630998000,+3.49,+30.406, +5.529,+0.976
1630998060,+3.49,+30.398, +5.476,+0.976
1630998120,+3.49,+30.398, +5.646,+0.974
1630998180,+3.49,+30.406, +5.854,+0.976
1630998240,+3.49,+30.389, +5.840,+0.976
1630998300,+3.49,+30.389, +5.656,+0.976
1630998360,+3.49,+30.389, +5.514,+0.974
1630998420,+3.49,+30.363, +5.381,+0.975
1630998480,+3.49,+30.363, +5.108,+0.975
1630998540,+3.49,+30.355, +5.014,+0.974
1630998600,+3.49,+30.363, +4.984,+0.973
1630998660,+3.49,+30.380, +4.802,+0.972
1630998720,+3.49,+30.372, +4.608,+0.974
1630998780,+3.49,+30.355, +4.372,+0.974
1630998840,+3.49,+30.363, +4.183,+0.973
1630998900,+3.49,+30.337, +4.054,+0.973
1630998960,+3.49,+30.355, +3.883,+0.973
1630999020,+3.49,+30.337, +4.542,+0.970
1630999080,+3.49,+30.337, +4.701,+0.974
1630999140,+3.49,+30.329, +4.572,+0.974
1630999200,+3.49,+30.329, +4.352,+0.974
1630999260,+3.49,+30.329, +4.108,+0.973
1630999320,+3.49,+30.311, +3.871,+0.974
1630999380,+3.49,+30.311, +3.906,+0.974
1630999440,+3.49,+30.303, +3.883,+0.974
1630999500,+3.49,+30.294, +3.819,+0.974
1630999560,+3.49,+30.294, +3.768,+0.972
1630999620,+3.49,+30.285, +3.808,+0.973
1630999680,+3.49,+30.285, +3.807,+0.972
1630999740,+3.49,+30.303, +3.743,+0.973
1630999800,+3.49,+30.285, +3.686,+0.973
1630999860,+3.49,+30.285, +3.508,+0.974
1630999920,+3.49,+30.285, +3.315,+0.974
1630999980,+3.49,+30.268, +3.123,+0.975
1631000040,+3.49,+30.277, +2.983,+0.975
1631000100,+3.49,+30.277, +2.841,+0.974
1631000160,+3.49,+30.268, +2.779,+0.975
1631000220,+3.49,+30.259, +2.720,+0.975
1631000280,+3.49,+30.251, +2.677,+0.975
1631000340,+3.49,+30.259, +2.649,+0.976
1631000400,+3.49,+30.242, +2.545,+0.976
1631000460,+3.49,+30.242, +2.457,+0.976
1631000520,+3.49,+30.251, +2.389,+0.975
1631000580,+3.49,+30.234, +2.450,+0.974
1631000640,+3.49,+30.225, +2.517,+0.973
1631000700,+3.49,+30.216, +2.556,+0.974
1631000760,+3.49,+30.234, +2.547,+0.974
1631000820,+3.49,+30.216, +2.444,+0.975
1631000880,+3.49,+30.216, +2.372,+0.975
1631000940,+3.49,+30.225, +2.462,+0.973
1631001000,+3.49,+30.216, +2.703,+0.972
1631001060,+3.49,+30.199, +2.715,+0.973
1631001120,+3.49,+30.216, +2.683,+0.974
1631001180,+3.49,+30.173, +2.597,+0.974
1631001240,+3.49,+30.190, +2.508,+0.975
1631001300,+3.49,+30.190, +2.338,+0.976
1631001360,+3.49,+30.173, +2.229,+0.976
1631001420,+3.49,+30.173, +2.166,+0.976
1631001480,+3.49,+30.190, +2.077,+0.975
1631001540,+3.49,+30.182, +2.085,+0.974
1631001600,+3.49,+30.164, +2.159,+0.972
1631001660,+3.49,+30.173, +2.296,+0.971
1631001720,+3.49,+30.164, +2.335,+0.973
1631001780,+3.49,+30.147, +2.412,+0.972
1631001840,+3.49,+30.156, +2.561,+0.970
1631001900,+3.49,+30.156, +2.676,+0.971
1631001960,+3.49,+30.156, +2.779,+0.972
1631002020,+3.49,+30.156, +2.805,+0.973
1631002080,+3.49,+30.147, +2.817,+0.973
1631002140,+3.49,+30.130, +2.829,+0.973
1631002200,+3.49,+30.138, +2.770,+0.974
1631002260,+3.49,+30.130, +2.758,+0.974
1631002320,+3.49,+30.130, +2.821,+0.974
1631002380,+3.49,+30.121, +2.909,+0.973
1631002440,+3.49,+30.113, +2.985,+0.974
1631002500,+3.49,+30.113, +2.912,+0.974
1631002560,+3.49,+30.104, +2.844,+0.974
1631002620,+3.49,+30.121, +2.863,+0.975
1631002680,+3.49,+30.104, +2.783,+0.974
1631002740,+3.49,+30.095, +2.763,+0.974
1631002800,+3.49,+30.078, +2.953,+0.971
1631002860,+3.49,+30.078, +3.337,+0.970
1631002920,+3.49,+30.061, +3.289,+0.973
1631002980,+3.49,+30.087, +3.313,+0.972
1631003040,+3.49,+30.043, +3.245,+0.973
1631003100,+3.49,+30.069, +3.168,+0.972
1631003160,+3.49,+30.061, +3.157,+0.972
1631003220,+3.49,+30.043, +3.032,+0.972
1631003280,+3.49,+30.052, +2.871,+0.972
1631003340,+3.49,+30.026, +2.804,+0.972
1631003400,+3.49,+30.035, +2.770,+0.973
1631003460,+3.49,+30.035, +2.724,+0.973
1631003520,+3.49,+30.035, +2.765,+0.974
1631003580,+3.49,+30.026, +2.785,+0.974
1631003640,+3.49,+30.026, +2.758,+0.974
1631003700,+3.49,+30.026, +2.767,+0.974
1631003760,+3.49,+30.018, +2.753,+0.975
1631003820,+3.49,+30.018, +2.673,+0.975
1631003880,+3.49,+30.009, +2.599,+0.975
1631003940,+3.49,+30.000, +2.528,+0.974
1631004000,+3.49,+30.000, +2.485,+0.974
1631004060,+3.49,+30.000, +2.435,+0.975
1631004120,+3.49,+30.009, +2.391,+0.976
1631004180,+3.49,+29.992, +2.384,+0.975
1631004240,+3.49,+30.000, +2.355,+0.974
1631004300,+3.49,+29.992, +2.310,+0.973
1631004360,+3.49,+29.983, +2.254,+0.974
1631004420,+3.49,+29.992, +2.184,+0.975
1631004480,+3.49,+29.974, +2.063,+0.976
1631004540,+3.49,+29.974, +2.030,+0.976
1631004600,+3.49,+29.974, +2.037,+0.976
1631004660,+3.49,+29.966, +1.939,+0.975
1631004720,+3.49,+29.966, +1.897,+0.975
1631004780,+3.49,+29.949, +1.933,+0.975
1631004840,+3.49,+29.931, +1.931,+0.975
1631004900,+3.49,+29.940, +1.985,+0.975
1631004960,+3.49,+29.940, +1.920,+0.975
1631005020,+3.49,+29.940, +1.794,+0.976
1631005080,+3.49,+29.931, +1.658,+0.977
1631005140,+3.49,+29.940, +1.513,+0.977
1631005200,+3.49,+29.931, +1.447,+0.977
1631005260,+3.49,+29.923, +1.433,+0.977
1631005320,+3.49,+29.914, +1.387,+0.977
1631005380,+3.49,+29.914, +1.399,+0.975
1631005440,+3.49,+29.905, +1.466,+0.975
1631005500,+3.49,+29.897, +1.458,+0.976
1631005560,+3.49,+29.897, +1.422,+0.977
1631005620,+3.49,+29.888, +1.366,+0.977
1631005680,+3.49,+29.897, +1.297,+0.978
1631005740,+3.49,+29.897, +1.203,+0.978
1631005800,+3.49,+29.888, +1.121,+0.978
1631005860,+3.49,+29.897, +1.026,+0.977
1631005920,+3.49,+29.888, +0.928,+0.977
1631005980,+3.49,+29.880, +0.857,+0.976
1631006040,+3.49,+29.880, +0.786,+0.975
1631006100,+3.49,+29.871, +0.714,+0.974
1631006160,+3.49,+29.845, +0.643,+0.973
1631006220,+3.49,+29.871, +0.528,+0.973
1631006280,+3.49,+29.854, +0.409,+0.971
1631006340,+3.49,+29.862, +0.385,+0.970
1631006400,+3.49,+29.854, +0.358,+0.971
1631006460,+3.49,+29.845, +0.392,+0.971
1631006520,+3.49,+29.845, +0.369,+0.971
1631006580,+3.49,+29.854, +0.362,+0.971
1631006640,+3.49,+29.836, +0.343,+0.970
1631006700,+3.49,+29.845, +0.381,+0.971
1631006760,+3.49,+29.845, +0.423,+0.972
1631006820,+3.49,+29.845, +0.424,+0.972
1631006880,+3.49,+29.836, +0.410,+0.971
1631006940,+3.49,+29.811, +0.409,+0.972
1631007000,+3.49,+29.819, +0.396,+0.972
1631007060,+3.49,+29.811, +0.405,+0.971
1631007120,+3.49,+29.793, +0.417,+0.971
1631007180,+3.49,+29.811, +0.431,+0.971
1631007240,+3.49,+29.811, +0.427,+0.970
1631007300,+3.49,+29.793, +0.374,+0.971
1631007360,+3.49,+29.793, +0.345,+0.971
1631007420,+3.49,+29.776, +0.365,+0.971
1631007480,+3.49,+29.785, +0.385,+0.971
1631007540,+3.49,+29.768, +0.429,+0.970
1631007600,+3.49,+29.793, +0.686,+0.971
1631007660,+3.49,+29.750, +0.933,+0.971
1631007720,+3.49,+29.742, +1.210,+0.971
1631007780,+3.49,+29.759, +1.432,+0.973
1631007840,+3.49,+29.759, +1.489,+0.976
1631007900,+3.49,+29.742, +1.488,+0.976
1631007960,+3.49,+29.750, +1.542,+0.976
1631008020,+3.49,+29.733, +1.539,+0.977
1631008080,+3.49,+29.750, +1.535,+0.976
1631008140,+3.49,+29.742, +1.536,+0.975
1631008200,+3.49,+29.742, +1.489,+0.975
1631008260,+3.49,+29.733, +1.434,+0.975
1631008320,+3.48,+29.724, +1.438,+0.975
1631008380,+3.48,+29.716, +1.427,+0.975
1631008440,+3.48,+29.724, +1.377,+0.975
1631008500,+3.48,+29.707, +1.322,+0.976
1631008560,+3.48,+29.707, +1.252,+0.977
1631008620,+3.48,+29.707, +1.181,+0.976
1631008680,+3.48,+29.707, +1.152,+0.975
1631008740,+3.48,+29.690, +1.128,+0.976
1631008800,+3.48,+29.699, +1.081,+0.976
1631008860,+3.48,+29.690, +1.022,+0.976
1631008920,+3.48,+29.690, +1.006,+0.975
1631008980,+3.48,+29.681, +1.016,+0.974
1631009040,+3.48,+29.681, +1.077,+0.976
1631009100,+3.48,+29.690, +1.145,+0.976
1631009160,+3.48,+29.673, +1.167,+0.976
1631009220,+3.48,+29.664, +1.132,+0.976
1631009280,+3.48,+29.664, +1.059,+0.975
1631009340,+3.48,+29.664, +0.999,+0.975
1631009400,+3.48,+29.656, +1.453,+0.965
1631009460,+3.48,+29.638, +1.873,+0.967
1631009520,+3.48,+29.630, +1.881,+0.971
1631009580,+3.48,+29.656, +1.795,+0.972
1631009640,+3.48,+29.638, +1.656,+0.974
1631009700,+3.48,+29.638, +1.488,+0.975
1631009760,+3.48,+29.630, +1.404,+0.973
1631009820,+3.48,+29.630, +1.372,+0.972
1631009880,+3.48,+29.613, +1.310,+0.971
1631009940,+3.48,+29.613, +1.250,+0.971
1631010000,+3.48,+29.621, +1.185,+0.972
1631010060,+3.48,+29.621, +1.085,+0.973
1631010120,+3.48,+29.613, +0.967,+0.973
1631010180,+3.48,+29.613, +0.870,+0.973
1631010240,+3.48,+29.613, +0.773,+0.972
1631010300,+3.48,+29.595, +0.686,+0.972
1631010360,+3.48,+29.595, +0.619,+0.972
1631010420,+3.48,+29.587, +1.045,+0.969
1631010480,+3.48,+29.595, +1.231,+0.974
1631010540,+3.48,+29.595, +1.224,+0.973
1631010600,+3.48,+29.595, +1.351,+0.971
1631010660,+3.48,+29.587, +1.372,+0.971
1631010720,+3.48,+29.578, +1.482,+0.968
1631010780,+3.48,+29.569, +1.485,+0.969
1631010840,+3.48,+29.569, +1.517,+0.968
1631010900,+3.48,+29.569, +1.831,+0.969
1631010960,+3.48,+29.535, +2.434,+0.970
1631011020,+3.48,+29.552, +2.476,+0.971
1631011080,+3.48,+29.544, +2.486,+0.972
1631011140,+3.48,+29.544, +2.467,+0.973
1631011200,+3.48,+29.544, +2.424,+0.973
1631011260,+3.48,+29.526, +2.361,+0.972
1631011320,+3.48,+29.509, +2.288,+0.973
1631011380,+3.48,+29.535, +2.207,+0.974
1631011440,+3.48,+29.501, +2.097,+0.975
1631011500,+3.48,+29.518, +2.024,+0.974
1631011560,+3.48,+29.509, +1.991,+0.974
1631011620,+3.49,+29.518, +1.890,+0.974
1631011680,+3.48,+29.518, +1.791,+0.975
1631011740,+3.48,+29.509, +1.702,+0.975
1631011800,+3.48,+29.501, +1.600,+0.976
1631011860,+3.48,+29.501, +1.492,+0.976
1631011920,+3.48,+29.509, +1.403,+0.975
1631011980,+3.48,+29.492, +1.313,+0.976
1631012040,+3.48,+29.475, +1.189,+0.976
1631012100,+3.48,+29.475, +1.081,+0.975
1631012160,+3.49,+29.475, +0.997,+0.974
1631012220,+3.48,+29.458, +0.966,+0.973
1631012280,+3.48,+29.475, +0.906,+0.973
1631012340,+3.48,+29.466, +0.857,+0.973
1631012400,+3.49,+29.458, +0.820,+0.974
1631012460,+3.48,+29.466, +0.847,+0.974
1631012520,+3.48,+29.458, +0.906,+0.973
1631012580,+3.48,+29.449, +0.993,+0.972
1631012640,+3.48,+29.449, +1.017,+0.971
1631012700,+3.49,+29.432, +1.023,+0.972
1631012760,+3.48,+29.440, +1.051,+0.972
1631012820,+3.48,+29.440, +1.038,+0.974
1631012880,+3.48,+29.440, +1.038,+0.973
1631012940,+3.49,+29.415, +1.806,+0.967
1631013000,+3.48,+29.423, +2.245,+0.970
1631013060,+3.49,+29.423, +2.293,+0.973
1631013120,+3.48,+29.415, +2.239,+0.973
1631013180,+3.49,+29.397, +2.118,+0.974
1631013240,+3.48,+29.415, +1.959,+0.974
1631013300,+3.48,+29.406, +1.806,+0.975
1631013360,+3.49,+29.397, +1.649,+0.976
1631013420,+3.49,+29.397, +1.486,+0.977
1631013480,+3.49,+29.406, +1.407,+0.976
1631013540,+3.49,+29.389, +1.422,+0.974
1631013600,+3.49,+29.380, +1.480,+0.973
1631013660,+3.48,+29.389, +1.465,+0.973
1631013720,+3.49,+29.380, +1.475,+0.973
1631013780,+3.49,+29.372, +1.568,+0.973
1631013840,+3.49,+29.372, +1.569,+0.974
1631013900,+3.49,+29.372, +1.548,+0.973
1631013960,+3.48,+29.354, +1.532,+0.974
1631014020,+3.49,+29.372, +1.433,+0.975
1631014080,+3.49,+29.372, +1.332,+0.975
1631014140,+3.49,+29.363, +1.104,+0.977
1631014200,+3.49,+29.354, +0.967,+0.976
1631014260,+3.49,+29.337, +0.966,+0.975
1631014320,+3.49,+29.354, +0.972,+0.975
1631014380,+3.49,+29.346, +0.943,+0.975
1631014440,+3.49,+29.346, +0.883,+0.974
1631014500,+3.49,+29.320, +0.865,+0.974
1631014560,+3.49,+29.320, +0.821,+0.974
1631014620,+3.49,+29.329, +0.784,+0.973
1631014680,+3.49,+29.329, +0.775,+0.973
1631014740,+3.49,+29.312, +1.229,+0.970
1631014800,+3.49,+29.312, +1.491,+0.972
1631014860,+3.49,+29.294, +1.623,+0.974
1631014920,+3.49,+29.303, +1.595,+0.974
1631014980,+3.49,+29.294, +1.531,+0.974
1631015040,+3.49,+29.294, +1.478,+0.973
1631015100,+3.49,+29.294, +1.441,+0.972
1631015160,+3.49,+29.303, +1.372,+0.971
1631015220,+3.49,+29.286, +1.437,+0.970
1631015280,+3.49,+29.286, +1.237,+0.974
1631015340,+3.49,+29.269, +2.029,+0.968
1631015400,+3.49,+29.269, +2.222,+0.971
1631015460,+3.49,+29.251, +2.108,+0.974
1631015520,+3.49,+29.251, +1.911,+0.974
1631015580,+3.49,+29.260, +1.782,+0.974
1631015640,+3.49,+29.251, +1.718,+0.975
1631015700,+3.49,+29.251, +1.861,+0.974
1631015760,+3.49,+29.260, +1.904,+0.975
1631015820,+3.49,+29.234, +2.020,+0.972
1631015880,+3.49,+29.217, +2.175,+0.973
1631015940,+3.49,+29.243, +2.434,+0.972
1631016000,+3.49,+29.226, +2.585,+0.973
1631016060,+3.49,+29.217, +2.680,+0.974
1631016120,+3.49,+29.217, +2.598,+0.975
1631016180,+3.49,+29.208, +2.419,+0.975
1631016240,+3.49,+29.217, +2.336,+0.974
1631016300,+3.49,+29.208, +2.172,+0.975
1631016360,+3.49,+29.208, +2.232,+0.974
1631016420,+3.49,+29.200, +2.281,+0.975
1631016480,+3.49,+29.200, +2.240,+0.976
1631016540,+3.49,+29.191, +2.242,+0.974
1631016600,+3.49,+29.200, +2.543,+0.975
1631016660,+3.49,+29.166, +2.592,+0.976
1631016720,+3.49,+29.191, +2.451,+0.976
1631016780,+3.49,+29.183, +2.283,+0.976
1631016840,+3.49,+29.174, +2.190,+0.977
1631016900,+3.49,+29.191, +2.165,+0.976
1631016960,+3.49,+29.166, +2.436,+0.974
1631017020,+3.49,+29.157, +2.356,+0.976
1631017080,+3.49,+29.166, +2.419,+0.975
1631017140,+3.49,+29.157, +2.243,+0.977
1631017200,+3.49,+29.148, +2.036,+0.977
1631017260,+3.49,+29.157, +1.850,+0.978
1631017320,+3.49,+29.148, +1.989,+0.977
1631017380,+3.49,+29.131, +1.881,+0.977
1631017440,+3.49,+29.148, +1.711,+0.978
1631017500,+3.49,+29.140, +1.725,+0.977
1631017560,+3.49,+29.123, +2.259,+0.974
1631017620,+3.49,+29.131, +2.329,+0.976
1631017680,+3.49,+29.131, +2.163,+0.977
1631017740,+3.49,+29.123, +1.951,+0.978
1631017800,+3.49,+29.140, +2.214,+0.975
1631017860,+3.49,+29.131, +2.239,+0.976
1631017920,+3.49,+29.140, +2.075,+0.977
1631017980,+3.49,+29.131, +1.879,+0.978
1631018040,+3.49,+29.131, +1.660,+0.978
1631018100,+3.49,+29.140, +1.485,+0.979
1631018160,+3.49,+29.114, +1.330,+0.979
1631018220,+3.49,+29.140, +1.206,+0.979
1631018280,+3.49,+29.140, +2.065,+0.972
1631018340,+3.49,+29.131, +2.411,+0.974
1631018400,+3.49,+29.114, +2.358,+0.976
1631018460,+3.49,+29.140, +2.246,+0.977
1631018520,+3.49,+29.123, +2.140,+0.977
1631018580,+3.49,+29.114, +2.002,+0.978
1631018640,+3.49,+29.131, +1.848,+0.978
1631018700,+3.49,+29.131, +1.684,+0.978
1631018760,+3.49,+29.123, +1.544,+0.978
1631018820,+3.49,+29.123, +1.449,+0.978
1631018880,+3.49,+29.131, +1.369,+0.979
1631018940,+3.49,+29.131, +1.281,+0.978
1631019000,+3.49,+29.123, +1.231,+0.978
1631019060,+3.49,+29.140, +1.190,+0.978
1631019120,+3.49,+29.114, +1.182,+0.977
1631019180,+3.49,+29.114, +1.206,+0.977
1631019240,+3.49,+29.114, +1.286,+0.978
1631019300,+3.49,+29.123, +1.351,+0.978
1631019360,+3.49,+29.123, +1.415,+0.978
1631019420,+3.49,+29.105, +1.487,+0.978
1631019480,+3.49,+29.114, +1.528,+0.978
1631019540,+3.49,+29.114, +1.554,+0.978
1631019600,+3.49,+29.105, +1.632,+0.977
1631019660,+3.49,+29.105, +1.875,+0.976
1631019720,+3.49,+29.105, +1.976,+0.978
1631019780,+3.49,+29.097, +2.018,+0.978
1631019840,+3.49,+29.088, +2.071,+0.978
1631019900,+3.49,+29.097, +2.103,+0.977
1631019960,+3.49,+29.071, +2.073,+0.977
1631020020,+3.49,+29.088, +2.068,+0.976
1631020080,+3.49,+29.105, +2.085,+0.976
1631020140,+3.49,+29.105, +2.099,+0.976
1631020200,+3.49,+29.105, +2.098,+0.976
1631020260,+3.49,+29.097, +2.133,+0.976
1631020320,+3.49,+29.097, +2.214,+0.977
1631020380,+3.49,+29.088, +2.301,+0.977
1631020440,+3.49,+29.114, +2.359,+0.976
1631020500,+3.49,+29.088, +2.416,+0.976
1631020560,+3.49,+29.088, +2.479,+0.976
1631020620,+3.49,+29.097, +2.487,+0.976
1631020680,+3.49,+29.105, +2.477,+0.975
1631020740,+3.49,+29.088, +2.486,+0.975
1631020800,+3.49,+29.105, +2.538,+0.975
1631020860,+3.49,+29.097, +2.617,+0.975
1631020920,+3.49,+29.105, +2.732,+0.974
1631020980,+3.49,+29.097, +2.876,+0.974
1631021040,+3.49,+29.088, +3.259,+0.975
1631021100,+3.49,+29.080, +3.461,+0.975
1631021160,+3.49,+29.088, +3.484,+0.974
1631021220,+3.49,+29.088, +3.476,+0.974
1631021280,+3.49,+29.097, +3.467,+0.974
1631021340,+3.49,+29.105, +3.517,+0.974
1631021400,+3.49,+29.105, +3.540,+0.974
1631021460,+3.49,+29.105, +3.600,+0.974
1631021520,+3.49,+29.097, +3.651,+0.974
1631021580,+3.49,+29.097, +3.624,+0.974
1631021640,+3.49,+29.088, +3.579,+0.975
1631021700,+3.49,+29.105, +3.528,+0.975
1631021760,+3.49,+29.097, +3.456,+0.975
1631021820,+3.49,+29.097, +3.375,+0.974
1631021880,+3.49,+29.105, +3.297,+0.974
1631021940,+3.49,+29.088, +3.296,+0.974
1631022000,+3.49,+29.097, +3.293,+0.975
1631022060,+3.49,+29.088, +3.313,+0.975
1631022120,+3.49,+29.088, +3.389,+0.975
1631022180,+3.49,+29.105, +3.444,+0.975
1631022240,+3.49,+29.088, +3.465,+0.975
1631022300,+3.49,+29.097, +3.509,+0.975
1631022360,+3.49,+29.088, +3.578,+0.975
1631022420,+3.49,+29.071, +3.814,+0.975
1631022480,+3.49,+29.063, +3.813,+0.975
1631022540,+3.49,+29.080, +3.836,+0.974
1631022600,+3.49,+29.080, +3.863,+0.975
1631022660,+3.49,+29.080, +3.926,+0.975
1631022720,+3.49,+29.088, +3.951,+0.974
1631022780,+3.49,+29.088, +3.995,+0.974
1631022840,+3.49,+29.105, +4.096,+0.974
1631022900,+3.49,+29.080, +4.323,+0.973
1631022960,+3.49,+29.114, +4.533,+0.972
1631023020,+3.49,+29.114, +4.717,+0.972
1631023080,+3.49,+29.123, +4.930,+0.972
1631023140,+3.49,+29.131, +5.142,+0.972
1631023200,+3.49,+29.131, +5.345,+0.973
1631023260,+3.49,+29.131, +5.551,+0.972
1631023320,+3.48,+29.140, +5.777,+0.973
1631023380,+3.49,+29.148, +5.963,+0.974
1631023440,+3.49,+29.157, +6.096,+0.974
1631023500,+3.48,+29.166, +6.240,+0.974
1631023560,+3.48,+29.166, +6.343,+0.973
1631023620,+3.48,+29.157, +6.392,+0.974
1631023680,+3.48,+29.191, +6.510,+0.974
1631023740,+3.48,+29.208, +6.630,+0.974
1631023800,+3.48,+29.200, +6.697,+0.974
1631023860,+3.48,+29.208, +6.826,+0.974
1631023920,+3.48,+29.208, +7.003,+0.974
1631023980,+3.48,+29.208, +7.148,+0.975
1631024040,+3.48,+29.217, +7.307,+0.976
1631024100,+3.48,+29.226, +7.441,+0.976
1631024160,+3.48,+29.243, +7.557,+0.976
1631024220,+3.48,+29.251, +7.616,+0.976
1631024280,+3.48,+29.269, +7.677,+0.976
1631024340,+3.48,+29.251, +7.778,+0.976
1631024400,+3.48,+29.277, +7.758,+0.977
1631024460,+3.48,+29.277, +7.701,+0.975
1631024520,+3.48,+29.260, +7.545,+0.977
1631024580,+3.48,+29.277, +7.376,+0.976
1631024640,+3.48,+29.277, +7.353,+0.976
1631024700,+3.48,+29.269, +7.394,+0.976
1631024760,+3.48,+29.269, +7.524,+0.976
1631024820,+3.48,+29.286, +7.626,+0.976
1631024880,+3.48,+29.277, +7.766,+0.976
1631024940,+3.48,+29.294, +7.943,+0.976
1631025000,+3.48,+29.294, +8.074,+0.976
1631025060,+3.48,+29.320, +8.207,+0.975
1631025120,+3.48,+29.320, +8.461,+0.976
1631025180,+3.48,+29.320, +8.700,+0.977
1631025240,+3.48,+29.320, +8.984,+0.976
1631025300,+3.48,+29.346, +9.191,+0.977
1631025360,+3.48,+29.354, +9.375,+0.978
1631025420,+3.48,+29.354, +9.482,+0.978
1631025480,+3.48,+29.363, +9.502,+0.978
1631025540,+3.48,+29.363, +9.443,+0.978
1631025600,+3.48,+29.389, +9.484,+0.978
1631025660,+3.48,+29.389, +9.515,+0.979
1631025720,+3.48,+29.389, +9.704,+0.978
1631025780,+3.48,+29.415, +9.757,+0.979
1631025840,+3.48,+29.415, +9.854,+0.979
1631025900,+3.48,+29.432, +9.886,+0.978
1631025960,+3.48,+29.423, +9.922,+0.979
1631026020,+3.48,+29.440,+10.081,+0.978
1631026080,+3.48,+29.432,+10.151,+0.978
1631026140,+3.48,+29.458,+10.188,+0.977
1631026200,+3.48,+29.458,+10.420,+0.978
1631026260,+3.48,+29.483,+10.528,+0.978
1631026320,+3.48,+29.475,+10.593,+0.978
1631026380,+3.48,+29.501,+10.703,+0.978
1631026440,+3.48,+29.483,+10.920,+0.978
1631026500,+3.48,+29.501,+10.645,+0.978
1631026560,+3.48,+29.492,+10.324,+0.978
1631026620,+3.48,+29.483,+10.292,+0.978
1631026680,+3.48,+29.501,+10.452,+0.979
1631026740,+3.48,+29.509,+10.606,+0.977
1631026800,+3.48,+29.501,+10.540,+0.976
1631026860,+3.48,+29.518,+10.685,+0.977
1631026920,+3.48,+29.526,+10.894,+0.977
1631026980,+3.48,+29.535,+11.159,+0.978
1631027040,+3.48,+29.535,+11.345,+0.978
1631027100,+3.48,+29.544,+11.585,+0.980
1631027160,+3.48,+29.552,+11.771,+0.977
1631027220,+3.48,+29.569,+11.974,+0.977
1631027280,+3.48,+29.569,+12.127,+0.979
1631027340,+3.48,+29.595,+12.284,+0.978
1631027400,+3.48,+29.595,+12.158,+0.977
1631027460,+3.48,+29.604,+12.151,+0.977
1631027520,+3.48,+29.604,+12.133,+0.978
1631027580,+3.48,+29.621,+12.046,+0.978
1631027640,+3.48,+29.613,+11.731,+0.978
1631027700,+3.48,+29.604,+11.321,+0.979
1631027760,+3.48,+29.595,+11.013,+0.977
1631027820,+3.48,+29.578,+10.930,+0.977
1631027880,+3.48,+29.578,+10.889,+0.980
1631027940,+3.48,+29.604,+10.714,+0.977
1631028000,+3.48,+29.613,+10.701,+0.977
1631028060,+3.48,+29.604,+10.651,+0.977
1631028120,+3.48,+29.604,+10.674,+0.978
1631028180,+3.48,+29.613,+10.745,+0.978
1631028240,+3.48,+29.621,+10.994,+0.977
1631028300,+3.48,+29.638,+11.229,+0.978
1631028360,+3.48,+29.656,+11.332,+0.978
1631028420,+3.48,+29.647,+11.388,+0.979
1631028480,+3.48,+29.647,+11.203,+0.978
1631028540,+3.48,+29.647,+11.125,+0.977
1631028600,+3.48,+29.647,+11.212,+0.979
1631028660,+3.48,+29.673,+11.261,+0.979
1631028720,+3.48,+29.681,+11.321,+0.981
1631028780,+3.48,+29.681,+11.411,+0.979
1631028840,+3.48,+29.681,+11.512,+0.980
1631028900,+3.48,+29.673,+11.480,+0.979
1631028960,+3.48,+29.699,+11.573,+0.978
1631029020,+3.48,+29.699,+11.818,+0.978
1631029080,+3.48,+29.716,+11.835,+0.977
1631029140,+3.48,+29.733,+11.855,+0.978
1631029200,+3.48,+29.724,+12.009,+0.979
1631029260,+3.48,+29.742,+12.201,+0.978
1631029320,+3.48,+29.750,+12.389,+0.978
1631029380,+3.48,+29.785,+12.634,+0.979
1631029440,+3.48,+29.776,+12.787,+0.980
1631029500,+3.48,+29.793,+12.897,+0.980
1631029560,+3.48,+29.811,+13.055,+0.980
1631029620,+3.48,+29.828,+13.206,+0.980
1631029680,+3.48,+29.845,+13.442,+0.981
1631029740,+3.48,+29.888,+13.773,+0.981
1631029800,+3.49,+29.888,+14.132,+0.981
1631029860,+3.49,+29.880,+13.763,+0.979
1631029920,+3.48,+29.905,+13.920,+0.981
1631029980,+3.48,+29.923,+14.248,+0.980
1631030040,+3.48,+29.923,+14.529,+0.982
1631030100,+3.49,+29.949,+14.330,+0.979
1631030160,+3.48,+29.931,+14.079,+0.979
1631030220,+3.48,+29.949,+14.187,+0.979
1631030280,+3.48,+29.949,+14.292,+0.978
1631030340,+3.48,+29.949,+14.192,+0.980
1631030400,+3.49,+29.966,+14.127,+0.979
1631030460,+3.49,+29.966,+14.279,+0.978
1631030520,+3.48,+29.957,+13.788,+0.978
1631030580,+3.48,+29.974,+14.007,+0.980
1631030640,+3.48,+30.000,+14.270,+0.980
1631030700,+3.48,+29.974,+14.399,+0.979
1631030760,+3.48,+29.992,+14.529,+0.980
1631030820,+3.48,+30.000,+14.671,+0.979
1631030880,+3.49,+30.009,+13.709,+0.979
1631030940,+3.48,+30.000,+13.507,+0.978
1631031000,+3.48,+30.000,+13.184,+0.979
1631031060,+3.48,+30.026,+12.538,+0.980
1631031120,+3.48,+30.018,+12.465,+0.980
1631031180,+3.48,+30.043,+12.992,+0.977
1631031240,+3.48,+30.069,+13.594,+0.977
1631031300,+3.48,+30.095,+14.160,+0.979
1631031360,+3.48,+30.113,+14.585,+0.979
1631031420,+3.48,+30.138,+14.768,+0.977
1631031480,+3.48,+30.138,+14.862,+0.979
1631031540,+3.48,+30.173,+14.974,+0.979
1631031600,+3.48,+30.216,+15.127,+0.980
1631031660,+3.48,+30.259,+15.400,+0.979
1631031720,+3.48,+30.294,+15.709,+0.981
1631031780,+3.48,+30.303,+15.946,+0.980
1631031840,+3.48,+30.303,+15.963,+0.981
1631031900,+3.48,+30.277,+14.848,+0.980
1631031960,+3.48,+30.259,+14.986,+0.981
1631032020,+3.48,+30.251,+15.089,+0.981
1631032080,+3.48,+30.225,+15.187,+0.980
1631032140,+3.48,+30.208,+14.076,+0.981
1631032200,+3.48,+30.156,+12.748,+0.981
1631032260,+3.48,+30.121,+11.683,+0.978
1631032320,+3.48,+30.095,+11.089,+0.979
1631032380,+3.48,+30.078,+10.617,+0.980
1631032440,+3.48,+30.061,+10.857,+0.980
1631032500,+3.48,+30.043,+11.615,+0.980
1631032560,+3.48,+30.052,+11.108,+0.979
1631032620,+3.48,+30.026,+10.554,+0.979
1631032680,+3.48,+30.035,+10.196,+0.979
1631032740,+3.48,+30.026, +9.873,+0.979
1631032800,+3.48,+30.000, +9.617,+0.978
1631032860,+3.48,+30.000, +9.377,+0.978
1631032920,+3.48,+29.983, +9.161,+0.977
1631032980,+3.48,+30.000, +9.114,+0.977
1631033040,+3.48,+30.009,+10.074,+0.978
1631033100,+3.48,+30.000,+11.211,+0.978
1631033160,+3.48,+30.035,+12.032,+0.977
1631033220,+3.48,+30.069,+12.917,+0.980
1631033280,+3.48,+30.104,+13.722,+0.980
1631033340,+3.48,+30.130,+14.304,+0.982
1631033400,+3.48,+30.138,+14.441,+0.979
1631033460,+3.48,+30.147,+14.683,+0.979
1631033520,+3.48,+30.182,+14.950,+0.980
1631033580,+3.48,+30.216,+15.491,+0.980
1631033640,+3.48,+30.242,+16.117,+0.982
1631033700,+3.48,+30.268,+16.561,+0.981
1631033760,+3.48,+30.303,+16.975,+0.982
1631033820,+3.48,+30.320,+17.149,+0.980
1631033880,+3.48,+30.329,+17.396,+0.983
1631033940,+3.48,+30.372,+17.325,+0.981
1631034000,+3.48,+30.406,+17.459,+0.980
1631034060,+3.48,+30.424,+17.719,+0.981
1631034120,+3.48,+30.432,+17.955,+0.982
1631034180,+3.48,+30.458,+18.029,+0.982
1631034240,+3.48,+30.467,+17.614,+0.981
1631034300,+3.48,+30.467,+17.326,+0.979
1631034360,+3.48,+30.484,+17.164,+0.981
1631034420,+3.48,+30.484,+17.195,+0.981
1631034480,+3.48,+30.502,+17.290,+0.981
1631034540,+3.48,+30.519,+17.339,+0.981
1631034600,+3.48,+30.519,+17.468,+0.979
1631034660,+3.48,+30.545,+17.665,+0.982
1631034720,+3.48,+30.554,+17.833,+0.983
1631034780,+3.48,+30.554,+17.846,+0.983
1631034840,+3.48,+30.606,+17.730,+0.983
1631034900,+3.48,+30.597,+17.667,+0.983
1631034960,+3.48,+30.632,+17.605,+0.981
1631035020,+3.48,+30.658,+17.613,+0.981
1631035080,+3.48,+30.666,+17.751,+0.981
1631035140,+3.48,+30.692,+17.889,+0.982
1631035200,+3.48,+30.710,+17.729,+0.983
1631035260,+3.48,+30.727,+17.658,+0.981
1631035320,+3.48,+30.762,+17.864,+0.979
1631035380,+3.48,+30.770,+18.233,+0.982
1631035440,+3.48,+30.796,+18.485,+0.983
1631035500,+3.48,+30.796,+18.539,+0.981
1631035560,+3.48,+30.788,+18.645,+0.982
1631035620,+3.48,+30.788,+18.683,+0.984
1631035680,+3.48,+30.796,+18.782,+0.984
1631035740,+3.48,+30.805,+18.836,+0.983
1631035800,+3.48,+30.805,+18.843,+0.983
1631035860,+3.48,+30.805,+18.780,+0.980
1631035920,+3.48,+30.788,+18.118,+0.978
1631035980,+3.48,+30.796,+18.148,+0.981
1631036040,+3.48,+30.822,+18.312,+0.980
1631036100,+3.48,+30.848,+18.606,+0.979
1631036160,+3.48,+30.883,+18.856,+0.980
1631036220,+3.48,+30.900,+19.110,+0.980
1631036280,+3.48,+30.935,+19.369,+0.982
1631036340,+3.48,+30.970,+19.598,+0.981
1631036400,+3.48,+30.987,+19.862,+0.983
1631036460,+3.48,+30.996,+20.009,+0.983
1631036520,+3.48,+31.039,+20.100,+0.982
1631036580,+3.48,+31.048,+20.167,+0.982
1631036640,+3.48,+31.083,+20.291,+0.983
1631036700,+3.48,+31.100,+20.356,+0.984
1631036760,+3.48,+31.092,+20.306,+0.981
1631036820,+3.48,+31.100,+20.284,+0.983
1631036880,+3.48,+31.109,+20.049,+0.980
1631036940,+3.48,+31.118,+19.723,+0.981
1631037000,+3.48,+31.092,+19.616,+0.982
1631037060,+3.48,+31.109,+19.671,+0.983
1631037120,+3.48,+31.092,+19.714,+0.983
1631037180,+3.48,+31.083,+19.671,+0.982
1631037240,+3.48,+31.057,+19.604,+0.983
1631037300,+3.48,+31.074,+19.369,+0.982
1631037360,+3.48,+31.074,+19.453,+0.982
1631037420,+3.48,+31.092,+19.537,+0.982
1631037480,+3.48,+31.100,+19.727,+0.983
1631037540,+3.48,+31.083,+18.711,+0.986
1631037600,+3.48,+31.100,+18.067,+0.983
1631037660,+3.48,+31.100,+18.479,+0.984
1631037720,+3.48,+31.109,+18.833,+0.983
1631037780,+3.48,+31.109,+19.182,+0.983
1631037840,+3.48,+31.152,+19.498,+0.983
1631037900,+3.48,+31.187,+19.811,+0.984
1631037960,+3.48,+31.196,+20.107,+0.983
1631038020,+3.48,+31.213,+20.294,+0.981
1631038080,+3.48,+31.222,+20.525,+0.982
1631038140,+3.48,+31.248,+20.599,+0.982
1631038200,+3.48,+31.274,+20.537,+0.981
1631038260,+3.48,+31.283,+20.679,+0.984
1631038320,+3.48,+31.300,+20.523,+0.982
1631038380,+3.48,+31.266,+19.921,+0.982
1631038440,+3.48,+31.248,+19.663,+0.980
1631038500,+3.48,+31.257,+19.799,+0.981
1631038560,+3.48,+31.248,+20.065,+0.984
1631038620,+3.48,+31.248,+20.055,+0.982
1631038680,+3.48,+31.231,+20.199,+0.985
1631038740,+3.48,+31.231,+20.166,+0.981
1631038800,+3.48,+31.257,+20.392,+0.984
1631038860,+3.48,+31.257,+20.389,+0.982
1631038920,+3.48,+31.248,+20.529,+0.982
1631038980,+3.48,+31.274,+20.771,+0.985
1631039040,+3.48,+31.300,+20.847,+0.984
1631039100,+3.48,+31.335,+20.980,+0.983
1631039160,+3.48,+31.353,+21.084,+0.982
1631039220,+3.48,+31.396,+21.233,+0.983
1631039280,+3.48,+31.422,+21.349,+0.980
1631039340,+3.48,+31.431,+21.684,+0.982
1631039400,+3.48,+31.475,+22.096,+0.983
1631039460,+3.48,+31.501,+22.443,+0.985
1631039520,+3.48,+31.544,+22.581,+0.984
1631039580,+3.48,+31.562,+22.312,+0.982
1631039640,+3.48,+31.597,+22.175,+0.983
1631039700,+3.48,+31.605,+21.915,+0.981
1631039760,+3.48,+31.632,+22.048,+0.982
1631039820,+3.48,+31.640,+22.155,+0.983
1631039880,+3.48,+31.675,+22.294,+0.982
1631039940,+3.48,+31.701,+22.442,+0.983
1631040000,+3.48,+31.710,+22.345,+0.981
1631040060,+3.48,+31.728,+22.500,+0.984
1631040120,+3.48,+31.762,+22.351,+0.981
1631040180,+3.48,+31.771,+22.454,+0.983
1631040240,+3.48,+31.789,+22.476,+0.982
1631040300,+3.48,+31.797,+22.395,+0.981
1631040360,+3.48,+31.771,+22.133,+0.982
1631040420,+3.48,+31.745,+21.793,+0.981
1631040480,+3.48,+31.745,+21.785,+0.980
1631040540,+3.48,+31.754,+21.937,+0.982
1631040600,+3.48,+31.736,+22.172,+0.983
1631040660,+3.48,+31.754,+22.201,+0.981
1631040720,+3.48,+31.754,+22.087,+0.981
1631040780,+3.48,+31.780,+22.257,+0.983
1631040840,+3.48,+31.797,+22.320,+0.982
1631040900,+3.48,+31.797,+22.412,+0.980
1631040960,+3.48,+31.841,+22.636,+0.985
1631041020,+3.48,+31.850,+22.718,+0.982
1631041080,+3.48,+31.850,+22.666,+0.983
1631041140,+3.48,+31.867,+22.654,+0.982
1631041200,+3.48,+31.894,+22.882,+0.983
1631041260,+3.48,+31.902,+23.278,+0.983
1631041320,+3.48,+31.937,+23.529,+0.982
1631041380,+3.48,+31.955,+23.567,+0.982
1631041440,+3.48,+31.990,+23.492,+0.983
1631041500,+3.48,+32.016,+23.531,+0.983
1631041560,+3.48,+32.007,+23.373,+0.984
1631041620,+3.48,+32.042,+22.980,+0.981
1631041680,+3.48,+32.051,+22.929,+0.979
1631041740,+3.48,+32.060,+23.225,+0.982
1631041800,+3.48,+32.060,+23.550,+0.982
1631041860,+3.48,+32.103,+23.706,+0.982
1631041920,+3.48,+32.086,+23.935,+0.985
1631041980,+3.48,+32.068,+23.810,+0.983
1631042040,+3.48,+32.077,+23.502,+0.980
1631042100,+3.48,+32.051,+23.353,+0.983
1631042160,+3.48,+32.025,+23.092,+0.981
1631042220,+3.48,+32.016,+23.025,+0.981
1631042280,+3.48,+32.025,+22.990,+0.983
1631042340,+3.48,+32.025,+23.220,+0.983
1631042400,+3.48,+32.025,+23.440,+0.982
1631042460,+3.48,+32.060,+23.763,+0.984
1631042520,+3.48,+32.077,+23.882,+0.984
1631042580,+3.48,+32.095,+24.024,+0.984
1631042640,+3.48,+32.112,+23.979,+0.980
1631042700,+3.48,+32.147,+24.271,+0.983
1631042760,+3.48,+32.191,+24.583,+0.984
1631042820,+3.48,+32.235,+24.776,+0.984
1631042880,+3.48,+32.270,+24.853,+0.983
1631042940,+3.48,+32.305,+24.921,+0.980
1631043000,+3.48,+32.296,+25.314,+0.984
1631043060,+3.48,+32.331,+25.170,+0.980
1631043120,+3.48,+32.331,+25.230,+0.980
1631043180,+3.48,+32.305,+24.676,+0.981
1631043240,+3.48,+32.340,+24.267,+0.979
1631043300,+3.48,+32.358,+24.208,+0.981
1631043360,+3.48,+32.375,+24.209,+0.979
1631043420,+3.48,+32.384,+24.362,+0.984
1631043480,+3.48,+32.393,+23.986,+0.979
1631043540,+3.48,+32.410,+24.091,+0.982
1631043600,+3.48,+32.463,+23.966,+0.983
1631043660,+3.48,+32.498,+23.845,+0.984
1631043720,+3.48,+32.533,+23.816,+0.981
1631043780,+3.48,+32.507,+23.936,+0.982
1631043840,+3.48,+32.507,+23.594,+0.984
1631043900,+3.48,+32.524,+23.615,+0.982
1631043960,+3.48,+32.489,+23.534,+0.980
1631044020,+3.48,+32.454,+23.724,+0.983
1631044080,+3.48,+32.454,+23.820,+0.981
1631044140,+3.48,+32.437,+23.849,+0.983
1631044200,+3.48,+32.393,+23.871,+0.983
1631044260,+3.48,+32.428,+23.867,+0.983
1631044320,+3.48,+32.410,+23.908,+0.980
1631044380,+3.48,+32.437,+24.062,+0.981
1631044440,+3.48,+32.463,+24.189,+0.983
1631044500,+3.48,+32.498,+24.241,+0.982
1631044560,+3.48,+32.516,+24.423,+0.983
1631044620,+3.48,+32.551,+24.496,+0.983
1631044680,+3.48,+32.568,+24.438,+0.979
1631044740,+3.48,+32.559,+24.569,+0.983
1631044800,+3.48,+32.568,+24.576,+0.982
1631044860,+3.48,+32.559,+24.699,+0.985
1631044920,+3.48,+32.612,+24.618,+0.983
1631044980,+3.48,+32.595,+24.480,+0.981
1631045040,+3.48,+32.603,+24.417,+0.981
1631045100,+3.48,+32.612,+24.659,+0.981
1631045160,+3.48,+32.621,+24.814,+0.982
1631045220,+3.48,+32.630,+25.085,+0.983
1631045280,+3.48,+32.639,+25.226,+0.983
1631045340,+3.48,+32.656,+25.149,+0.978
1631045400,+3.48,+32.674,+25.439,+0.982
1631045460,+3.48,+32.691,+25.429,+0.981
1631045520,+3.48,+32.718,+25.600,+0.981
1631045580,+3.48,+32.762,+25.645,+0.980
1631045640,+3.48,+32.788,+25.718,+0.982
1631045700,+3.48,+32.797,+25.670,+0.983
1631045760,+3.48,+32.806,+25.449,+0.979
1631045820,+3.48,+32.814,+25.270,+0.981
1631045880,+3.48,+32.788,+25.051,+0.982
1631045940,+3.48,+32.770,+24.879,+0.981
1631046000,+3.48,+32.762,+24.860,+0.984
1631046060,+3.48,+32.735,+24.840,+0.986
1631046120,+3.48,+32.735,+24.627,+0.980
1631046180,+3.48,+32.770,+24.641,+0.979
1631046240,+3.48,+32.797,+24.889,+0.982
1631046300,+3.48,+32.832,+24.972,+0.982
1631046360,+3.48,+32.858,+25.056,+0.983
1631046420,+3.48,+32.858,+25.104,+0.983
1631046480,+3.48,+32.867,+25.031,+0.984
1631046540,+3.48,+32.876,+24.920,+0.980
1631046600,+3.48,+32.894,+24.953,+0.981
1631046660,+3.48,+32.876,+24.969,+0.980
1631046720,+3.48,+32.894,+24.962,+0.978
1631046780,+3.48,+32.902,+25.049,+0.982
1631046840,+3.48,+32.911,+25.010,+0.981
1631046900,+3.48,+32.885,+25.026,+0.982
1631046960,+3.48,+32.902,+24.988,+0.979
1631047020,+3.48,+32.938,+25.011,+0.982
1631047080,+3.48,+32.973,+24.985,+0.981
1631047140,+3.48,+32.973,+24.864,+0.981
1631047200,+3.48,+32.999,+24.462,+0.977
1631047260,+3.48,+33.008,+24.269,+0.978
1631047320,+3.48,+33.026,+24.262,+0.980
1631047380,+3.48,+33.061,+24.231,+0.981
1631047440,+3.48,+33.061,+24.147,+0.979
1631047500,+3.48,+33.096,+24.233,+0.983
1631047560,+3.48,+33.123,+24.249,+0.979
1631047620,+3.48,+33.132,+24.442,+0.977
1631047680,+3.48,+33.132,+24.934,+0.981
1631047740,+3.49,+33.176,+25.406,+0.980
1631047800,+3.49,+33.246,+25.866,+0.983
1631047860,+3.49,+33.290,+26.101,+0.982
1631047920,+3.49,+33.317,+26.069,+0.979
1631047980,+3.49,+33.326,+26.238,+0.978
1631048040,+3.49,+33.326,+26.452,+0.981
1631048100,+3.49,+33.317,+26.466,+0.978
1631048160,+3.49,+33.299,+26.329,+0.979
1631048220,+3.49,+33.282,+26.171,+0.979
1631048280,+3.49,+33.282,+26.205,+0.980
1631048340,+3.49,+33.290,+26.000,+0.976
1631048400,+3.49,+33.335,+26.097,+0.979
1631048460,+3.49,+33.352,+26.117,+0.978
1631048520,+3.49,+33.335,+26.421,+0.980
1631048580,+3.49,+33.308,+26.527,+0.976
1631048640,+3.49,+33.299,+26.709,+0.979
1631048700,+3.49,+33.299,+26.411,+0.975
1631048760,+3.49,+33.273,+26.485,+0.978
1631048820,+3.49,+33.282,+26.593,+0.981
1631048880,+3.49,+33.255,+26.643,+0.981
1631048940,+3.49,+33.255,+26.613,+0.979
1631049000,+3.49,+33.246,+26.557,+0.977
1631049060,+3.49,+33.229,+26.624,+0.980
1631049120,+3.49,+33.246,+26.589,+0.981
1631049180,+3.49,+33.237,+26.586,+0.981
1631049240,+3.49,+33.237,+26.454,+0.978
1631049300,+3.49,+33.246,+26.442,+0.979
1631049360,+3.49,+33.273,+26.446,+0.980
1631049420,+3.49,+33.282,+26.819,+0.983
1631049480,+3.49,+33.282,+26.902,+0.982
1631049540,+3.49,+33.317,+26.733,+0.978
1631049600,+3.49,+33.335,+26.819,+0.979
1631049660,+3.49,+33.343,+27.098,+0.978
1631049720,+3.49,+33.379,+27.430,+0.979
1631049780,+3.49,+33.370,+27.747,+0.982
1631049840,+3.49,+33.370,+27.773,+0.981
1631049900,+3.49,+33.343,+27.809,+0.981
1631049960,+3.49,+33.326,+27.416,+0.975
1631050020,+3.49,+33.326,+27.709,+0.981
1631050080,+3.49,+33.335,+27.582,+0.979
1631050140,+3.49,+33.335,+27.448,+0.979
1631050200,+3.49,+33.308,+27.491,+0.983
1631050260,+3.49,+33.317,+27.294,+0.980
1631050320,+3.49,+33.299,+27.207,+0.979
1631050380,+3.49,+33.326,+27.280,+0.981
1631050440,+3.49,+33.396,+27.425,+0.980
1631050500,+3.49,+33.432,+27.738,+0.980
1631050560,+3.49,+33.458,+27.871,+0.980
1631050620,+3.49,+33.467,+28.071,+0.980
1631050680,+3.49,+33.494,+27.952,+0.978
1631050740,+3.49,+33.476,+27.893,+0.978
1631050800,+3.49,+33.494,+28.022,+0.983
1631050860,+3.49,+33.503,+27.976,+0.983
1631050920,+3.49,+33.520,+27.864,+0.981
1631050980,+3.49,+33.503,+27.659,+0.979
1631051040,+3.49,+33.511,+27.409,+0.978
1631051100,+3.49,+33.476,+27.591,+0.983
1631051160,+3.49,+33.529,+27.674,+0.982
1631051220,+3.49,+33.556,+27.673,+0.981
1631051280,+3.49,+33.529,+27.654,+0.979
1631051340,+3.48,+33.591,+27.921,+0.981
1631051400,+3.48,+33.591,+27.971,+0.983
1631051460,+3.48,+33.644,+28.025,+0.981
1631051520,+3.48,+33.662,+27.943,+0.978
1631051580,+3.48,+33.688,+27.656,+0.976
1631051640,+3.48,+33.662,+27.300,+0.979
1631051700,+3.48,+33.662,+27.056,+0.979
1631051760,+3.48,+33.653,+26.861,+0.978
1631051820,+3.48,+33.688,+26.785,+0.978
1631051880,+3.48,+33.688,+27.195,+0.982
1631051940,+3.48,+33.671,+27.024,+0.978
1631052000,+3.48,+33.697,+27.149,+0.976
1631052060,+3.48,+33.697,+27.300,+0.977
1631052120,+3.48,+33.706,+27.195,+0.977
1631052180,+3.48,+33.733,+27.206,+0.980
1631052240,+3.48,+33.715,+27.215,+0.979
1631052300,+3.48,+33.750,+27.023,+0.977
1631052360,+3.48,+33.733,+27.035,+0.978
1631052420,+3.48,+33.724,+27.093,+0.979
1631052480,+3.48,+33.697,+26.897,+0.977
1631052540,+3.49,+33.671,+26.975,+0.982
1631052600,+3.48,+33.680,+26.657,+0.978
1631052660,+3.48,+33.706,+26.251,+0.974
1631052720,+3.48,+33.715,+26.222,+0.980
1631052780,+3.48,+33.733,+25.920,+0.979
1631052840,+3.48,+33.706,+25.735,+0.979
1631052900,+3.48,+33.706,+25.648,+0.980
1631052960,+3.48,+33.715,+25.470,+0.979
1631053020,+3.48,+33.733,+25.101,+0.976
1631053080,+3.48,+33.759,+24.793,+0.977
1631053140,+3.48,+33.750,+24.824,+0.978
1631053200,+3.48,+33.742,+24.839,+0.979
1631053260,+3.48,+33.715,+24.898,+0.978
1631053320,+3.48,+33.715,+24.987,+0.978
1631053380,+3.49,+33.688,+25.311,+0.980
1631053440,+3.49,+33.680,+25.803,+0.983
1631053500,+3.48,+33.706,+25.630,+0.978
1631053560,+3.49,+33.724,+25.422,+0.976
1631053620,+3.49,+33.733,+25.245,+0.978
1631053680,+3.48,+33.804,+25.091,+0.979
1631053740,+3.48,+33.812,+24.966,+0.980
1631053800,+3.48,+33.821,+25.042,+0.979
1631053860,+3.48,+33.804,+25.408,+0.979
1631053920,+3.48,+33.830,+25.423,+0.977
1631053980,+3.48,+33.839,+25.556,+0.981
1631054040,+3.48,+33.821,+25.344,+0.976
1631054100,+3.48,+33.821,+25.252,+0.976
1631054160,+3.48,+33.795,+25.293,+0.980
1631054220,+3.48,+33.750,+25.093,+0.975
1631054280,+3.49,+33.742,+25.154,+0.979
1631054340,+3.48,+33.768,+25.099,+0.981
1631054400,+3.49,+33.786,+24.797,+0.980
1631054460,+3.48,+33.830,+24.359,+0.980
1631054520,+3.48,+33.821,+23.842,+0.979
1631054580,+3.48,+33.804,+23.620,+0.977
1631054640,+3.48,+33.830,+23.617,+0.982
1631054700,+3.48,+33.848,+23.240,+0.979
1631054760,+3.48,+33.839,+22.859,+0.976
1631054820,+3.48,+33.830,+22.799,+0.979
1631054880,+3.48,+33.848,+22.601,+0.980
1631054940,+3.48,+33.830,+22.215,+0.977
1631055000,+3.48,+33.804,+22.105,+0.978
1631055060,+3.48,+33.768,+22.399,+0.982
1631055120,+3.49,+33.742,+22.531,+0.976
1631055180,+3.49,+33.742,+22.891,+0.980
1631055240,+3.49,+33.724,+23.053,+0.980
1631055300,+3.49,+33.715,+23.084,+0.978
1631055360,+3.49,+33.715,+23.013,+0.978
1631055420,+3.49,+33.768,+22.775,+0.979
1631055480,+3.49,+33.759,+22.582,+0.978
1631055540,+3.49,+33.768,+22.806,+0.978
1631055600,+3.49,+33.768,+23.311,+0.979
1631055660,+3.48,+33.786,+23.650,+0.978
1631055720,+3.48,+33.839,+23.681,+0.980
1631055780,+3.48,+33.839,+23.440,+0.978
1631055840,+3.48,+33.821,+23.448,+0.979
1631055900,+3.49,+33.795,+23.203,+0.977
1631055960,+3.49,+33.777,+23.275,+0.978
1631056020,+3.49,+33.759,+23.257,+0.978
1631056080,+3.49,+33.786,+23.101,+0.979
1631056140,+3.49,+33.795,+22.841,+0.976
1631056200,+3.49,+33.804,+22.876,+0.980
1631056260,+3.49,+33.768,+22.967,+0.982
1631056320,+3.49,+33.795,+23.215,+0.976
1631056380,+3.49,+33.812,+23.447,+0.975
1631056440,+3.48,+33.857,+23.816,+0.982
1631056500,+3.48,+33.892,+23.868,+0.978
1631056560,+3.49,+33.874,+23.650,+0.978
1631056620,+3.48,+33.857,+23.232,+0.976
1631056680,+3.49,+33.812,+23.056,+0.977
1631056740,+3.49,+33.804,+22.913,+0.976
1631056800,+3.49,+33.804,+22.864,+0.981
1631056860,+3.49,+33.795,+22.562,+0.980
1631056920,+3.49,+33.786,+22.059,+0.974
1631056980,+3.49,+33.750,+22.313,+0.980
1631057040,+3.49,+33.697,+22.282,+0.976
1631057100,+3.49,+33.680,+22.655,+0.979
1631057160,+3.49,+33.688,+23.129,+0.980
1631057220,+3.49,+33.706,+23.078,+0.979
1631057280,+3.49,+33.715,+22.822,+0.980
1631057340,+3.49,+33.706,+22.541,+0.979
1631057400,+3.49,+33.688,+22.424,+0.978
1631057460,+3.49,+33.662,+22.465,+0.982
1631057520,+3.49,+33.662,+22.248,+0.979
1631057580,+3.49,+33.662,+22.096,+0.978
1631057640,+3.49,+33.671,+22.106,+0.980
1631057700,+3.49,+33.653,+21.988,+0.978
1631057760,+3.49,+33.635,+21.981,+0.979
1631057820,+3.49,+33.626,+21.858,+0.978
1631057880,+3.49,+33.626,+21.823,+0.978
1631057940,+3.49,+33.635,+21.807,+0.980
1631058000,+3.49,+33.635,+21.705,+0.980
1631058060,+3.49,+33.626,+21.512,+0.977
1631058120,+3.49,+33.618,+21.435,+0.978
1631058180,+3.49,+33.609,+21.376,+0.978
1631058240,+3.49,+33.582,+21.426,+0.980
1631058300,+3.49,+33.573,+21.455,+0.981
1631058360,+3.49,+33.547,+21.169,+0.977
1631058420,+3.49,+33.494,+21.118,+0.980
1631058480,+3.49,+33.485,+21.046,+0.978
1631058540,+3.49,+33.485,+21.001,+0.980
1631058600,+3.49,+33.476,+20.862,+0.981
1631058660,+3.49,+33.476,+20.662,+0.981
1631058720,+3.49,+33.449,+20.471,+0.981
1631058780,+3.49,+33.432,+20.326,+0.980
1631058840,+3.49,+33.432,+20.257,+0.981
1631058900,+3.49,+33.405,+20.115,+0.979
1631058960,+3.49,+33.396,+20.116,+0.982
1631059020,+3.49,+33.396,+19.881,+0.980
1631059080,+3.49,+33.441,+19.387,+0.978
1631059140,+3.49,+33.458,+18.907,+0.979
1631059200,+3.49,+33.485,+18.269,+0.978
1631059260,+3.49,+33.520,+17.721,+0.978
1631059320,+3.49,+33.538,+17.316,+0.979
1631059380,+3.49,+33.564,+17.011,+0.978
1631059440,+3.49,+33.564,+16.747,+0.977
1631059500,+3.49,+33.582,+16.553,+0.977
1631059560,+3.49,+33.573,+16.506,+0.978
1631059620,+3.49,+33.582,+16.555,+0.977
1631059680,+3.49,+33.564,+16.769,+0.976
1631059740,+3.49,+33.564,+16.877,+0.978
1631059800,+3.49,+33.573,+16.762,+0.976
1631059860,+3.49,+33.582,+16.705,+0.979
1631059920,+3.49,+33.582,+16.578,+0.977
1631059980,+3.49,+33.591,+16.430,+0.978
1631060040,+3.49,+33.609,+16.334,+0.978
1631060100,+3.49,+33.626,+16.213,+0.977
1631060160,+3.49,+33.618,+16.069,+0.979
1631060220,+3.49,+33.626,+15.834,+0.977
1631060280,+3.49,+33.626,+15.693,+0.975
1631060340,+3.49,+33.618,+15.621,+0.974
1631060400,+3.49,+33.626,+15.671,+0.976
1631060460,+3.49,+33.609,+15.778,+0.978
1631060520,+3.49,+33.609,+15.964,+0.978
1631060580,+3.49,+33.591,+15.997,+0.976
1631060640,+3.49,+33.556,+16.023,+0.978
1631060700,+3.49,+33.573,+16.112,+0.978
1631060760,+3.49,+33.600,+15.993,+0.975
1631060820,+3.49,+33.609,+15.714,+0.978
1631060880,+3.49,+33.618,+15.444,+0.977
1631060940,+3.49,+33.644,+15.227,+0.974
1631061000,+3.49,+33.662,+15.161,+0.976
1631061060,+3.49,+33.662,+15.138,+0.974
1631061120,+3.49,+33.644,+15.479,+0.975
1631061180,+3.49,+33.653,+15.776,+0.977
1631061240,+3.49,+33.662,+15.934,+0.976
1631061300,+3.49,+33.662,+16.016,+0.976
1631061360,+3.49,+33.680,+16.089,+0.975
1631061420,+3.49,+33.680,+16.495,+0.978
1631061480,+3.49,+33.697,+16.912,+0.976
1631061540,+3.49,+33.688,+17.200,+0.976
1631061600,+3.49,+33.688,+17.312,+0.978
1631061660,+3.49,+33.706,+17.306,+0.978
1631061720,+3.49,+33.688,+17.292,+0.977
1631061780,+3.49,+33.688,+17.225,+0.978
1631061840,+3.49,+33.697,+17.106,+0.976
1631061900,+3.49,+33.653,+17.068,+0.978
1631061960,+3.49,+33.653,+17.105,+0.978
1631062020,+3.49,+33.635,+17.332,+0.981
1631062080,+3.49,+33.618,+17.332,+0.978
1631062140,+3.49,+33.618,+17.454,+0.980
1631062200,+3.49,+33.600,+17.490,+0.978
1631062260,+3.49,+33.591,+17.559,+0.979
1631062320,+3.49,+33.582,+17.597,+0.979
1631062380,+3.49,+33.591,+17.599,+0.979
1631062440,+3.49,+33.556,+17.513,+0.977
1631062500,+3.49,+33.547,+17.670,+0.979
1631062560,+3.49,+33.529,+18.034,+0.979
1631062620,+3.49,+33.520,+18.135,+0.977
1631062680,+3.49,+33.476,+18.327,+0.979
1631062740,+3.49,+33.467,+18.455,+0.979
1631062800,+3.49,+33.476,+18.536,+0.978
1631062860,+3.49,+33.449,+18.619,+0.979
1631062920,+3.49,+33.432,+18.825,+0.981
1631062980,+3.49,+33.414,+18.906,+0.980
1631063040,+3.49,+33.396,+18.875,+0.979
1631063100,+3.49,+33.379,+18.915,+0.980
1631063160,+3.49,+33.379,+18.809,+0.978
1631063220,+3.49,+33.352,+18.873,+0.982
1631063280,+3.49,+33.343,+18.627,+0.980
1631063340,+3.49,+33.317,+18.529,+0.981
