7450-387970
OS REV: 1.05 Sensor Cal: 1615486469
Time (sec),  BV (Volts),  T (deg C),  DO (mg/l),  Q ()
1629940200,+3.49,+32.973,+13.991,+0.980
1629940260,+3.49,+32.964,+13.961,+0.983
1629940320,+3.49,+32.938,+13.993,+0.980
1629940380,+3.49,+32.946,+13.849,+0.981
1629940440,+3.49,+32.920,+13.934,+0.981
1629940500,+3.49,+32.938,+13.973,+0.981
1629940560,+3.49,+32.929,+13.950,+0.981
1629940620,+3.49,+32.920,+14.009,+0.980
1629940680,+3.49,+32.938,+14.060,+0.983
1629940740,+3.49,+32.929,+13.969,+0.980
1629940800,+3.49,+32.946,+13.991,+0.982
1629940860,+3.49,+32.964,+13.970,+0.980
1629940920,+3.49,+32.991,+14.062,+0.981
1629940980,+3.49,+32.991,+14.058,+0.980
1629941040,+3.49,+32.991,+13.963,+0.980
1629941100,+3.49,+32.991,+13.982,+0.983
1629941160,+3.49,+32.999,+13.886,+0.982
1629941220,+3.49,+33.017,+13.854,+0.980
1629941280,+3.49,+33.008,+13.956,+0.982
1629941340,+3.49,+33.008,+13.984,+0.980
1629941400,+3.49,+32.999,+13.989,+0.982
1629941460,+3.49,+32.982,+13.991,+0.982
1629941520,+3.49,+32.973,+13.919,+0.982
1629941580,+3.49,+32.964,+13.927,+0.981
1629941640,+3.49,+32.973,+13.886,+0.983
1629941700,+3.49,+32.964,+13.861,+0.982
1629941760,+3.49,+32.955,+13.856,+0.981
1629941820,+3.49,+32.946,+13.767,+0.982
1629941880,+3.49,+32.946,+13.706,+0.980
1629941940,+3.49,+32.955,+13.773,+0.983
1629942000,+3.49,+32.964,+13.928,+0.983
1629942060,+3.49,+32.964,+14.084,+0.982
1629942120,+3.49,+32.991,+14.174,+0.980
1629942180,+3.49,+32.973,+14.205,+0.982
1629942240,+3.49,+32.982,+14.245,+0.981
1629942300,+3.49,+32.999,+14.217,+0.981
1629942360,+3.49,+32.973,+14.241,+0.982
1629942420,+3.49,+32.955,+14.214,+0.983
1629942480,+3.49,+32.946,+14.305,+0.984
1629942540,+3.49,+32.955,+14.231,+0.980
1629942600,+3.49,+32.938,+14.255,+0.982
1629942660,+3.49,+32.911,+14.147,+0.981
1629942720,+3.49,+32.929,+14.040,+0.982
1629942780,+3.49,+32.894,+14.081,+0.982
1629942840,+3.49,+32.929,+14.105,+0.982
1629942900,+3.49,+32.929,+14.232,+0.982
1629942960,+3.49,+32.955,+14.304,+0.982
1629943020,+3.49,+32.955,+14.357,+0.983
1629943080,+3.49,+32.955,+14.308,+0.981
1629943140,+3.49,+32.964,+14.385,+0.983
1629943200,+3.49,+32.973,+14.338,+0.981
1629943260,+3.49,+32.964,+14.350,+0.981
1629943320,+3.49,+32.982,+14.325,+0.981
1629943380,+3.49,+32.982,+14.347,+0.980
1629943440,+3.49,+32.991,+14.377,+0.980
1629943500,+3.49,+32.991,+14.421,+0.983
1629943560,+3.49,+32.964,+14.312,+0.980
1629943620,+3.49,+32.982,+14.272,+0.981
1629943680,+3.49,+32.955,+14.284,+0.982
1629943740,+3.49,+32.973,+14.240,+0.982
1629943800,+3.49,+32.946,+14.205,+0.982
1629943860,+3.49,+32.946,+14.087,+0.982
1629943920,+3.49,+32.955,+13.932,+0.979
1629943980,+3.49,+32.920,+13.927,+0.982
1629944040,+3.49,+32.929,+13.859,+0.982
1629944100,+3.49,+32.920,+13.796,+0.983
1629944160,+3.49,+32.938,+13.669,+0.981
1629944220,+3.49,+32.911,+13.771,+0.982
1629944280,+3.49,+32.920,+13.818,+0.983
1629944340,+3.49,+32.929,+13.738,+0.981
1629944400,+3.49,+32.938,+13.823,+0.984
1629944460,+3.49,+32.911,+13.825,+0.981
1629944520,+3.49,+32.964,+13.891,+0.983
1629944580,+3.49,+32.955,+13.946,+0.983
1629944640,+3.49,+32.938,+13.874,+0.984
1629944700,+3.49,+32.955,+13.797,+0.982
1629944760,+3.49,+32.946,+13.781,+0.981
1629944820,+3.49,+32.920,+13.814,+0.980
1629944880,+3.49,+32.911,+13.737,+0.981
1629944940,+3.49,+32.929,+13.652,+0.982
1629945000,+3.49,+32.911,+13.570,+0.982
1629945060,+3.49,+32.902,+13.510,+0.984
1629945120,+3.49,+32.920,+13.285,+0.982
1629945180,+3.49,+32.911,+13.337,+0.982
1629945240,+3.49,+32.902,+13.352,+0.982
1629945300,+3.49,+32.929,+13.222,+0.982
1629945360,+3.49,+32.911,+13.171,+0.982
1629945420,+3.49,+32.938,+13.128,+0.983
1629945480,+3.49,+32.929,+13.067,+0.982
1629945540,+3.49,+32.920,+13.017,+0.982
1629945600,+3.49,+32.902,+12.993,+0.981
1629945660,+3.49,+32.902,+12.966,+0.982
1629945720,+3.49,+32.938,+12.876,+0.983
1629945780,+3.49,+32.938,+12.835,+0.981
1629945840,+3.49,+32.920,+12.820,+0.980
1629945900,+3.49,+32.902,+12.891,+0.982
1629945960,+3.49,+32.911,+12.860,+0.981
1629946020,+3.49,+32.920,+12.691,+0.982
1629946080,+3.49,+32.929,+12.573,+0.981
1629946140,+3.49,+32.929,+12.566,+0.982
1629946200,+3.49,+32.929,+12.575,+0.982
1629946260,+3.49,+32.938,+12.535,+0.981
1629946320,+3.49,+32.955,+12.515,+0.982
1629946380,+3.49,+32.955,+12.437,+0.982
1629946440,+3.49,+32.929,+12.373,+0.980
1629946500,+3.49,+32.964,+12.355,+0.982
1629946560,+3.49,+32.938,+12.302,+0.981
1629946620,+3.49,+32.938,+12.223,+0.981
1629946680,+3.49,+32.946,+12.188,+0.982
1629946740,+3.49,+32.955,+12.200,+0.982
1629946800,+3.49,+32.964,+12.145,+0.982
1629946860,+3.49,+32.955,+12.201,+0.982
1629946920,+3.49,+32.920,+12.173,+0.980
1629946980,+3.49,+32.894,+12.131,+0.981
1629947040,+3.49,+32.902,+12.064,+0.981
1629947100,+3.49,+32.911,+12.089,+0.980
1629947160,+3.49,+32.894,+12.107,+0.981
1629947220,+3.49,+32.894,+12.082,+0.980
1629947280,+3.49,+32.894,+12.167,+0.982
1629947340,+3.49,+32.894,+12.288,+0.982
1629947400,+3.49,+32.867,+12.304,+0.982
1629947460,+3.49,+32.894,+12.236,+0.980
1629947520,+3.49,+32.929,+12.345,+0.980
1629947580,+3.49,+32.929,+12.428,+0.982
1629947640,+3.49,+32.902,+12.419,+0.981
1629947700,+3.49,+32.867,+12.407,+0.980
1629947760,+3.49,+32.894,+12.341,+0.980
1629947820,+3.49,+32.885,+12.338,+0.981
1629947880,+3.49,+32.894,+12.264,+0.982
1629947940,+3.49,+32.876,+12.187,+0.981
1629948000,+3.49,+32.867,+12.196,+0.982
1629948060,+3.49,+32.867,+12.153,+0.981
1629948120,+3.49,+32.850,+12.065,+0.981
1629948180,+3.49,+32.850,+11.988,+0.981
1629948240,+3.49,+32.850,+11.970,+0.982
1629948300,+3.49,+32.841,+11.895,+0.980
1629948360,+3.49,+32.823,+11.829,+0.981
1629948420,+3.49,+32.814,+11.814,+0.981
1629948480,+3.49,+32.823,+11.847,+0.983
1629948540,+3.49,+32.823,+11.867,+0.981
1629948600,+3.49,+32.814,+11.902,+0.982
1629948660,+3.49,+32.832,+11.821,+0.981
1629948720,+3.49,+32.823,+11.913,+0.982
1629948780,+3.49,+32.788,+11.982,+0.982
1629948840,+3.49,+32.814,+12.017,+0.982
1629948900,+3.49,+32.788,+12.006,+0.981
1629948960,+3.49,+32.770,+12.086,+0.982
1629949020,+3.49,+32.770,+12.148,+0.982
1629949080,+3.49,+32.762,+12.048,+0.981
1629949140,+3.49,+32.753,+11.956,+0.982
1629949200,+3.49,+32.770,+11.875,+0.982
1629949260,+3.49,+32.744,+11.824,+0.980
1629949320,+3.49,+32.753,+11.770,+0.982
1629949380,+3.49,+32.735,+11.717,+0.981
1629949440,+3.49,+32.718,+11.678,+0.983
1629949500,+3.49,+32.709,+11.655,+0.981
1629949560,+3.49,+32.709,+11.655,+0.982
1629949620,+3.49,+32.682,+11.602,+0.981
1629949680,+3.49,+32.682,+11.560,+0.983
1629949740,+3.49,+32.674,+11.615,+0.981
1629949800,+3.49,+32.682,+11.745,+0.981
1629949860,+3.49,+32.682,+11.777,+0.982
1629949920,+3.49,+32.674,+11.722,+0.982
1629949980,+3.49,+32.656,+11.669,+0.983
1629950040,+3.49,+32.656,+11.621,+0.982
1629950100,+3.49,+32.665,+11.638,+0.981
1629950160,+3.49,+32.647,+11.692,+0.982
1629950220,+3.49,+32.656,+11.622,+0.982
1629950280,+3.49,+32.630,+11.573,+0.984
1629950340,+3.49,+32.612,+11.508,+0.982
1629950400,+3.49,+32.603,+11.450,+0.982
1629950460,+3.49,+32.586,+11.488,+0.983
1629950520,+3.49,+32.595,+11.553,+0.983
1629950580,+3.49,+32.603,+11.510,+0.981
1629950640,+3.49,+32.586,+11.431,+0.982
1629950700,+3.49,+32.595,+11.255,+0.981
1629950760,+3.49,+32.586,+11.274,+0.983
1629950820,+3.49,+32.577,+11.301,+0.982
1629950880,+3.49,+32.542,+11.335,+0.981
1629950940,+3.49,+32.559,+11.450,+0.981
1629951000,+3.49,+32.533,+11.534,+0.984
1629951060,+3.49,+32.542,+11.462,+0.982
1629951120,+3.49,+32.533,+11.504,+0.982
1629951180,+3.49,+32.542,+11.568,+0.982
1629951240,+3.49,+32.507,+11.568,+0.982
1629951300,+3.49,+32.489,+11.567,+0.982
1629951360,+3.49,+32.489,+11.520,+0.982
1629951420,+3.49,+32.480,+11.581,+0.982
1629951480,+3.49,+32.489,+11.597,+0.983
1629951540,+3.49,+32.480,+11.644,+0.982
1629951600,+3.49,+32.454,+11.652,+0.982
1629951660,+3.49,+32.454,+11.671,+0.983
1629951720,+3.49,+32.445,+11.568,+0.983
1629951780,+3.49,+32.419,+11.493,+0.983
1629951840,+3.49,+32.410,+11.467,+0.981
1629951900,+3.49,+32.419,+11.480,+0.982
1629951960,+3.50,+32.401,+11.552,+0.982
1629952020,+3.49,+32.410,+11.521,+0.983
1629952080,+3.49,+32.410,+11.516,+0.983
1629952140,+3.49,+32.401,+11.492,+0.983
1629952200,+3.49,+32.393,+11.508,+0.983
1629952260,+3.49,+32.393,+11.439,+0.983
1629952320,+3.49,+32.375,+11.438,+0.983
1629952380,+3.50,+32.358,+11.411,+0.983
1629952440,+3.49,+32.366,+11.381,+0.982
1629952500,+3.50,+32.358,+11.500,+0.983
1629952560,+3.50,+32.349,+11.457,+0.982
1629952620,+3.50,+32.340,+11.498,+0.983
1629952680,+3.50,+32.340,+11.513,+0.982
1629952740,+3.50,+32.340,+11.544,+0.982
1629952800,+3.50,+32.340,+11.532,+0.983
1629952860,+3.50,+32.323,+11.538,+0.983
1629952920,+3.50,+32.314,+11.525,+0.983
1629952980,+3.49,+32.296,+11.495,+0.982
1629953040,+3.50,+32.279,+11.502,+0.982
1629953100,+3.50,+32.296,+11.499,+0.984
1629953160,+3.50,+32.270,+11.484,+0.983
1629953220,+3.50,+32.296,+11.498,+0.984
1629953280,+3.50,+32.279,+11.502,+0.983
1629953340,+3.50,+32.261,+11.467,+0.983
1629953400,+3.50,+32.261,+11.391,+0.983
1629953460,+3.50,+32.252,+11.313,+0.983
1629953520,+3.50,+32.244,+11.310,+0.982
1629953580,+3.50,+32.217,+11.430,+0.982
1629953640,+3.50,+32.209,+11.480,+0.983
1629953700,+3.50,+32.209,+11.409,+0.982
1629953760,+3.50,+32.209,+11.445,+0.984
1629953820,+3.50,+32.200,+11.459,+0.983
1629953880,+3.50,+32.191,+11.451,+0.984
1629953940,+3.50,+32.182,+11.366,+0.982
1629954000,+3.50,+32.182,+11.354,+0.983
1629954060,+3.50,+32.165,+11.414,+0.983
1629954120,+3.50,+32.156,+11.430,+0.983
1629954180,+3.50,+32.147,+11.409,+0.983
1629954240,+3.50,+32.147,+11.412,+0.984
1629954300,+3.50,+32.147,+11.394,+0.983
1629954360,+3.50,+32.130,+11.412,+0.985
1629954420,+3.50,+32.112,+11.322,+0.983
1629954480,+3.50,+32.095,+11.250,+0.984
1629954540,+3.50,+32.112,+11.137,+0.983
1629954600,+3.50,+32.112,+11.144,+0.984
1629954660,+3.50,+32.095,+11.161,+0.984
1629954720,+3.50,+32.086,+11.183,+0.984
1629954780,+3.50,+32.112,+11.186,+0.984
1629954840,+3.50,+32.077,+11.231,+0.983
1629954900,+3.50,+32.095,+11.183,+0.983
1629954960,+3.50,+32.068,+11.086,+0.982
1629955020,+3.50,+32.086,+11.039,+0.983
1629955080,+3.50,+32.068,+11.048,+0.983
1629955140,+3.50,+32.060,+11.009,+0.984
1629955200,+3.50,+32.051,+10.998,+0.983
1629955260,+3.50,+32.060,+10.981,+0.983
1629955320,+3.50,+32.042,+10.945,+0.983
1629955380,+3.49,+32.033,+11.013,+0.983
1629955440,+3.49,+32.016,+11.016,+0.984
1629955500,+3.49,+32.007,+10.998,+0.983
1629955560,+3.49,+32.007,+11.043,+0.982
1629955620,+3.49,+31.998,+11.152,+0.983
1629955680,+3.49,+31.981,+11.185,+0.984
1629955740,+3.49,+31.998,+11.134,+0.983
1629955800,+3.49,+31.981,+11.053,+0.983
1629955860,+3.49,+31.981,+10.964,+0.983
1629955920,+3.49,+31.963,+10.974,+0.983
1629955980,+3.49,+31.972,+10.943,+0.983
1629956040,+3.49,+31.963,+10.953,+0.983
1629956100,+3.49,+31.963,+10.885,+0.983
1629956160,+3.49,+31.963,+10.842,+0.983
1629956220,+3.49,+31.946,+10.849,+0.983
1629956280,+3.49,+31.928,+10.818,+0.983
1629956340,+3.49,+31.911,+10.711,+0.984
1629956400,+3.49,+31.920,+10.751,+0.984
1629956460,+3.49,+31.920,+10.716,+0.982
1629956520,+3.49,+31.902,+10.668,+0.983
1629956580,+3.49,+31.902,+10.606,+0.983
1629956640,+3.49,+31.876,+10.670,+0.984
1629956700,+3.49,+31.885,+10.612,+0.983
1629956760,+3.49,+31.876,+10.602,+0.984
1629956820,+3.49,+31.894,+10.644,+0.984
1629956880,+3.49,+31.876,+10.495,+0.982
1629956940,+3.49,+31.859,+10.431,+0.983
1629957000,+3.49,+31.859,+10.391,+0.983
1629957060,+3.49,+31.867,+10.409,+0.983
1629957120,+3.49,+31.859,+10.397,+0.982
1629957180,+3.49,+31.824,+10.380,+0.983
1629957240,+3.49,+31.824,+10.387,+0.982
1629957300,+3.49,+31.832,+10.406,+0.983
1629957360,+3.49,+31.815,+10.259,+0.982
1629957420,+3.49,+31.824,+10.253,+0.983
1629957480,+3.49,+31.815,+10.251,+0.983
1629957540,+3.49,+31.797,+10.147,+0.983
1629957600,+3.49,+31.815, +9.973,+0.983
1629957660,+3.49,+31.815, +9.779,+0.984
1629957720,+3.49,+31.806, +9.537,+0.983
1629957780,+3.49,+31.797, +9.315,+0.983
1629957840,+3.49,+31.789, +9.212,+0.983
1629957900,+3.49,+31.771, +9.269,+0.984
1629957960,+3.49,+31.771, +9.252,+0.982
1629958020,+3.49,+31.762, +9.366,+0.983
1629958080,+3.49,+31.771, +9.579,+0.983
1629958140,+3.49,+31.754, +9.615,+0.984
1629958200,+3.49,+31.762, +9.837,+0.983
1629958260,+3.49,+31.745, +9.812,+0.984
1629958320,+3.49,+31.745, +9.782,+0.983
1629958380,+3.49,+31.719, +9.644,+0.983
1629958440,+3.49,+31.719, +9.559,+0.983
1629958500,+3.49,+31.728, +9.545,+0.983
1629958560,+3.49,+31.701, +9.453,+0.983
1629958620,+3.49,+31.701, +9.369,+0.983
1629958680,+3.49,+31.693, +9.381,+0.984
1629958740,+3.49,+31.684, +9.370,+0.983
1629958800,+3.49,+31.693, +9.329,+0.984
1629958860,+3.49,+31.675, +9.280,+0.983
1629958920,+3.49,+31.666, +9.246,+0.983
1629958980,+3.49,+31.666, +9.277,+0.984
1629959040,+3.49,+31.684, +9.192,+0.983
1629959100,+3.49,+31.658, +9.121,+0.984
1629959160,+3.49,+31.649, +9.155,+0.983
1629959220,+3.49,+31.640, +9.144,+0.983
1629959280,+3.49,+31.632, +9.145,+0.983
1629959340,+3.49,+31.640, +9.201,+0.983
1629959400,+3.49,+31.640, +9.215,+0.984
1629959460,+3.49,+31.649, +9.321,+0.984
1629959520,+3.49,+31.632, +9.332,+0.984
1629959580,+3.49,+31.623, +9.272,+0.982
1629959640,+3.49,+31.640, +9.224,+0.983
1629959700,+3.49,+31.623, +9.174,+0.984
1629959760,+3.49,+31.614, +9.046,+0.983
1629959820,+3.49,+31.623, +8.955,+0.983
1629959880,+3.49,+31.605, +8.950,+0.984
1629959940,+3.49,+31.597, +8.896,+0.982
1629960000,+3.49,+31.597, +8.923,+0.982
1629960060,+3.49,+31.579, +8.983,+0.983
1629960120,+3.49,+31.588, +9.026,+0.983
1629960180,+3.49,+31.579, +9.018,+0.984
1629960240,+3.49,+31.579, +8.944,+0.982
1629960300,+3.49,+31.570, +8.899,+0.983
1629960360,+3.49,+31.553, +8.928,+0.983
1629960420,+3.49,+31.553, +8.779,+0.983
1629960480,+3.49,+31.570, +8.750,+0.983
1629960540,+3.49,+31.570, +8.690,+0.983
1629960600,+3.49,+31.562, +8.597,+0.983
1629960660,+3.49,+31.562, +8.642,+0.983
1629960720,+3.49,+31.544, +8.545,+0.983
1629960780,+3.49,+31.527, +8.470,+0.983
1629960840,+3.49,+31.527, +8.471,+0.983
1629960900,+3.49,+31.527, +8.542,+0.983
1629960960,+3.49,+31.527, +8.522,+0.983
1629961020,+3.49,+31.527, +8.572,+0.983
1629961080,+3.49,+31.518, +8.645,+0.983
1629961140,+3.49,+31.492, +8.637,+0.984
1629961200,+3.49,+31.483, +8.628,+0.983
1629961260,+3.49,+31.492, +8.562,+0.982
1629961320,+3.49,+31.501, +8.469,+0.983
1629961380,+3.49,+31.483, +8.398,+0.983
1629961440,+3.49,+31.466, +8.383,+0.982
1629961500,+3.49,+31.483, +8.277,+0.983
1629961560,+3.49,+31.457, +8.146,+0.983
1629961620,+3.49,+31.475, +8.006,+0.983
1629961680,+3.49,+31.466, +7.995,+0.982
1629961740,+3.49,+31.457, +8.027,+0.984
1629961800,+3.49,+31.457, +7.973,+0.981
1629961860,+3.49,+31.457, +7.876,+0.984
1629961920,+3.49,+31.466, +7.729,+0.983
1629961980,+3.49,+31.457, +7.684,+0.982
1629962040,+3.49,+31.448, +7.779,+0.983
1629962100,+3.49,+31.448, +7.711,+0.982
1629962160,+3.49,+31.440, +7.643,+0.983
1629962220,+3.49,+31.431, +7.565,+0.983
1629962280,+3.49,+31.422, +7.426,+0.982
1629962340,+3.49,+31.414, +7.350,+0.983
1629962400,+3.49,+31.405, +7.351,+0.983
1629962460,+3.49,+31.414, +7.385,+0.983
1629962520,+3.49,+31.396, +7.215,+0.983
1629962580,+3.49,+31.396, +7.370,+0.983
1629962640,+3.49,+31.396, +7.396,+0.983
1629962700,+3.49,+31.379, +7.368,+0.983
1629962760,+3.49,+31.370, +7.226,+0.983
1629962820,+3.49,+31.379, +7.094,+0.983
1629962880,+3.49,+31.379, +7.063,+0.983
1629962940,+3.49,+31.370, +7.079,+0.983
1629963000,+3.49,+31.387, +6.927,+0.983
1629963060,+3.49,+31.353, +6.821,+0.983
1629963120,+3.49,+31.344, +6.757,+0.983
1629963180,+3.49,+31.353, +6.685,+0.983
1629963240,+3.49,+31.344, +6.735,+0.982
1629963300,+3.49,+31.344, +6.787,+0.984
1629963360,+3.49,+31.335, +6.769,+0.983
1629963420,+3.49,+31.353, +6.690,+0.983
1629963480,+3.49,+31.326, +6.642,+0.982
1629963540,+3.49,+31.326, +6.429,+0.983
1629963600,+3.49,+31.309, +6.522,+0.982
1629963660,+3.50,+31.309, +6.577,+0.984
1629963720,+3.50,+31.300, +6.497,+0.983
1629963780,+3.49,+31.326, +6.498,+0.983
1629963840,+3.50,+31.300, +6.432,+0.983
1629963900,+3.49,+31.292, +6.375,+0.983
1629963960,+3.50,+31.283, +6.284,+0.983
1629964020,+3.49,+31.283, +6.308,+0.983
1629964080,+3.50,+31.283, +6.227,+0.983
1629964140,+3.50,+31.257, +6.298,+0.983
1629964200,+3.49,+31.274, +6.281,+0.983
1629964260,+3.49,+31.274, +6.330,+0.983
1629964320,+3.50,+31.274, +6.273,+0.982
1629964380,+3.50,+31.266, +6.256,+0.983
1629964440,+3.49,+31.239, +6.216,+0.983
1629964500,+3.50,+31.239, +6.110,+0.983
1629964560,+3.50,+31.239, +6.028,+0.983
1629964620,+3.50,+31.239, +6.057,+0.983
1629964680,+3.49,+31.239, +6.087,+0.983
1629964740,+3.50,+31.213, +6.186,+0.983
1629964800,+3.50,+31.231, +6.344,+0.983
1629964860,+3.50,+31.222, +6.377,+0.983
1629964920,+3.50,+31.196, +6.406,+0.983
1629964980,+3.50,+31.205, +6.398,+0.982
1629965040,+3.49,+31.213, +6.349,+0.983
1629965100,+3.50,+31.196, +6.222,+0.983
1629965160,+3.50,+31.196, +6.100,+0.984
1629965220,+3.50,+31.187, +5.898,+0.983
1629965280,+3.50,+31.179, +5.744,+0.983
1629965340,+3.50,+31.170, +5.700,+0.983
1629965400,+3.50,+31.179, +5.690,+0.983
1629965460,+3.50,+31.161, +5.651,+0.983
1629965520,+3.50,+31.161, +5.522,+0.984
1629965580,+3.50,+31.144, +5.409,+0.983
1629965640,+3.50,+31.152, +5.244,+0.983
1629965700,+3.50,+31.152, +5.039,+0.984
1629965760,+3.50,+31.152, +4.846,+0.983
1629965820,+3.50,+31.126, +4.780,+0.983
1629965880,+3.50,+31.126, +4.676,+0.984
1629965940,+3.50,+31.135, +4.613,+0.984
1629966000,+3.50,+31.144, +4.604,+0.984
1629966060,+3.50,+31.126, +4.726,+0.983
1629966120,+3.50,+31.109, +4.824,+0.983
1629966180,+3.50,+31.100, +4.790,+0.983
1629966240,+3.50,+31.109, +4.752,+0.984
1629966300,+3.50,+31.109, +4.737,+0.983
1629966360,+3.50,+31.092, +4.791,+0.983
1629966420,+3.50,+31.100, +4.884,+0.984
1629966480,+3.50,+31.100, +4.912,+0.983
1629966540,+3.50,+31.092, +4.909,+0.983
1629966600,+3.50,+31.083, +4.844,+0.983
1629966660,+3.50,+31.074, +4.729,+0.984
1629966720,+3.50,+31.083, +4.599,+0.983
1629966780,+3.50,+31.074, +4.494,+0.983
1629966840,+3.50,+31.083, +4.654,+0.984
1629966900,+3.50,+31.065, +4.630,+0.984
1629966960,+3.50,+31.065, +4.574,+0.984
1629967020,+3.50,+31.074, +4.546,+0.983
1629967080,+3.50,+31.057, +4.457,+0.984
1629967140,+3.50,+31.031, +4.366,+0.985
1629967200,+3.50,+31.048, +4.282,+0.984
1629967260,+3.50,+31.031, +4.226,+0.984
1629967320,+3.50,+31.031, +4.193,+0.984
1629967380,+3.50,+31.031, +4.108,+0.984
1629967440,+3.50,+31.022, +4.291,+0.984
1629967500,+3.50,+31.022, +4.367,+0.984
1629967560,+3.50,+31.013, +4.527,+0.984
1629967620,+3.50,+31.005, +4.626,+0.984
1629967680,+3.50,+31.022, +4.709,+0.984
1629967740,+3.50,+31.005, +4.734,+0.984
1629967800,+3.50,+31.005, +4.722,+0.984
1629967860,+3.50,+31.005, +4.680,+0.984
1629967920,+3.50,+30.996, +4.690,+0.984
1629967980,+3.50,+30.996, +4.605,+0.983
1629968040,+3.50,+30.961, +4.633,+0.984
1629968100,+3.50,+30.970, +4.650,+0.984
1629968160,+3.50,+30.970, +4.640,+0.984
1629968220,+3.50,+30.970, +4.686,+0.984
1629968280,+3.50,+30.970, +4.736,+0.985
1629968340,+3.50,+30.953, +4.722,+0.983
1629968400,+3.50,+30.944, +4.677,+0.984
1629968460,+3.50,+30.970, +4.623,+0.984
1629968520,+3.50,+30.953, +4.627,+0.983
1629968580,+3.50,+30.935, +4.616,+0.984
1629968640,+3.50,+30.935, +4.596,+0.984
1629968700,+3.50,+30.944, +4.500,+0.984
1629968760,+3.50,+30.944, +4.462,+0.984
1629968820,+3.50,+30.918, +4.472,+0.984
1629968880,+3.49,+30.900, +4.598,+0.983
1629968940,+3.49,+30.900, +4.660,+0.984
1629969000,+3.49,+30.909, +4.656,+0.984
1629969060,+3.49,+30.909, +4.637,+0.984
1629969120,+3.49,+30.900, +4.547,+0.984
1629969180,+3.49,+30.892, +4.421,+0.984
1629969240,+3.49,+30.900, +4.314,+0.984
1629969300,+3.49,+30.883, +4.181,+0.985
1629969360,+3.49,+30.892, +4.101,+0.984
1629969420,+3.49,+30.874, +4.091,+0.984
1629969480,+3.49,+30.874, +4.062,+0.984
1629969540,+3.49,+30.857, +3.995,+0.984
1629969600,+3.49,+30.892, +3.984,+0.984
1629969660,+3.49,+30.857, +4.042,+0.984
1629969720,+3.49,+30.866, +4.077,+0.984
1629969780,+3.49,+30.883, +4.112,+0.984
1629969840,+3.49,+30.866, +3.953,+0.984
1629969900,+3.49,+30.848, +3.952,+0.984
1629969960,+3.49,+30.866, +3.907,+0.984
1629970020,+3.49,+30.840, +3.782,+0.985
1629970080,+3.49,+30.831, +3.745,+0.984
1629970140,+3.49,+30.840, +3.812,+0.984
1629970200,+3.49,+30.831, +4.061,+0.984
1629970260,+3.49,+30.831, +4.095,+0.985
1629970320,+3.49,+30.822, +4.036,+0.984
1629970380,+3.49,+30.831, +3.954,+0.984
1629970440,+3.49,+30.822, +3.862,+0.985
1629970500,+3.49,+30.814, +3.787,+0.984
1629970560,+3.49,+30.822, +3.727,+0.984
1629970620,+3.49,+30.831, +3.688,+0.984
1629970680,+3.49,+30.822, +3.720,+0.984
1629970740,+3.49,+30.822, +3.707,+0.984
1629970800,+3.49,+30.796, +3.709,+0.984
1629970860,+3.49,+30.796, +3.821,+0.984
1629970920,+3.49,+30.805, +3.774,+0.984
1629970980,+3.49,+30.796, +3.747,+0.984
1629971040,+3.49,+30.788, +3.661,+0.985
1629971100,+3.49,+30.788, +3.542,+0.985
1629971160,+3.49,+30.770, +3.543,+0.984
1629971220,+3.49,+30.770, +3.671,+0.984
1629971280,+3.49,+30.762, +3.777,+0.984
1629971340,+3.49,+30.762, +3.776,+0.985
1629971400,+3.49,+30.779, +3.756,+0.985
1629971460,+3.49,+30.753, +3.819,+0.985
1629971520,+3.49,+30.744, +3.787,+0.984
1629971580,+3.49,+30.753, +3.808,+0.984
1629971640,+3.49,+30.744, +3.853,+0.984
1629971700,+3.49,+30.727, +3.931,+0.985
1629971760,+3.49,+30.727, +3.923,+0.984
1629971820,+3.49,+30.718, +3.882,+0.985
1629971880,+3.49,+30.727, +3.851,+0.985
1629971940,+3.49,+30.718, +3.780,+0.985
1629972000,+3.49,+30.701, +3.679,+0.985
1629972060,+3.49,+30.727, +3.654,+0.984
1629972120,+3.49,+30.718, +3.653,+0.984
1629972180,+3.49,+30.718, +3.643,+0.984
1629972240,+3.49,+30.701, +3.700,+0.985
1629972300,+3.49,+30.727, +3.595,+0.985
1629972360,+3.49,+30.701, +3.530,+0.984
1629972420,+3.49,+30.692, +3.454,+0.985
1629972480,+3.49,+30.701, +3.386,+0.985
1629972540,+3.49,+30.684, +3.399,+0.985
1629972600,+3.49,+30.692, +3.457,+0.985
1629972660,+3.49,+30.666, +3.472,+0.985
1629972720,+3.49,+30.684, +3.435,+0.985
1629972780,+3.49,+30.666, +3.391,+0.985
1629972840,+3.49,+30.675, +3.337,+0.985
1629972900,+3.49,+30.675, +3.318,+0.985
1629972960,+3.49,+30.666, +3.328,+0.985
1629973020,+3.49,+30.675, +3.318,+0.985
1629973080,+3.49,+30.649, +3.256,+0.985
1629973140,+3.49,+30.658, +3.164,+0.985
1629973200,+3.49,+30.640, +3.125,+0.985
1629973260,+3.49,+30.658, +3.039,+0.985
1629973320,+3.49,+30.666, +3.002,+0.985
1629973380,+3.49,+30.649, +2.929,+0.985
1629973440,+3.49,+30.640, +2.922,+0.985
1629973500,+3.49,+30.658, +2.954,+0.985
1629973560,+3.49,+30.649, +2.978,+0.985
1629973620,+3.49,+30.640, +3.005,+0.985
1629973680,+3.49,+30.632, +2.957,+0.986
1629973740,+3.49,+30.640, +2.815,+0.986
1629973800,+3.49,+30.623, +2.780,+0.985
1629973860,+3.49,+30.614, +2.766,+0.986
1629973920,+3.49,+30.614, +2.763,+0.985
1629973980,+3.49,+30.614, +2.731,+0.986
1629974040,+3.49,+30.623, +2.650,+0.985
1629974100,+3.49,+30.614, +2.647,+0.985
1629974160,+3.49,+30.597, +2.631,+0.986
1629974220,+3.49,+30.597, +2.646,+0.986
1629974280,+3.49,+30.597, +2.609,+0.986
1629974340,+3.49,+30.588, +2.587,+0.986
1629974400,+3.49,+30.588, +2.583,+0.986
1629974460,+3.49,+30.580, +2.608,+0.986
1629974520,+3.49,+30.571, +2.562,+0.986
1629974580,+3.49,+30.588, +2.522,+0.986
1629974640,+3.49,+30.571, +2.480,+0.986
1629974700,+3.49,+30.562, +2.451,+0.986
1629974760,+3.49,+30.580, +2.427,+0.986
1629974820,+3.49,+30.580, +2.438,+0.986
1629974880,+3.49,+30.571, +2.432,+0.985
1629974940,+3.49,+30.562, +2.471,+0.986
1629975000,+3.49,+30.571, +2.536,+0.986
1629975060,+3.49,+30.545, +2.554,+0.986
1629975120,+3.49,+30.536, +2.513,+0.985
1629975180,+3.49,+30.536, +2.540,+0.986
1629975240,+3.49,+30.545, +2.468,+0.986
1629975300,+3.49,+30.554, +2.374,+0.986
1629975360,+3.49,+30.519, +2.379,+0.986
1629975420,+3.49,+30.554, +2.340,+0.986
1629975480,+3.49,+30.536, +2.394,+0.986
1629975540,+3.49,+30.536, +2.352,+0.986
1629975600,+3.49,+30.528, +2.260,+0.986
1629975660,+3.49,+30.528, +2.251,+0.986
1629975720,+3.49,+30.519, +2.206,+0.986
1629975780,+3.49,+30.536, +2.153,+0.986
1629975840,+3.49,+30.502, +2.146,+0.986
1629975900,+3.49,+30.519, +2.157,+0.986
1629975960,+3.49,+30.519, +2.159,+0.986
1629976020,+3.49,+30.493, +2.220,+0.986
1629976080,+3.49,+30.519, +2.271,+0.986
1629976140,+3.49,+30.502, +2.260,+0.986
1629976200,+3.49,+30.502, +2.178,+0.986
1629976260,+3.49,+30.493, +2.062,+0.986
1629976320,+3.49,+30.502, +1.934,+0.986
1629976380,+3.49,+30.502, +1.843,+0.986
1629976440,+3.49,+30.493, +1.694,+0.984
1629976500,+3.49,+30.484, +1.658,+0.985
1629976560,+3.49,+30.484, +1.703,+0.985
1629976620,+3.49,+30.484, +1.714,+0.986
1629976680,+3.49,+30.476, +1.664,+0.986
1629976740,+3.49,+30.484, +1.606,+0.986
1629976800,+3.49,+30.493, +1.590,+0.985
1629976860,+3.49,+30.476, +1.572,+0.985
1629976920,+3.49,+30.458, +1.667,+0.986
1629976980,+3.49,+30.467, +1.707,+0.986
1629977040,+3.49,+30.467, +1.671,+0.986
1629977100,+3.49,+30.467, +1.520,+0.985
1629977160,+3.49,+30.467, +1.415,+0.985
1629977220,+3.49,+30.458, +1.420,+0.985
1629977280,+3.49,+30.458, +1.342,+0.985
1629977340,+3.49,+30.450, +1.398,+0.985
1629977400,+3.49,+30.441, +1.504,+0.986
1629977460,+3.49,+30.450, +1.505,+0.986
1629977520,+3.49,+30.432, +1.466,+0.986
1629977580,+3.49,+30.432, +1.437,+0.986
1629977640,+3.49,+30.432, +1.381,+0.986
1629977700,+3.49,+30.432, +1.278,+0.985
1629977760,+3.49,+30.432, +1.188,+0.985
1629977820,+3.49,+30.415, +1.168,+0.985
1629977880,+3.49,+30.424, +1.143,+0.985
1629977940,+3.49,+30.415, +1.113,+0.985
1629978000,+3.49,+30.415, +1.158,+0.985
1629978060,+3.49,+30.398, +1.206,+0.985
1629978120,+3.49,+30.415, +1.210,+0.985
1629978180,+3.49,+30.415, +1.178,+0.985
1629978240,+3.49,+30.398, +1.102,+0.984
1629978300,+3.49,+30.398, +1.084,+0.984
1629978360,+3.49,+30.406, +1.281,+0.985
1629978420,+3.49,+30.415, +1.281,+0.985
1629978480,+3.49,+30.389, +1.244,+0.985
1629978540,+3.49,+30.398, +1.177,+0.985
1629978600,+3.49,+30.380, +1.083,+0.984
1629978660,+3.49,+30.398, +1.039,+0.984
1629978720,+3.49,+30.372, +1.041,+0.984
1629978780,+3.49,+30.389, +1.040,+0.984
1629978840,+3.49,+30.363, +1.028,+0.984
1629978900,+3.49,+30.372, +0.986,+0.983
1629978960,+3.49,+30.363, +0.963,+0.983
1629979020,+3.49,+30.355, +0.905,+0.983
1629979080,+3.49,+30.363, +0.905,+0.983
1629979140,+3.49,+30.363, +0.863,+0.982
1629979200,+3.49,+30.346, +0.854,+0.982
1629979260,+3.49,+30.355, +0.883,+0.982
1629979320,+3.49,+30.346, +0.917,+0.983
1629979380,+3.49,+30.346, +0.897,+0.983
1629979440,+3.49,+30.355, +0.943,+0.983
1629979500,+3.49,+30.337, +0.929,+0.983
1629979560,+3.49,+30.346, +0.870,+0.982
1629979620,+3.49,+30.320, +0.799,+0.982
1629979680,+3.49,+30.320, +0.786,+0.982
1629979740,+3.49,+30.329, +0.840,+0.982
1629979800,+3.49,+30.320, +0.904,+0.982
1629979860,+3.49,+30.311, +0.906,+0.982
1629979920,+3.49,+30.311, +1.199,+0.985
1629979980,+3.49,+30.311, +1.195,+0.985
1629980040,+3.49,+30.303, +1.131,+0.985
1629980100,+3.49,+30.303, +1.047,+0.984
1629980160,+3.49,+30.311, +1.037,+0.984
1629980220,+3.49,+30.303, +0.992,+0.984
1629980280,+3.49,+30.303, +1.115,+0.985
1629980340,+3.49,+30.285, +1.085,+0.984
1629980400,+3.49,+30.294, +1.064,+0.984
1629980460,+3.49,+30.294, +0.985,+0.984
1629980520,+3.49,+30.294, +1.106,+0.985
1629980580,+3.49,+30.285, +1.149,+0.985
1629980640,+3.49,+30.294, +1.128,+0.985
1629980700,+3.49,+30.277, +1.102,+0.985
1629980760,+3.49,+30.268, +1.047,+0.984
1629980820,+3.49,+30.268, +0.952,+0.984
1629980880,+3.49,+30.259, +0.872,+0.983
1629980940,+3.49,+30.268, +0.859,+0.983
1629981000,+3.49,+30.277, +0.861,+0.982
1629981060,+3.49,+30.277, +0.833,+0.982
1629981120,+3.49,+30.268, +0.745,+0.982
1629981180,+3.49,+30.259, +0.786,+0.982
1629981240,+3.49,+30.268, +0.737,+0.981
1629981300,+3.49,+30.259, +0.700,+0.981
1629981360,+3.49,+30.251, +0.632,+0.980
1629981420,+3.49,+30.259, +0.649,+0.980
1629981480,+3.49,+30.268, +0.661,+0.980
1629981540,+3.49,+30.251, +0.711,+0.981
1629981600,+3.49,+30.242, +0.793,+0.982
1629981660,+3.49,+30.234, +0.858,+0.983
1629981720,+3.49,+30.251, +0.906,+0.983
1629981780,+3.49,+30.259, +0.870,+0.983
1629981840,+3.49,+30.234, +0.830,+0.983
1629981900,+3.49,+30.234, +0.746,+0.982
1629981960,+3.49,+30.242, +0.636,+0.980
1629982020,+3.49,+30.242, +0.709,+0.981
1629982080,+3.49,+30.251, +0.687,+0.981
1629982140,+3.49,+30.234, +0.614,+0.980
1629982200,+3.49,+30.225, +0.507,+0.979
1629982260,+3.49,+30.216, +0.511,+0.979
1629982320,+3.49,+30.225, +0.515,+0.978
1629982380,+3.49,+30.225, +0.527,+0.979
1629982440,+3.49,+30.216, +0.586,+0.979
1629982500,+3.49,+30.225, +0.556,+0.979
1629982560,+3.49,+30.225, +0.527,+0.979
1629982620,+3.49,+30.234, +0.537,+0.979
1629982680,+3.49,+30.225, +0.514,+0.979
1629982740,+3.49,+30.234, +0.498,+0.979
1629982800,+3.49,+30.234, +0.488,+0.978
1629982860,+3.49,+30.242, +0.434,+0.977
1629982920,+3.49,+30.251, +0.415,+0.977
1629982980,+3.49,+30.234, +0.375,+0.976
1629983040,+3.49,+30.242, +0.368,+0.976
1629983100,+3.49,+30.234, +0.368,+0.976
1629983160,+3.49,+30.234, +0.345,+0.975
1629983220,+3.49,+30.225, +0.327,+0.975
1629983280,+3.49,+30.234, +0.376,+0.976
1629983340,+3.49,+30.242, +0.384,+0.977
1629983400,+3.49,+30.190, +0.365,+0.976
1629983460,+3.49,+30.234, +0.338,+0.975
1629983520,+3.49,+30.225, +0.363,+0.976
1629983580,+3.49,+30.234, +0.385,+0.976
1629983640,+3.49,+30.242, +0.358,+0.976
1629983700,+3.49,+30.216, +0.283,+0.974
1629983760,+3.49,+30.225, +0.261,+0.974
1629983820,+3.49,+30.216, +0.328,+0.975
1629983880,+3.49,+30.234, +0.340,+0.976
1629983940,+3.49,+30.234, +0.349,+0.976
1629984000,+3.49,+30.225, +0.377,+0.976
1629984060,+3.49,+30.225, +0.348,+0.976
1629984120,+3.49,+30.251, +0.339,+0.975
1629984180,+3.49,+30.225, +0.327,+0.975
1629984240,+3.49,+30.251, +0.328,+0.975
1629984300,+3.49,+30.234, +0.330,+0.976
1629984360,+3.49,+30.251, +0.312,+0.975
1629984420,+3.49,+30.234, +0.252,+0.974
1629984480,+3.49,+30.259, +0.227,+0.973
1629984540,+3.49,+30.277, +0.205,+0.973
1629984600,+3.49,+30.251, +0.207,+0.973
1629984660,+3.49,+30.234, +0.203,+0.973
1629984720,+3.49,+30.259, +0.160,+0.972
1629984780,+3.49,+30.268, +0.146,+0.971
1629984840,+3.49,+30.259, +0.162,+0.972
1629984900,+3.49,+30.277, +0.140,+0.971
1629984960,+3.49,+30.268, +0.146,+0.971
1629985020,+3.49,+30.268, +0.163,+0.971
1629985080,+3.49,+30.277, +0.164,+0.972
1629985140,+3.49,+30.277, +0.102,+0.970
1629985200,+3.49,+30.277, +0.044,+0.969
1629985260,+3.49,+30.294, +0.049,+0.969
1629985320,+3.49,+30.277, +0.052,+0.969
1629985380,+3.49,+30.285, +0.050,+0.969
1629985440,+3.49,+30.285, +0.046,+0.969
1629985500,+3.49,+30.294, +0.040,+0.969
1629985560,+3.49,+30.285, +0.037,+0.969
1629985620,+3.49,+30.320, +0.037,+0.969
1629985680,+3.49,+30.311, +0.035,+0.968
1629985740,+3.49,+30.311, +0.035,+0.969
1629985800,+3.49,+30.303, +0.034,+0.968
1629985860,+3.49,+30.311, +0.034,+0.969
1629985920,+3.49,+30.329, +0.034,+0.968
1629985980,+3.49,+30.303, +0.034,+0.969
1629986040,+3.49,+30.320, +0.034,+0.968
1629986100,+3.49,+30.311, +0.034,+0.969
1629986160,+3.49,+30.303, +0.034,+0.968
1629986220,+3.49,+30.311, +0.036,+0.969
1629986280,+3.49,+30.311, +0.038,+0.969
1629986340,+3.49,+30.294, +0.038,+0.969
1629986400,+3.49,+30.329, +0.035,+0.969
1629986460,+3.49,+30.320, +0.041,+0.969
1629986520,+3.49,+30.303, +0.435,+0.978
1629986580,+3.49,+30.294, +0.639,+0.981
1629986640,+3.49,+30.294, +0.576,+0.980
1629986700,+3.49,+30.311, +0.468,+0.978
1629986760,+3.49,+30.311, +0.460,+0.978
1629986820,+3.49,+30.303, +0.570,+0.979
1629986880,+3.49,+30.294, +0.698,+0.980
1629986940,+3.49,+30.294, +0.825,+0.982
1629987000,+3.49,+30.303, +0.946,+0.983
1629987060,+3.49,+30.294, +1.012,+0.984
1629987120,+3.49,+30.294, +1.097,+0.985
1629987180,+3.49,+30.294, +1.119,+0.985
1629987240,+3.49,+30.320, +1.136,+0.985
1629987300,+3.49,+30.294, +1.128,+0.985
1629987360,+3.49,+30.311, +1.174,+0.985
1629987420,+3.49,+30.311, +1.252,+0.985
1629987480,+3.49,+30.303, +1.303,+0.985
1629987540,+3.49,+30.303, +1.325,+0.985
1629987600,+3.49,+30.311, +1.399,+0.986
1629987660,+3.49,+30.311, +1.401,+0.986
1629987720,+3.49,+30.320, +1.382,+0.986
1629987780,+3.49,+30.303, +1.391,+0.986
1629987840,+3.49,+30.311, +1.364,+0.986
1629987900,+3.49,+30.303, +1.309,+0.985
1629987960,+3.49,+30.329, +1.324,+0.985
1629988020,+3.49,+30.311, +1.351,+0.986
1629988080,+3.49,+30.320, +1.370,+0.985
1629988140,+3.49,+30.337, +1.390,+0.986
1629988200,+3.49,+30.346, +1.404,+0.986
1629988260,+3.49,+30.329, +1.392,+0.986
1629988320,+3.49,+30.337, +1.400,+0.986
1629988380,+3.49,+30.329, +1.370,+0.986
1629988440,+3.49,+30.337, +1.384,+0.986
1629988500,+3.49,+30.355, +1.395,+0.985
1629988560,+3.49,+30.355, +1.437,+0.986
1629988620,+3.49,+30.372, +1.436,+0.985
1629988680,+3.49,+30.372, +1.407,+0.985
1629988740,+3.49,+30.363, +1.388,+0.985
1629988800,+3.49,+30.355, +1.342,+0.985
1629988860,+3.49,+30.372, +1.246,+0.985
1629988920,+3.49,+30.389, +1.310,+0.985
1629988980,+3.49,+30.380, +1.375,+0.985
1629989040,+3.49,+30.389, +1.409,+0.985
1629989100,+3.49,+30.380, +1.478,+0.985
1629989160,+3.49,+30.406, +1.507,+0.985
1629989220,+3.49,+30.398, +1.570,+0.985
1629989280,+3.49,+30.406, +1.543,+0.985
1629989340,+3.49,+30.415, +1.517,+0.985
1629989400,+3.49,+30.406, +1.453,+0.985
1629989460,+3.49,+30.406, +1.712,+0.986
1629989520,+3.49,+30.398, +1.753,+0.986
1629989580,+3.49,+30.432, +1.773,+0.986
1629989640,+3.49,+30.441, +1.824,+0.986
1629989700,+3.49,+30.424, +1.700,+0.985
1629989760,+3.49,+30.415, +1.662,+0.986
1629989820,+3.49,+30.432, +1.647,+0.985
1629989880,+3.49,+30.441, +1.659,+0.986
1629989940,+3.49,+30.432, +1.616,+0.985
1629990000,+3.49,+30.441, +1.683,+0.985
1629990060,+3.49,+30.441, +1.750,+0.986
1629990120,+3.49,+30.467, +1.809,+0.985
1629990180,+3.49,+30.458, +1.882,+0.986
1629990240,+3.49,+30.458, +1.964,+0.985
1629990300,+3.49,+30.467, +2.008,+0.985
1629990360,+3.49,+30.458, +2.003,+0.986
1629990420,+3.49,+30.458, +2.020,+0.985
1629990480,+3.49,+30.467, +2.067,+0.985
1629990540,+3.49,+30.467, +2.055,+0.986
1629990600,+3.49,+30.493, +2.024,+0.986
1629990660,+3.49,+30.476, +2.305,+0.985
1629990720,+3.49,+30.476, +2.319,+0.986
1629990780,+3.49,+30.502, +2.342,+0.986
1629990840,+3.49,+30.476, +2.330,+0.985
1629990900,+3.49,+30.502, +2.427,+0.985
1629990960,+3.49,+30.510, +2.419,+0.986
1629991020,+3.49,+30.510, +2.390,+0.986
1629991080,+3.49,+30.510, +2.499,+0.985
1629991140,+3.49,+30.519, +2.423,+0.986
1629991200,+3.49,+30.528, +2.385,+0.985
1629991260,+3.49,+30.528, +2.371,+0.986
1629991320,+3.49,+30.528, +2.312,+0.986
1629991380,+3.49,+30.536, +2.293,+0.985
1629991440,+3.49,+30.536, +2.433,+0.985
1629991500,+3.49,+30.545, +2.565,+0.985
1629991560,+3.49,+30.528, +2.627,+0.985
1629991620,+3.49,+30.519, +2.683,+0.985
1629991680,+3.49,+30.562, +2.716,+0.985
1629991740,+3.49,+30.554, +2.735,+0.985
1629991800,+3.49,+30.545, +2.539,+0.985
1629991860,+3.49,+30.545, +2.182,+0.985
1629991920,+3.49,+30.571, +2.293,+0.985
1629991980,+3.49,+30.580, +2.718,+0.985
1629992040,+3.49,+30.597, +2.789,+0.985
1629992100,+3.49,+30.580, +2.761,+0.985
1629992160,+3.49,+30.588, +2.844,+0.985
1629992220,+3.49,+30.597, +2.854,+0.985
1629992280,+3.49,+30.614, +2.835,+0.985
1629992340,+3.49,+30.623, +2.871,+0.985
1629992400,+3.49,+30.606, +2.980,+0.985
1629992460,+3.49,+30.614, +3.111,+0.985
1629992520,+3.49,+30.606, +3.014,+0.985
1629992580,+3.49,+30.614, +3.156,+0.984
1629992640,+3.49,+30.623, +3.099,+0.984
1629992700,+3.49,+30.632, +3.201,+0.985
1629992760,+3.49,+30.632, +3.240,+0.984
1629992820,+3.49,+30.666, +3.246,+0.984
1629992880,+3.49,+30.666, +3.245,+0.984
1629992940,+3.49,+30.675, +3.232,+0.984
1629993000,+3.49,+30.649, +3.229,+0.985
1629993060,+3.49,+30.658, +3.126,+0.984
1629993120,+3.49,+30.658, +3.076,+0.985
1629993180,+3.49,+30.684, +3.078,+0.985
1629993240,+3.49,+30.692, +3.157,+0.984
1629993300,+3.49,+30.658, +3.128,+0.984
1629993360,+3.49,+30.675, +2.932,+0.984
1629993420,+3.49,+30.666, +2.939,+0.985
1629993480,+3.49,+30.658, +2.958,+0.985
1629993540,+3.49,+30.666, +3.021,+0.985
1629993600,+3.49,+30.684, +3.017,+0.984
1629993660,+3.49,+30.658, +2.946,+0.984
1629993720,+3.49,+30.684, +2.979,+0.985
1629993780,+3.49,+30.701, +3.182,+0.984
1629993840,+3.49,+30.710, +3.308,+0.984
1629993900,+3.49,+30.701, +3.288,+0.984
1629993960,+3.49,+30.718, +3.211,+0.984
1629994020,+3.49,+30.718, +3.188,+0.984
1629994080,+3.49,+30.718, +3.402,+0.984
1629994140,+3.49,+30.744, +3.405,+0.984
1629994200,+3.49,+30.744, +3.303,+0.984
1629994260,+3.49,+30.736, +3.348,+0.984
1629994320,+3.49,+30.736, +3.291,+0.984
1629994380,+3.48,+30.762, +3.201,+0.984
1629994440,+3.49,+30.762, +3.233,+0.984
1629994500,+3.49,+30.779, +3.278,+0.984
1629994560,+3.49,+30.796, +3.319,+0.984
1629994620,+3.49,+30.770, +3.319,+0.984
1629994680,+3.49,+30.788, +3.355,+0.984
1629994740,+3.49,+30.805, +3.336,+0.984
1629994800,+3.49,+30.814, +3.502,+0.984
1629994860,+3.49,+30.805, +3.658,+0.984
1629994920,+3.49,+30.822, +3.604,+0.984
1629994980,+3.49,+30.814, +3.539,+0.983
1629995040,+3.49,+30.788, +3.421,+0.984
1629995100,+3.49,+30.805, +3.559,+0.984
1629995160,+3.49,+30.814, +3.630,+0.983
1629995220,+3.49,+30.822, +3.515,+0.984
1629995280,+3.49,+30.822, +3.471,+0.984
1629995340,+3.49,+30.814, +3.451,+0.984
1629995400,+3.49,+30.831, +3.494,+0.984
1629995460,+3.49,+30.848, +3.567,+0.984
1629995520,+3.49,+30.857, +3.682,+0.983
1629995580,+3.49,+30.848, +3.730,+0.983
1629995640,+3.49,+30.857, +3.732,+0.983
1629995700,+3.49,+30.883, +3.779,+0.984
1629995760,+3.49,+30.892, +3.733,+0.983
1629995820,+3.49,+30.918, +3.829,+0.983
1629995880,+3.49,+30.900, +4.082,+0.983
1629995940,+3.49,+30.909, +4.158,+0.983
1629996000,+3.49,+30.883, +4.088,+0.983
1629996060,+3.49,+30.909, +4.060,+0.983
1629996120,+3.49,+30.927, +4.046,+0.983
1629996180,+3.49,+30.918, +4.097,+0.983
1629996240,+3.49,+30.944, +4.177,+0.983
1629996300,+3.49,+30.918, +4.158,+0.983
1629996360,+3.49,+30.944, +4.194,+0.983
1629996420,+3.49,+30.961, +4.210,+0.982
1629996480,+3.49,+30.953, +4.235,+0.983
1629996540,+3.49,+30.987, +4.471,+0.983
1629996600,+3.49,+31.005, +4.622,+0.982
1629996660,+3.49,+31.031, +4.708,+0.982
1629996720,+3.49,+31.031, +4.696,+0.982
1629996780,+3.49,+31.039, +4.724,+0.983
1629996840,+3.49,+31.057, +4.675,+0.982
1629996900,+3.49,+31.048, +4.713,+0.982
1629996960,+3.49,+31.039, +4.661,+0.982
1629997020,+3.49,+31.005, +4.542,+0.983
1629997080,+3.49,+31.022, +4.362,+0.982
1629997140,+3.49,+31.048, +4.233,+0.983
1629997200,+3.49,+31.039, +4.253,+0.982
1629997260,+3.49,+31.074, +4.500,+0.982
1629997320,+3.49,+31.039, +4.577,+0.982
1629997380,+3.49,+31.065, +4.583,+0.982
1629997440,+3.49,+31.092, +4.835,+0.982
1629997500,+3.49,+31.152, +5.026,+0.982
1629997560,+3.49,+31.152, +5.041,+0.982
1629997620,+3.49,+31.144, +4.896,+0.982
1629997680,+3.49,+31.135, +4.884,+0.982
1629997740,+3.49,+31.144, +5.034,+0.981
1629997800,+3.49,+31.161, +5.369,+0.982
1629997860,+3.49,+31.161, +5.246,+0.982
1629997920,+3.49,+31.179, +5.177,+0.982
1629997980,+3.49,+31.144, +4.983,+0.982
1629998040,+3.49,+31.135, +4.750,+0.982
1629998100,+3.49,+31.135, +4.667,+0.982
1629998160,+3.49,+31.152, +4.605,+0.982
1629998220,+3.49,+31.144, +4.722,+0.982
1629998280,+3.49,+31.135, +4.662,+0.982
1629998340,+3.49,+31.135, +4.842,+0.982
1629998400,+3.49,+31.118, +4.743,+0.982
1629998460,+3.49,+31.135, +4.631,+0.982
1629998520,+3.49,+31.161, +4.705,+0.982
1629998580,+3.49,+31.170, +4.913,+0.981
1629998640,+3.49,+31.187, +5.015,+0.982
1629998700,+3.49,+31.213, +5.017,+0.982
1629998760,+3.49,+31.222, +5.376,+0.982
1629998820,+3.49,+31.257, +5.402,+0.981
1629998880,+3.49,+31.318, +5.654,+0.981
1629998940,+3.49,+31.353, +5.858,+0.981
1629999000,+3.49,+31.379, +5.869,+0.981
1629999060,+3.49,+31.344, +5.745,+0.982
1629999120,+3.49,+31.370, +5.541,+0.981
1629999180,+3.49,+31.344, +5.392,+0.981
1629999240,+3.49,+31.353, +5.365,+0.982
1629999300,+3.49,+31.370, +5.337,+0.981
1629999360,+3.49,+31.370, +5.326,+0.981
1629999420,+3.49,+31.353, +5.359,+0.981
1629999480,+3.49,+31.361, +5.432,+0.981
1629999540,+3.49,+31.370, +5.515,+0.981
1629999600,+3.49,+31.361, +5.533,+0.982
1629999660,+3.49,+31.379, +5.452,+0.981
1629999720,+3.49,+31.379, +5.534,+0.981
1629999780,+3.49,+31.353, +5.471,+0.981
1629999840,+3.49,+31.361, +5.408,+0.982
1629999900,+3.49,+31.370, +5.507,+0.981
1629999960,+3.49,+31.387, +5.672,+0.981
1630000020,+3.49,+31.422, +5.799,+0.982
1630000080,+3.49,+31.431, +5.771,+0.981
1630000140,+3.49,+31.440, +5.846,+0.981
1630000200,+3.49,+31.431, +5.797,+0.981
1630000260,+3.49,+31.431, +5.742,+0.982
1630000320,+3.49,+31.414, +5.634,+0.981
1630000380,+3.49,+31.405, +5.498,+0.982
1630000440,+3.49,+31.396, +5.541,+0.981
1630000500,+3.49,+31.405, +5.661,+0.981
1630000560,+3.49,+31.396, +5.591,+0.982
1630000620,+3.49,+31.405, +5.494,+0.981
1630000680,+3.49,+31.405, +5.437,+0.981
1630000740,+3.49,+31.396, +5.405,+0.981
1630000800,+3.49,+31.414, +5.407,+0.981
1630000860,+3.49,+31.431, +5.459,+0.981
1630000920,+3.49,+31.405, +5.754,+0.981
1630000980,+3.49,+31.387, +5.972,+0.982
1630001040,+3.49,+31.387, +5.766,+0.981
1630001100,+3.49,+31.414, +5.678,+0.982
1630001160,+3.49,+31.387, +5.725,+0.982
1630001220,+3.49,+31.414, +5.792,+0.981
1630001280,+3.49,+31.405, +5.814,+0.981
1630001340,+3.49,+31.405, +5.914,+0.981
1630001400,+3.49,+31.414, +5.825,+0.981
1630001460,+3.49,+31.431, +5.773,+0.981
1630001520,+3.49,+31.457, +5.752,+0.981
1630001580,+3.49,+31.518, +6.187,+0.981
1630001640,+3.49,+31.518, +6.346,+0.981
1630001700,+3.49,+31.518, +6.305,+0.981
1630001760,+3.49,+31.536, +6.139,+0.981
1630001820,+3.49,+31.527, +5.996,+0.980
1630001880,+3.49,+31.509, +5.922,+0.981
1630001940,+3.49,+31.509, +6.011,+0.981
1630002000,+3.49,+31.501, +6.007,+0.981
1630002060,+3.49,+31.501, +5.924,+0.981
1630002120,+3.49,+31.501, +5.955,+0.981
1630002180,+3.49,+31.536, +6.013,+0.981
1630002240,+3.49,+31.544, +6.111,+0.981
1630002300,+3.49,+31.570, +6.215,+0.981
1630002360,+3.49,+31.588, +6.359,+0.981
1630002420,+3.49,+31.614, +6.571,+0.980
1630002480,+3.49,+31.649, +6.677,+0.981
1630002540,+3.49,+31.658, +6.744,+0.981
1630002600,+3.49,+31.649, +6.768,+0.981
1630002660,+3.49,+31.675, +6.759,+0.980
1630002720,+3.49,+31.684, +6.871,+0.980
1630002780,+3.49,+31.684, +6.816,+0.980
1630002840,+3.49,+31.666, +6.724,+0.980
1630002900,+3.49,+31.675, +6.641,+0.981
1630002960,+3.49,+31.675, +6.976,+0.981
1630003020,+3.49,+31.701, +7.045,+0.981
1630003080,+3.49,+31.710, +7.150,+0.980
1630003140,+3.49,+31.728, +7.265,+0.981
1630003200,+3.49,+31.719, +7.128,+0.982
1630003260,+3.49,+31.710, +6.947,+0.980
1630003320,+3.49,+31.684, +6.924,+0.981
1630003380,+3.49,+31.693, +6.871,+0.981
1630003440,+3.49,+31.728, +6.901,+0.980
1630003500,+3.49,+31.719, +7.094,+0.981
1630003560,+3.49,+31.719, +7.158,+0.981
1630003620,+3.49,+31.684, +6.942,+0.981
1630003680,+3.49,+31.693, +6.977,+0.980
1630003740,+3.49,+31.675, +7.287,+0.980
1630003800,+3.49,+31.701, +7.491,+0.981
1630003860,+3.49,+31.710, +7.515,+0.980
1630003920,+3.49,+31.719, +7.408,+0.981
1630003980,+3.49,+31.745, +7.571,+0.980
1630004040,+3.49,+31.780, +7.522,+0.981
1630004100,+3.49,+31.815, +7.564,+0.981
1630004160,+3.49,+31.832, +7.567,+0.980
1630004220,+3.49,+31.841, +7.520,+0.980
1630004280,+3.49,+31.867, +7.553,+0.981
1630004340,+3.49,+31.885, +7.721,+0.980
1630004400,+3.49,+31.859, +7.825,+0.980
1630004460,+3.49,+31.859, +7.762,+0.980
1630004520,+3.49,+31.885, +7.656,+0.981
1630004580,+3.49,+31.894, +7.552,+0.980
1630004640,+3.49,+31.885, +7.514,+0.980
1630004700,+3.49,+31.894, +7.623,+0.980
1630004760,+3.49,+31.928, +7.780,+0.980
1630004820,+3.49,+31.946, +7.929,+0.981
1630004880,+3.49,+32.007, +8.114,+0.979
1630004940,+3.49,+31.981, +8.239,+0.981
1630005000,+3.49,+32.033, +8.289,+0.980
1630005060,+3.49,+32.042, +8.261,+0.980
1630005120,+3.49,+32.033, +8.239,+0.980
1630005180,+3.49,+32.025, +8.332,+0.981
1630005240,+3.49,+32.033, +8.206,+0.980
1630005300,+3.49,+32.016, +8.012,+0.980
1630005360,+3.49,+31.981, +8.209,+0.980
1630005420,+3.49,+31.998, +8.451,+0.981
1630005480,+3.49,+32.007, +8.404,+0.981
1630005540,+3.49,+32.016, +8.334,+0.980
1630005600,+3.49,+32.025, +8.402,+0.980
1630005660,+3.49,+32.033, +8.392,+0.980
1630005720,+3.49,+32.033, +8.485,+0.980
1630005780,+3.49,+32.060, +8.575,+0.980
1630005840,+3.49,+32.095, +8.706,+0.980
1630005900,+3.49,+32.095, +8.791,+0.980
1630005960,+3.49,+32.103, +8.812,+0.980
1630006020,+3.49,+32.068, +8.739,+0.980
1630006080,+3.49,+32.086, +8.797,+0.980
1630006140,+3.49,+32.095, +8.948,+0.980
1630006200,+3.49,+32.095, +9.040,+0.980
1630006260,+3.49,+32.130, +9.043,+0.981
1630006320,+3.49,+32.130, +8.982,+0.979
1630006380,+3.49,+32.130, +8.866,+0.979
1630006440,+3.49,+32.130, +8.812,+0.980
1630006500,+3.49,+32.147, +8.998,+0.980
1630006560,+3.49,+32.191, +9.145,+0.980
1630006620,+3.49,+32.139, +9.296,+0.981
1630006680,+3.49,+32.121, +9.185,+0.980
1630006740,+3.49,+32.068, +9.091,+0.980
1630006800,+3.49,+32.051, +9.022,+0.981
1630006860,+3.49,+32.068, +9.161,+0.980
1630006920,+3.49,+32.103, +9.301,+0.981
1630006980,+3.49,+32.130, +9.571,+0.980
1630007040,+3.49,+32.121, +9.587,+0.981
1630007100,+3.49,+32.156, +9.590,+0.980
1630007160,+3.49,+32.156, +9.612,+0.980
1630007220,+3.49,+32.165, +9.710,+0.981
1630007280,+3.49,+32.200, +9.725,+0.980
1630007340,+3.49,+32.209, +9.860,+0.981
1630007400,+3.49,+32.261, +9.955,+0.982
1630007460,+3.49,+32.279, +9.806,+0.980
1630007520,+3.49,+32.305, +9.788,+0.980
1630007580,+3.49,+32.279, +9.865,+0.980
1630007640,+3.49,+32.314,+10.044,+0.981
1630007700,+3.49,+32.314, +9.931,+0.980
1630007760,+3.49,+32.340,+10.026,+0.980
1630007820,+3.49,+32.340,+10.123,+0.980
1630007880,+3.49,+32.358,+10.121,+0.980
1630007940,+3.49,+32.358,+10.103,+0.979
1630008000,+3.49,+32.410,+10.315,+0.979
1630008060,+3.49,+32.454,+10.447,+0.979
1630008120,+3.49,+32.428,+10.361,+0.980
1630008180,+3.49,+32.428,+10.276,+0.980
1630008240,+3.49,+32.472,+10.295,+0.980
1630008300,+3.49,+32.445,+10.211,+0.980
1630008360,+3.49,+32.428,+10.125,+0.980
1630008420,+3.49,+32.401,+10.089,+0.979
1630008480,+3.49,+32.401,+10.051,+0.981
1630008540,+3.49,+32.393, +9.986,+0.981
1630008600,+3.49,+32.375,+10.009,+0.981
1630008660,+3.49,+32.375,+10.023,+0.980
1630008720,+3.49,+32.366, +9.996,+0.980
1630008780,+3.49,+32.340,+10.030,+0.981
1630008840,+3.49,+32.375,+10.014,+0.980
1630008900,+3.49,+32.375,+10.112,+0.981
1630008960,+3.49,+32.375,+10.157,+0.980
1630009020,+3.49,+32.393,+10.138,+0.980
1630009080,+3.49,+32.419,+10.035,+0.981
1630009140,+3.49,+32.437,+10.013,+0.979
1630009200,+3.49,+32.410,+10.012,+0.979
1630009260,+3.49,+32.445, +9.999,+0.980
1630009320,+3.49,+32.454,+10.295,+0.981
1630009380,+3.49,+32.472,+10.338,+0.980
1630009440,+3.49,+32.489,+10.219,+0.979
1630009500,+3.49,+32.498,+10.194,+0.980
1630009560,+3.49,+32.498,+10.285,+0.979
1630009620,+3.49,+32.516,+10.459,+0.980
1630009680,+3.49,+32.542,+10.746,+0.982
1630009740,+3.49,+32.559,+10.743,+0.980
1630009800,+3.49,+32.559,+10.835,+0.981
1630009860,+3.49,+32.516,+10.640,+0.980
1630009920,+3.49,+32.498,+10.517,+0.981
1630009980,+3.49,+32.472,+10.412,+0.979
1630010040,+3.49,+32.516,+10.439,+0.980
1630010100,+3.49,+32.516,+10.492,+0.983
1630010160,+3.49,+32.533,+10.447,+0.981
1630010220,+3.49,+32.524,+10.511,+0.981
1630010280,+3.49,+32.507,+10.555,+0.980
1630010340,+3.49,+32.489,+10.533,+0.981
1630010400,+3.49,+32.463,+10.516,+0.980
1630010460,+3.49,+32.445,+10.501,+0.981
1630010520,+3.49,+32.437,+10.765,+0.981
1630010580,+3.49,+32.472,+10.926,+0.981
1630010640,+3.49,+32.480,+11.072,+0.982
1630010700,+3.49,+32.507,+11.101,+0.982
1630010760,+3.49,+32.489,+11.038,+0.980
1630010820,+3.49,+32.498,+11.050,+0.980
1630010880,+3.49,+32.516,+11.086,+0.980
1630010940,+3.49,+32.524,+11.107,+0.981
1630011000,+3.49,+32.516,+11.176,+0.981
1630011060,+3.49,+32.498,+11.217,+0.981
1630011120,+3.49,+32.480,+11.236,+0.980
1630011180,+3.49,+32.524,+11.324,+0.981
1630011240,+3.49,+32.507,+11.329,+0.979
1630011300,+3.49,+32.524,+11.369,+0.981
1630011360,+3.49,+32.524,+11.428,+0.982
1630011420,+3.49,+32.516,+11.634,+0.981
1630011480,+3.49,+32.577,+11.860,+0.983
1630011540,+3.49,+32.621,+11.901,+0.983
1630011600,+3.49,+32.639,+11.854,+0.979
1630011660,+3.49,+32.665,+11.848,+0.981
1630011720,+3.49,+32.674,+11.840,+0.981
1630011780,+3.49,+32.665,+11.949,+0.981
1630011840,+3.49,+32.700,+11.909,+0.980
1630011900,+3.49,+32.770,+11.968,+0.980
1630011960,+3.49,+32.788,+11.971,+0.980
1630012020,+3.49,+32.770,+11.859,+0.981
1630012080,+3.49,+32.718,+11.815,+0.981
1630012140,+3.49,+32.691,+11.741,+0.980
1630012200,+3.49,+32.709,+11.758,+0.979
1630012260,+3.49,+32.735,+11.987,+0.980
1630012320,+3.49,+32.709,+11.864,+0.981
1630012380,+3.49,+32.744,+11.844,+0.980
1630012440,+3.49,+32.735,+11.730,+0.980
1630012500,+3.49,+32.735,+11.618,+0.981
1630012560,+3.49,+32.735,+11.640,+0.980
1630012620,+3.49,+32.753,+11.734,+0.981
1630012680,+3.49,+32.735,+11.646,+0.981
1630012740,+3.49,+32.744,+11.702,+0.981
1630012800,+3.49,+32.770,+11.613,+0.981
1630012860,+3.49,+32.788,+11.578,+0.981
1630012920,+3.49,+32.788,+11.585,+0.979
1630012980,+3.49,+32.788,+11.686,+0.981
1630013040,+3.49,+32.806,+11.714,+0.982
1630013100,+3.49,+32.797,+11.590,+0.980
1630013160,+3.49,+32.823,+11.626,+0.981
1630013220,+3.49,+32.876,+11.632,+0.980
1630013280,+3.49,+32.858,+11.610,+0.980
1630013340,+3.49,+32.858,+11.591,+0.980
1630013400,+3.49,+32.867,+11.654,+0.980
1630013460,+3.49,+32.902,+11.767,+0.980
1630013520,+3.49,+32.938,+11.860,+0.980
1630013580,+3.49,+32.946,+11.872,+0.980
1630013640,+3.49,+32.955,+11.885,+0.980
1630013700,+3.49,+32.955,+11.858,+0.981
1630013760,+3.49,+32.920,+11.703,+0.980
1630013820,+3.49,+32.858,+11.777,+0.980
1630013880,+3.49,+32.858,+11.822,+0.980
1630013940,+3.49,+32.841,+11.881,+0.980
1630014000,+3.49,+32.867,+11.908,+0.980
1630014060,+3.49,+32.850,+11.913,+0.980
1630014120,+3.49,+32.876,+11.939,+0.980
1630014180,+3.49,+32.850,+12.015,+0.981
1630014240,+3.49,+32.876,+11.999,+0.981
1630014300,+3.49,+32.823,+11.919,+0.979
1630014360,+3.49,+32.797,+12.029,+0.981
1630014420,+3.49,+32.841,+11.996,+0.981
1630014480,+3.49,+32.858,+11.949,+0.981
1630014540,+3.49,+32.867,+12.025,+0.981
1630014600,+3.49,+32.885,+12.370,+0.982
1630014660,+3.49,+32.946,+12.386,+0.979
1630014720,+3.49,+32.955,+12.351,+0.980
1630014780,+3.49,+32.876,+12.407,+0.980
1630014840,+3.49,+32.876,+12.484,+0.980
1630014900,+3.49,+32.850,+12.451,+0.982
1630014960,+3.49,+32.841,+12.387,+0.981
1630015020,+3.49,+32.823,+12.428,+0.980
1630015080,+3.49,+32.814,+12.540,+0.982
1630015140,+3.49,+32.806,+12.490,+0.981
1630015200,+3.49,+32.788,+12.517,+0.980
1630015260,+3.49,+32.753,+12.551,+0.982
1630015320,+3.49,+32.788,+12.529,+0.982
1630015380,+3.49,+32.762,+12.508,+0.980
1630015440,+3.49,+32.806,+12.633,+0.980
1630015500,+3.49,+32.806,+12.664,+0.981
1630015560,+3.49,+32.779,+12.725,+0.982
1630015620,+3.49,+32.832,+12.760,+0.982
1630015680,+3.49,+32.885,+12.712,+0.980
1630015740,+3.49,+32.894,+12.725,+0.981
1630015800,+3.49,+32.999,+12.774,+0.981
1630015860,+3.49,+33.026,+12.756,+0.980
1630015920,+3.49,+33.070,+12.774,+0.981
1630015980,+3.49,+33.105,+12.733,+0.980
1630016040,+3.49,+33.140,+12.719,+0.981
1630016100,+3.49,+33.184,+12.718,+0.980
1630016160,+3.49,+33.123,+12.732,+0.980
1630016220,+3.49,+33.114,+13.011,+0.979
1630016280,+3.49,+33.105,+13.123,+0.982
1630016340,+3.49,+33.114,+13.116,+0.981
1630016400,+3.49,+33.114,+13.018,+0.981
1630016460,+3.49,+33.140,+12.977,+0.981
1630016520,+3.49,+33.149,+13.008,+0.981
1630016580,+3.49,+33.123,+12.996,+0.981
1630016640,+3.49,+33.096,+12.956,+0.982
1630016700,+3.49,+33.105,+12.877,+0.981
1630016760,+3.49,+33.105,+12.762,+0.980
1630016820,+3.49,+33.079,+12.819,+0.980
1630016880,+3.49,+33.087,+12.617,+0.980
1630016940,+3.49,+33.096,+12.553,+0.980
1630017000,+3.49,+33.105,+12.587,+0.981
1630017060,+3.49,+33.087,+12.517,+0.980
1630017120,+3.49,+33.061,+12.497,+0.980
1630017180,+3.49,+33.061,+12.416,+0.980
1630017240,+3.49,+33.017,+12.332,+0.979
1630017300,+3.49,+32.999,+12.357,+0.981
1630017360,+3.49,+33.008,+12.329,+0.981
1630017420,+3.49,+32.982,+12.269,+0.981
1630017480,+3.49,+33.008,+12.295,+0.981
1630017540,+3.49,+33.026,+12.452,+0.980
1630017600,+3.49,+33.061,+12.416,+0.981
1630017660,+3.49,+33.052,+12.325,+0.981
1630017720,+3.49,+33.061,+12.293,+0.981
1630017780,+3.49,+33.096,+12.574,+0.981
1630017840,+3.49,+33.123,+12.620,+0.982
1630017900,+3.49,+33.132,+12.587,+0.980
1630017960,+3.49,+33.167,+12.647,+0.980
1630018020,+3.49,+33.176,+12.685,+0.980
1630018080,+3.49,+33.158,+12.790,+0.982
1630018140,+3.49,+33.140,+12.981,+0.981
1630018200,+3.49,+33.132,+12.959,+0.982
1630018260,+3.49,+33.105,+12.850,+0.982
1630018320,+3.49,+33.096,+12.678,+0.980
1630018380,+3.49,+33.096,+12.588,+0.980
1630018440,+3.49,+33.105,+12.764,+0.981
1630018500,+3.49,+33.070,+12.663,+0.980
1630018560,+3.49,+33.043,+12.605,+0.981
1630018620,+3.49,+33.035,+12.461,+0.981
1630018680,+3.49,+33.026,+12.526,+0.981
1630018740,+3.49,+33.017,+12.540,+0.982
1630018800,+3.49,+33.035,+12.461,+0.979
1630018860,+3.49,+33.052,+12.408,+0.982
1630018920,+3.49,+33.070,+12.388,+0.982
1630018980,+3.49,+33.079,+12.451,+0.982
1630019040,+3.49,+33.114,+12.713,+0.982
1630019100,+3.49,+33.132,+12.772,+0.981
1630019160,+3.49,+33.149,+12.780,+0.983
1630019220,+3.49,+33.149,+12.777,+0.982
1630019280,+3.49,+33.123,+12.437,+0.981
1630019340,+3.49,+33.114,+12.281,+0.980
1630019400,+3.49,+33.132,+12.291,+0.980
1630019460,+3.49,+33.149,+12.537,+0.979
1630019520,+3.49,+33.096,+12.295,+0.981
1630019580,+3.49,+33.114,+12.320,+0.981
1630019640,+3.49,+33.123,+12.527,+0.981
1630019700,+3.49,+33.158,+12.840,+0.980
1630019760,+3.49,+33.167,+12.890,+0.981
1630019820,+3.49,+33.184,+12.541,+0.979
1630019880,+3.49,+33.149,+12.518,+0.981
1630019940,+3.49,+33.158,+12.451,+0.981
1630020000,+3.49,+33.193,+12.764,+0.981
1630020060,+3.49,+33.229,+13.016,+0.980
1630020120,+3.49,+33.176,+12.645,+0.981
1630020180,+3.49,+33.167,+12.253,+0.979
1630020240,+3.49,+33.167,+12.095,+0.980
1630020300,+3.49,+33.149,+12.058,+0.981
1630020360,+3.49,+33.167,+12.086,+0.981
1630020420,+3.49,+33.158,+12.129,+0.980
1630020480,+3.49,+33.123,+11.937,+0.981
1630020540,+3.49,+33.061,+11.685,+0.980
1630020600,+3.49,+33.035,+11.547,+0.980
1630020660,+3.49,+33.061,+11.820,+0.981
1630020720,+3.49,+33.070,+11.917,+0.981
1630020780,+3.49,+33.105,+12.019,+0.981
1630020840,+3.49,+33.105,+11.902,+0.980
1630020900,+3.49,+33.087,+11.820,+0.981
1630020960,+3.49,+33.079,+11.810,+0.980
1630021020,+3.49,+33.114,+11.917,+0.980
1630021080,+3.49,+33.140,+12.061,+0.981
1630021140,+3.49,+33.132,+12.144,+0.980
1630021200,+3.49,+33.176,+12.394,+0.981
1630021260,+3.49,+33.167,+12.495,+0.981
1630021320,+3.49,+33.176,+12.367,+0.981
1630021380,+3.50,+33.211,+12.487,+0.981
1630021440,+3.50,+33.193,+12.366,+0.982
1630021500,+3.49,+33.123,+11.786,+0.980
1630021560,+3.49,+33.158,+11.915,+0.982
1630021620,+3.49,+33.149,+11.989,+0.981
1630021680,+3.49,+33.140,+11.869,+0.980
1630021740,+3.49,+33.105,+11.922,+0.981
1630021800,+3.49,+33.114,+11.863,+0.981
1630021860,+3.49,+33.096,+11.646,+0.981
1630021920,+3.49,+33.043,+11.379,+0.979
1630021980,+3.49,+33.087,+11.962,+0.981
1630022040,+3.49,+33.123,+12.203,+0.981
1630022100,+3.49,+33.070,+11.976,+0.981
1630022160,+3.49,+33.070,+11.760,+0.980
1630022220,+3.49,+33.079,+11.635,+0.980
1630022280,+3.49,+33.114,+11.872,+0.981
1630022340,+3.49,+33.158,+12.304,+0.981
1630022400,+3.49,+33.176,+12.503,+0.981
1630022460,+3.49,+33.184,+12.396,+0.981
1630022520,+3.49,+33.096,+11.955,+0.980
1630022580,+3.49,+33.123,+12.061,+0.981
1630022640,+3.49,+33.079,+11.637,+0.980
1630022700,+3.49,+33.052,+11.450,+0.981
1630022760,+3.49,+33.070,+11.873,+0.982
1630022820,+3.49,+33.087,+11.817,+0.980
1630022880,+3.49,+33.087,+11.746,+0.982
1630022940,+3.49,+33.087,+11.733,+0.981
1630023000,+3.49,+33.087,+11.682,+0.981
1630023060,+3.49,+33.096,+11.621,+0.981
1630023120,+3.49,+33.096,+11.651,+0.981
1630023180,+3.49,+33.105,+11.661,+0.982
1630023240,+3.49,+33.096,+11.577,+0.981
1630023300,+3.49,+33.096,+11.628,+0.983
1630023360,+3.49,+33.123,+11.692,+0.981
1630023420,+3.49,+33.105,+11.674,+0.980
1630023480,+3.49,+33.132,+11.736,+0.980
1630023540,+3.49,+33.158,+11.856,+0.980
1630023600,+3.49,+33.149,+12.150,+0.981
1630023660,+3.50,+33.193,+12.686,+0.983
1630023720,+3.49,+33.193,+12.889,+0.981
1630023780,+3.50,+33.193,+12.839,+0.981
1630023840,+3.50,+33.211,+12.764,+0.981
1630023900,+3.49,+33.184,+12.586,+0.981
1630023960,+3.49,+33.140,+12.268,+0.982
1630024020,+3.49,+33.105,+12.283,+0.981
1630024080,+3.49,+33.114,+12.391,+0.981
1630024140,+3.50,+33.167,+12.823,+0.981
1630024200,+3.49,+33.176,+13.113,+0.982
1630024260,+3.49,+33.167,+13.196,+0.981
1630024320,+3.49,+33.140,+12.776,+0.981
1630024380,+3.49,+33.149,+12.825,+0.981
1630024440,+3.49,+33.158,+12.944,+0.982
1630024500,+3.49,+33.176,+13.008,+0.982
1630024560,+3.49,+33.167,+12.907,+0.981
1630024620,+3.50,+33.211,+13.217,+0.981
1630024680,+3.49,+33.264,+13.445,+0.982
1630024740,+3.50,+33.264,+13.344,+0.980
1630024800,+3.50,+33.246,+13.192,+0.981
1630024860,+3.50,+33.264,+13.208,+0.982
1630024920,+3.50,+33.220,+13.178,+0.983
1630024980,+3.50,+33.202,+12.844,+0.980
1630025040,+3.50,+33.193,+12.644,+0.980
1630025100,+3.49,+33.176,+12.527,+0.981
1630025160,+3.49,+33.158,+12.470,+0.982
1630025220,+3.49,+33.140,+12.314,+0.981
1630025280,+3.50,+33.167,+12.438,+0.981
1630025340,+3.49,+33.167,+12.699,+0.981
1630025400,+3.49,+33.149,+12.675,+0.981
1630025460,+3.50,+33.176,+12.704,+0.981
1630025520,+3.50,+33.167,+12.781,+0.981
1630025580,+3.50,+33.184,+12.856,+0.982
1630025640,+3.50,+33.176,+12.755,+0.981
1630025700,+3.49,+33.184,+12.850,+0.982
1630025760,+3.50,+33.184,+12.747,+0.981
1630025820,+3.50,+33.176,+12.761,+0.981
1630025880,+3.49,+33.149,+12.496,+0.981
1630025940,+3.49,+33.149,+12.477,+0.981
1630026000,+3.49,+33.149,+12.332,+0.980
1630026060,+3.49,+33.158,+12.513,+0.981
1630026120,+3.50,+33.176,+12.497,+0.979
1630026180,+3.49,+33.167,+12.636,+0.982
1630026240,+3.50,+33.193,+12.710,+0.981
1630026300,+3.50,+33.193,+12.825,+0.981
1630026360,+3.50,+33.184,+12.820,+0.981
1630026420,+3.50,+33.211,+12.937,+0.980
1630026480,+3.50,+33.158,+12.435,+0.981
1630026540,+3.49,+33.149,+12.338,+0.981
