7450-387970
OS REV: 1.05 Sensor Cal: 1615486469
Time (sec),  BV (Volts),  T (deg C),  DO (mg/l),  Q ()
1631927400,+3.48,+30.840,+14.286,+0.976
1631927460,+3.48,+30.840,+14.221,+0.976
1631927520,+3.48,+30.822,+14.138,+0.978
1631927580,+3.48,+30.805,+14.039,+0.976
1631927640,+3.48,+30.805,+14.022,+0.977
1631927700,+3.48,+30.779,+14.009,+0.975
1631927760,+3.48,+30.762,+13.976,+0.976
1631927820,+3.48,+30.762,+13.877,+0.975
1631927880,+3.48,+30.762,+13.821,+0.975
1631927940,+3.48,+30.718,+13.734,+0.974
1631928000,+3.48,+30.727,+13.690,+0.974
1631928060,+3.48,+30.692,+13.687,+0.974
1631928120,+3.48,+30.701,+13.608,+0.973
1631928180,+3.48,+30.666,+13.600,+0.973
1631928240,+3.48,+30.666,+13.589,+0.973
1631928300,+3.48,+30.640,+13.580,+0.973
1631928360,+3.48,+30.614,+13.617,+0.974
1631928420,+3.48,+30.623,+13.679,+0.976
1631928480,+3.48,+30.597,+13.683,+0.975
1631928540,+3.48,+30.588,+13.664,+0.976
1631928600,+3.48,+30.571,+13.617,+0.977
1631928660,+3.48,+30.562,+13.595,+0.976
1631928720,+3.48,+30.536,+13.578,+0.976
1631928780,+3.48,+30.528,+13.545,+0.974
1631928840,+3.48,+30.528,+13.595,+0.976
1631928900,+3.48,+30.510,+13.546,+0.974
1631928960,+3.48,+30.493,+13.509,+0.974
1631929020,+3.48,+30.493,+13.496,+0.974
1631929080,+3.48,+30.476,+13.512,+0.975
1631929140,+3.48,+30.467,+13.460,+0.973
1631929200,+3.48,+30.441,+13.505,+0.973
1631929260,+3.48,+30.441,+13.563,+0.973
1631929320,+3.48,+30.415,+13.598,+0.973
1631929380,+3.48,+30.406,+13.640,+0.974
1631929440,+3.48,+30.398,+13.639,+0.973
1631929500,+3.48,+30.380,+13.677,+0.973
1631929560,+3.48,+30.363,+13.692,+0.972
1631929620,+3.48,+30.355,+13.772,+0.972
1631929680,+3.48,+30.337,+13.885,+0.974
1631929740,+3.48,+30.320,+13.915,+0.973
1631929800,+3.48,+30.311,+13.928,+0.973
1631929860,+3.48,+30.294,+13.925,+0.974
1631929920,+3.48,+30.294,+13.890,+0.974
1631929980,+3.48,+30.277,+13.791,+0.974
1631930040,+3.48,+30.268,+13.695,+0.973
1631930100,+3.48,+30.251,+13.664,+0.974
1631930160,+3.48,+30.242,+13.668,+0.976
1631930220,+3.48,+30.234,+13.622,+0.974
1631930280,+3.48,+30.199,+13.582,+0.973
1631930340,+3.48,+30.199,+13.541,+0.973
1631930400,+3.48,+30.182,+13.473,+0.972
1631930460,+3.48,+30.182,+13.427,+0.972
1631930520,+3.48,+30.164,+13.432,+0.973
1631930580,+3.48,+30.164,+13.455,+0.974
1631930640,+3.48,+30.147,+13.436,+0.972
1631930700,+3.48,+30.147,+13.419,+0.974
1631930760,+3.48,+30.121,+13.339,+0.973
1631930820,+3.48,+30.121,+13.345,+0.975
1631930880,+3.48,+30.078,+13.304,+0.973
1631930940,+3.49,+30.069,+13.279,+0.974
1631931000,+3.48,+30.069,+13.255,+0.975
1631931060,+3.48,+30.052,+13.249,+0.976
1631931120,+3.49,+30.026,+13.236,+0.975
1631931180,+3.49,+30.035,+13.198,+0.976
1631931240,+3.49,+30.018,+13.153,+0.976
1631931300,+3.49,+30.009,+13.077,+0.976
1631931360,+3.49,+29.983,+13.019,+0.976
1631931420,+3.49,+29.992,+12.971,+0.977
1631931480,+3.49,+29.992,+12.923,+0.977
1631931540,+3.49,+29.957,+12.914,+0.978
1631931600,+3.49,+29.957,+12.877,+0.976
1631931660,+3.49,+29.940,+12.895,+0.978
1631931720,+3.49,+29.931,+12.874,+0.978
1631931780,+3.49,+29.931,+12.845,+0.978
1631931840,+3.49,+29.905,+12.897,+0.980
1631931900,+3.49,+29.905,+12.906,+0.980
1631931960,+3.49,+29.888,+12.935,+0.979
1631932020,+3.49,+29.862,+12.996,+0.980
1631932080,+3.49,+29.880,+12.983,+0.978
1631932140,+3.49,+29.845,+13.051,+0.980
1631932200,+3.49,+29.854,+13.070,+0.980
1631932260,+3.49,+29.819,+13.103,+0.981
1631932320,+3.49,+29.828,+13.129,+0.982
1631932380,+3.48,+29.811,+13.082,+0.980
1631932440,+3.48,+29.802,+13.053,+0.980
1631932500,+3.48,+29.759,+13.060,+0.980
1631932560,+3.48,+29.750,+13.098,+0.980
1631932620,+3.48,+29.750,+13.083,+0.980
1631932680,+3.48,+29.733,+13.106,+0.980
1631932740,+3.48,+29.724,+13.149,+0.982
1631932800,+3.48,+29.733,+13.109,+0.980
1631932860,+3.48,+29.724,+13.070,+0.978
1631932920,+3.48,+29.699,+13.153,+0.979
1631932980,+3.48,+29.699,+13.244,+0.980
1631933040,+3.48,+29.690,+13.248,+0.979
1631933100,+3.48,+29.673,+13.302,+0.980
1631933160,+3.48,+29.656,+13.331,+0.979
1631933220,+3.48,+29.673,+13.347,+0.980
1631933280,+3.48,+29.638,+13.470,+0.978
1631933340,+3.48,+29.630,+13.674,+0.977
1631933400,+3.48,+29.613,+13.857,+0.978
1631933460,+3.48,+29.604,+13.958,+0.978
1631933520,+3.48,+29.578,+14.008,+0.978
1631933580,+3.48,+29.595,+14.028,+0.979
1631933640,+3.48,+29.561,+14.085,+0.979
1631933700,+3.48,+29.569,+14.149,+0.979
1631933760,+3.48,+29.552,+14.247,+0.980
1631933820,+3.48,+29.552,+14.315,+0.980
1631933880,+3.48,+29.535,+14.343,+0.980
1631933940,+3.48,+29.526,+14.312,+0.980
1631934000,+3.48,+29.501,+14.302,+0.979
1631934060,+3.48,+29.501,+14.436,+0.979
1631934120,+3.48,+29.483,+14.604,+0.981
1631934180,+3.48,+29.492,+14.669,+0.980
1631934240,+3.48,+29.466,+14.725,+0.981
1631934300,+3.48,+29.449,+14.730,+0.981
1631934360,+3.48,+29.449,+14.775,+0.982
1631934420,+3.48,+29.440,+14.703,+0.980
1631934480,+3.48,+29.440,+14.649,+0.981
1631934540,+3.48,+29.423,+14.594,+0.982
1631934600,+3.48,+29.423,+14.437,+0.980
1631934660,+3.48,+29.415,+14.320,+0.980
1631934720,+3.48,+29.397,+14.201,+0.981
1631934780,+3.48,+29.397,+14.084,+0.980
1631934840,+3.48,+29.380,+14.048,+0.980
1631934900,+3.48,+29.380,+14.031,+0.981
1631934960,+3.48,+29.372,+14.004,+0.980
1631935020,+3.48,+29.354,+13.982,+0.981
1631935080,+3.48,+29.337,+13.945,+0.978
1631935140,+3.48,+29.354,+13.952,+0.977
1631935200,+3.48,+29.303,+13.983,+0.978
1631935260,+3.48,+29.320,+13.917,+0.977
1631935320,+3.48,+29.312,+13.907,+0.977
1631935380,+3.48,+29.312,+13.887,+0.977
1631935440,+3.48,+29.286,+13.841,+0.976
1631935500,+3.48,+29.277,+13.814,+0.976
1631935560,+3.48,+29.260,+13.809,+0.977
1631935620,+3.48,+29.260,+13.703,+0.976
1631935680,+3.48,+29.260,+13.644,+0.977
1631935740,+3.48,+29.243,+13.623,+0.975
1631935800,+3.48,+29.234,+13.664,+0.977
1631935860,+3.48,+29.226,+13.619,+0.975
1631935920,+3.48,+29.217,+13.678,+0.977
1631935980,+3.48,+29.208,+13.646,+0.976
1631936040,+3.48,+29.183,+13.564,+0.976
1631936100,+3.48,+29.191,+13.491,+0.976
1631936160,+3.48,+29.191,+13.483,+0.978
1631936220,+3.48,+29.166,+13.457,+0.977
1631936280,+3.48,+29.174,+13.406,+0.976
1631936340,+3.48,+29.148,+13.403,+0.976
1631936400,+3.48,+29.148,+13.410,+0.976
1631936460,+3.48,+29.140,+13.474,+0.977
1631936520,+3.48,+29.123,+13.453,+0.975
1631936580,+3.48,+29.123,+13.537,+0.979
1631936640,+3.48,+29.105,+13.542,+0.977
1631936700,+3.48,+29.105,+13.574,+0.977
1631936760,+3.48,+29.080,+13.638,+0.978
1631936820,+3.48,+29.080,+13.680,+0.976
1631936880,+3.48,+29.071,+13.764,+0.978
1631936940,+3.49,+29.045,+13.831,+0.979
1631937000,+3.48,+29.063,+13.820,+0.979
1631937060,+3.49,+29.045,+13.821,+0.979
1631937120,+3.49,+29.028,+13.768,+0.977
1631937180,+3.49,+29.020,+13.749,+0.978
1631937240,+3.49,+29.020,+13.709,+0.978
1631937300,+3.49,+29.003,+13.659,+0.977
1631937360,+3.49,+29.011,+13.640,+0.975
1631937420,+3.49,+28.994,+13.721,+0.976
1631937480,+3.49,+28.985,+13.825,+0.978
1631937540,+3.49,+28.985,+13.842,+0.976
1631937600,+3.49,+28.977,+13.851,+0.976
1631937660,+3.49,+28.960,+13.859,+0.978
1631937720,+3.49,+28.951,+13.889,+0.977
1631937780,+3.49,+28.942,+13.994,+0.979
1631937840,+3.49,+28.934,+14.066,+0.978
1631937900,+3.49,+28.951,+14.101,+0.978
1631937960,+3.49,+28.942,+14.130,+0.978
1631938020,+3.49,+28.925,+14.137,+0.977
1631938080,+3.49,+28.934,+14.126,+0.977
1631938140,+3.49,+28.908,+14.130,+0.978
1631938200,+3.49,+28.900,+14.113,+0.978
1631938260,+3.49,+28.908,+14.062,+0.978
1631938320,+3.49,+28.891,+13.997,+0.978
1631938380,+3.49,+28.874,+13.884,+0.977
1631938440,+3.49,+28.874,+13.778,+0.978
1631938500,+3.49,+28.883,+13.693,+0.977
1631938560,+3.49,+28.857,+13.678,+0.977
1631938620,+3.49,+28.848,+13.690,+0.978
1631938680,+3.49,+28.848,+13.703,+0.978
1631938740,+3.49,+28.840,+13.680,+0.977
1631938800,+3.49,+28.814,+13.688,+0.978
1631938860,+3.49,+28.814,+13.679,+0.978
1631938920,+3.49,+28.814,+13.658,+0.978
1631938980,+3.49,+28.788,+13.609,+0.977
1631939040,+3.49,+28.788,+13.572,+0.979
1631939100,+3.49,+28.780,+13.472,+0.978
1631939160,+3.49,+28.780,+13.467,+0.979
1631939220,+3.49,+28.763,+13.427,+0.980
1631939280,+3.49,+28.754,+13.420,+0.980
1631939340,+3.49,+28.745,+13.494,+0.980
1631939400,+3.49,+28.745,+13.552,+0.979
1631939460,+3.49,+28.728,+13.580,+0.979
1631939520,+3.49,+28.728,+13.583,+0.978
1631939580,+3.49,+28.728,+13.623,+0.979
1631939640,+3.48,+28.711,+13.659,+0.980
1631939700,+3.49,+28.720,+13.684,+0.980
1631939760,+3.48,+28.711,+13.704,+0.981
1631939820,+3.48,+28.694,+13.649,+0.980
1631939880,+3.48,+28.694,+13.620,+0.981
1631939940,+3.48,+28.686,+13.565,+0.981
1631940000,+3.48,+28.686,+13.521,+0.982
1631940060,+3.48,+28.668,+13.485,+0.981
1631940120,+3.48,+28.651,+13.462,+0.981
1631940180,+3.48,+28.643,+13.394,+0.979
1631940240,+3.48,+28.660,+13.414,+0.982
1631940300,+3.48,+28.643,+13.404,+0.981
1631940360,+3.48,+28.643,+13.368,+0.980
1631940420,+3.48,+28.634,+13.392,+0.982
1631940480,+3.48,+28.609,+13.335,+0.981
1631940540,+3.48,+28.617,+13.314,+0.981
1631940600,+3.48,+28.609,+13.279,+0.981
1631940660,+3.48,+28.600,+13.201,+0.979
1631940720,+3.48,+28.591,+13.138,+0.979
1631940780,+3.48,+28.591,+13.037,+0.979
1631940840,+3.48,+28.583,+12.911,+0.978
1631940900,+3.48,+28.574,+12.814,+0.980
1631940960,+3.48,+28.557,+12.629,+0.979
1631941020,+3.48,+28.540,+12.524,+0.981
1631941080,+3.48,+28.540,+12.292,+0.979
1631941140,+3.48,+28.540,+12.159,+0.980
1631941200,+3.48,+28.532,+12.076,+0.979
1631941260,+3.48,+28.523,+12.050,+0.981
1631941320,+3.48,+28.514,+12.046,+0.981
1631941380,+3.48,+28.497,+12.107,+0.980
1631941440,+3.48,+28.489,+12.246,+0.978
1631941500,+3.48,+28.480,+12.403,+0.979
1631941560,+3.48,+28.480,+12.451,+0.979
1631941620,+3.48,+28.472,+12.432,+0.980
1631941680,+3.48,+28.455,+12.341,+0.981
1631941740,+3.48,+28.455,+12.220,+0.979
1631941800,+3.48,+28.446,+12.122,+0.980
1631941860,+3.48,+28.438,+12.003,+0.981
1631941920,+3.48,+28.420,+11.865,+0.981
1631941980,+3.48,+28.429,+11.749,+0.982
1631942040,+3.48,+28.403,+11.674,+0.982
1631942100,+3.48,+28.378,+11.604,+0.980
1631942160,+3.48,+28.395,+11.595,+0.982
1631942220,+3.48,+28.378,+11.509,+0.981
1631942280,+3.48,+28.378,+11.440,+0.980
1631942340,+3.48,+28.361,+11.391,+0.980
1631942400,+3.48,+28.369,+11.368,+0.979
1631942460,+3.48,+28.344,+11.368,+0.979
1631942520,+3.48,+28.344,+11.362,+0.980
1631942580,+3.48,+28.344,+11.293,+0.979
1631942640,+3.48,+28.335,+11.250,+0.980
1631942700,+3.48,+28.335,+11.180,+0.979
1631942760,+3.48,+28.326,+11.137,+0.980
1631942820,+3.48,+28.326,+11.124,+0.980
1631942880,+3.48,+28.318,+11.088,+0.980
1631942940,+3.48,+28.309,+11.034,+0.979
1631943000,+3.48,+28.292,+11.022,+0.980
1631943060,+3.48,+28.292,+10.960,+0.980
1631943120,+3.48,+28.284,+10.895,+0.980
1631943180,+3.48,+28.275,+10.799,+0.980
1631943240,+3.48,+28.275,+10.729,+0.980
1631943300,+3.48,+28.267,+10.710,+0.980
1631943360,+3.48,+28.258,+10.684,+0.979
1631943420,+3.48,+28.250,+10.690,+0.980
1631943480,+3.48,+28.233,+10.678,+0.979
1631943540,+3.48,+28.233,+10.687,+0.979
1631943600,+3.48,+28.215,+10.673,+0.978
1631943660,+3.48,+28.215,+10.633,+0.977
1631943720,+3.48,+28.198,+10.624,+0.977
1631943780,+3.48,+28.198,+10.572,+0.976
1631943840,+3.48,+28.190,+10.494,+0.976
1631943900,+3.48,+28.181,+10.425,+0.977
1631943960,+3.48,+28.164,+10.384,+0.977
1631944020,+3.48,+28.156,+10.376,+0.976
1631944080,+3.48,+28.156,+10.369,+0.976
1631944140,+3.48,+28.156,+10.462,+0.976
1631944200,+3.48,+28.139,+10.655,+0.973
1631944260,+3.48,+28.130,+10.834,+0.974
1631944320,+3.48,+28.122,+10.988,+0.974
1631944380,+3.48,+28.122,+11.103,+0.974
1631944440,+3.48,+28.113,+11.201,+0.975
1631944500,+3.48,+28.113,+11.272,+0.975
1631944560,+3.48,+28.105,+11.330,+0.976
1631944620,+3.48,+28.079,+11.394,+0.975
1631944680,+3.48,+28.096,+11.480,+0.977
1631944740,+3.48,+28.062,+11.504,+0.977
1631944800,+3.48,+28.053,+11.452,+0.976
1631944860,+3.48,+28.062,+11.363,+0.976
1631944920,+3.48,+28.053,+11.278,+0.976
1631944980,+3.48,+28.053,+11.240,+0.977
1631945040,+3.48,+28.045,+11.194,+0.976
1631945100,+3.48,+28.036,+11.161,+0.976
1631945160,+3.48,+28.036,+11.152,+0.976
1631945220,+3.48,+28.028,+11.109,+0.977
1631945280,+3.48,+28.028,+11.059,+0.977
1631945340,+3.48,+28.028,+10.993,+0.976
1631945400,+3.48,+28.002,+10.952,+0.977
1631945460,+3.48,+28.002,+10.922,+0.976
1631945520,+3.48,+28.002,+10.895,+0.977
1631945580,+3.48,+28.002,+10.884,+0.977
1631945640,+3.48,+28.002,+10.857,+0.976
1631945700,+3.48,+27.968,+10.889,+0.976
1631945760,+3.48,+27.968,+10.902,+0.976
1631945820,+3.48,+27.977,+10.893,+0.975
1631945880,+3.48,+27.951,+10.909,+0.978
1631945940,+3.48,+27.960,+10.858,+0.976
1631946000,+3.48,+27.951,+10.838,+0.976
1631946060,+3.48,+27.951,+10.831,+0.976
1631946120,+3.48,+27.934,+10.835,+0.977
1631946180,+3.48,+27.925,+10.830,+0.978
1631946240,+3.48,+27.917,+10.816,+0.977
1631946300,+3.48,+27.917,+10.838,+0.978
1631946360,+3.48,+27.917,+10.855,+0.978
1631946420,+3.48,+27.891,+10.864,+0.978
1631946480,+3.48,+27.891,+10.859,+0.977
1631946540,+3.48,+27.883,+10.816,+0.977
1631946600,+3.48,+27.874,+10.833,+0.979
1631946660,+3.48,+27.883,+10.809,+0.977
1631946720,+3.48,+27.883,+10.781,+0.977
1631946780,+3.48,+27.857,+10.748,+0.977
1631946840,+3.48,+27.849,+10.680,+0.976
1631946900,+3.48,+27.832,+10.658,+0.976
1631946960,+3.48,+27.823,+10.651,+0.977
1631947020,+3.48,+27.840,+10.615,+0.975
1631947080,+3.48,+27.815,+10.619,+0.976
1631947140,+3.48,+27.806,+10.595,+0.976
1631947200,+3.49,+27.815,+10.590,+0.978
1631947260,+3.48,+27.815,+10.502,+0.977
1631947320,+3.48,+27.806,+10.439,+0.978
1631947380,+3.48,+27.789,+10.357,+0.977
1631947440,+3.48,+27.798,+10.345,+0.977
1631947500,+3.48,+27.798,+10.326,+0.976
1631947560,+3.48,+27.789,+10.313,+0.976
1631947620,+3.48,+27.772,+10.290,+0.976
1631947680,+3.48,+27.772,+10.272,+0.977
1631947740,+3.48,+27.764,+10.259,+0.977
1631947800,+3.48,+27.747,+10.229,+0.976
1631947860,+3.48,+27.738,+10.216,+0.977
1631947920,+3.48,+27.738,+10.217,+0.976
1631947980,+3.48,+27.730,+10.260,+0.976
1631948040,+3.48,+27.721,+10.305,+0.976
1631948100,+3.48,+27.721,+10.374,+0.976
1631948160,+3.48,+27.713,+10.401,+0.976
1631948220,+3.48,+27.704,+10.430,+0.976
1631948280,+3.48,+27.704,+10.461,+0.975
1631948340,+3.49,+27.704,+10.512,+0.975
1631948400,+3.48,+27.687,+10.538,+0.975
1631948460,+3.48,+27.687,+10.527,+0.975
1631948520,+3.48,+27.696,+10.506,+0.976
1631948580,+3.48,+27.696,+10.489,+0.975
1631948640,+3.48,+27.670,+10.474,+0.975
1631948700,+3.48,+27.670,+10.450,+0.975
1631948760,+3.48,+27.661,+10.349,+0.976
1631948820,+3.48,+27.644,+10.258,+0.975
1631948880,+3.48,+27.661,+10.195,+0.975
1631948940,+3.48,+27.661,+10.185,+0.977
1631949000,+3.48,+27.644,+10.161,+0.977
1631949060,+3.48,+27.636,+10.101,+0.976
1631949120,+3.48,+27.636,+10.052,+0.977
1631949180,+3.48,+27.627, +9.972,+0.976
1631949240,+3.48,+27.593, +9.905,+0.977
1631949300,+3.48,+27.610, +9.795,+0.976
1631949360,+3.48,+27.602, +9.706,+0.976
1631949420,+3.48,+27.576, +9.608,+0.976
1631949480,+3.48,+27.585, +9.491,+0.975
1631949540,+3.48,+27.576, +9.433,+0.976
1631949600,+3.48,+27.568, +9.337,+0.975
1631949660,+3.48,+27.585, +9.253,+0.974
1631949720,+3.48,+27.568, +9.213,+0.974
1631949780,+3.48,+27.568, +9.130,+0.973
1631949840,+3.48,+27.551, +8.989,+0.973
1631949900,+3.48,+27.551, +8.901,+0.973
1631949960,+3.48,+27.551, +8.817,+0.972
1631950020,+3.48,+27.534, +8.761,+0.973
1631950080,+3.48,+27.551, +8.713,+0.972
1631950140,+3.48,+27.525, +8.674,+0.972
1631950200,+3.48,+27.542, +8.625,+0.971
1631950260,+3.48,+27.534, +8.610,+0.973
1631950320,+3.48,+27.517, +8.594,+0.972
1631950380,+3.48,+27.517, +8.608,+0.972
1631950440,+3.48,+27.500, +8.638,+0.972
1631950500,+3.48,+27.517, +8.650,+0.972
1631950560,+3.48,+27.508, +8.622,+0.972
1631950620,+3.48,+27.483, +8.582,+0.971
1631950680,+3.48,+27.483, +8.544,+0.971
1631950740,+3.48,+27.483, +8.569,+0.971
1631950800,+3.48,+27.457, +8.608,+0.971
1631950860,+3.48,+27.474, +8.623,+0.971
1631950920,+3.48,+27.457, +8.637,+0.972
1631950980,+3.48,+27.466, +8.631,+0.973
1631951040,+3.48,+27.440, +8.605,+0.972
1631951100,+3.48,+27.449, +8.545,+0.972
1631951160,+3.48,+27.440, +8.473,+0.972
1631951220,+3.48,+27.432, +8.366,+0.972
1631951280,+3.48,+27.415, +8.293,+0.973
1631951340,+3.48,+27.415, +8.248,+0.973
1631951400,+3.48,+27.449, +8.156,+0.972
1631951460,+3.48,+27.406, +8.121,+0.973
1631951520,+3.48,+27.398, +8.038,+0.973
1631951580,+3.48,+27.415, +7.954,+0.972
1631951640,+3.48,+27.389, +7.910,+0.972
1631951700,+3.48,+27.372, +7.886,+0.972
1631951760,+3.48,+27.398, +7.835,+0.970
1631951820,+3.48,+27.364, +7.807,+0.970
1631951880,+3.48,+27.389, +7.777,+0.970
1631951940,+3.48,+27.372, +7.767,+0.970
1631952000,+3.48,+27.372, +7.756,+0.970
1631952060,+3.48,+27.355, +7.732,+0.970
1631952120,+3.48,+27.347, +7.691,+0.970
1631952180,+3.48,+27.347, +7.643,+0.970
1631952240,+3.48,+27.347, +7.517,+0.970
1631952300,+3.48,+27.338, +7.402,+0.970
1631952360,+3.48,+27.338, +7.267,+0.970
1631952420,+3.48,+27.330, +7.147,+0.970
1631952480,+3.48,+27.321, +7.005,+0.970
1631952540,+3.48,+27.313, +6.857,+0.970
1631952600,+3.48,+27.296, +6.724,+0.970
1631952660,+3.48,+27.304, +6.581,+0.969
1631952720,+3.48,+27.296, +6.450,+0.968
1631952780,+3.48,+27.287, +6.311,+0.968
1631952840,+3.48,+27.279, +6.223,+0.967
1631952900,+3.48,+27.270, +6.130,+0.966
1631952960,+3.48,+27.262, +6.050,+0.964
1631953020,+3.48,+27.262, +5.981,+0.965
1631953080,+3.48,+27.262, +5.859,+0.965
1631953140,+3.48,+27.253, +5.717,+0.965
1631953200,+3.48,+27.245, +5.591,+0.965
1631953260,+3.48,+27.245, +5.466,+0.964
1631953320,+3.48,+27.219, +5.330,+0.964
1631953380,+3.48,+27.245, +5.196,+0.964
1631953440,+3.48,+27.228, +5.057,+0.963
1631953500,+3.48,+27.211, +4.909,+0.963
1631953560,+3.48,+27.211, +4.759,+0.963
1631953620,+3.48,+27.219, +4.620,+0.963
1631953680,+3.48,+27.219, +4.459,+0.961
1631953740,+3.48,+27.186, +4.328,+0.959
1631953800,+3.48,+27.194, +4.144,+0.958
1631953860,+3.48,+27.194, +3.995,+0.956
1631953920,+3.48,+27.186, +3.881,+0.953
1631953980,+3.48,+27.177, +3.740,+0.946
1631954040,+3.48,+27.177, +3.667,+0.941
1631954100,+3.48,+27.169, +3.598,+0.936
1631954160,+3.48,+27.160, +3.554,+0.932
1631954220,+3.48,+27.177, +3.505,+0.926
1631954280,+3.48,+27.177, +3.469,+0.919
1631954340,+3.48,+27.160, +3.460,+0.918
1631954400,+3.48,+27.160, +3.453,+0.918
1631954460,+3.48,+27.152, +3.409,+0.915
1631954520,+3.48,+27.143, +3.435,+0.915
1631954580,+3.48,+27.143, +3.435,+0.913
1631954640,+3.48,+27.152, +3.418,+0.912
1631954700,+3.48,+27.135, +3.414,+0.911
1631954760,+3.48,+27.152, +3.430,+0.911
1631954820,+3.48,+27.126, +3.408,+0.908
1631954880,+3.48,+27.118, +3.418,+0.907
1631954940,+3.48,+27.118, +3.423,+0.906
1631955000,+3.48,+27.109, +3.367,+0.905
1631955060,+3.48,+27.101, +3.342,+0.906
1631955120,+3.48,+27.092, +3.370,+0.912
1631955180,+3.48,+27.084, +3.326,+0.916
1631955240,+3.48,+27.084, +3.275,+0.918
1631955300,+3.48,+27.084, +3.218,+0.921
1631955360,+3.48,+27.067, +3.159,+0.924
1631955420,+3.48,+27.075, +3.112,+0.927
1631955480,+3.48,+27.058, +2.993,+0.925
1631955540,+3.48,+27.050, +2.908,+0.923
1631955600,+3.48,+27.058, +2.814,+0.922
1631955660,+3.48,+27.058, +2.728,+0.923
1631955720,+3.48,+27.050, +2.630,+0.918
1631955780,+3.48,+27.050, +2.563,+0.913
1631955840,+3.48,+27.058, +2.554,+0.911
1631955900,+3.48,+27.050, +2.584,+0.908
1631955960,+3.48,+27.033, +2.616,+0.908
1631956020,+3.48,+27.024, +2.627,+0.908
1631956080,+3.48,+27.016, +2.603,+0.907
1631956140,+3.48,+27.024, +2.604,+0.905
1631956200,+3.48,+27.024, +2.612,+0.906
1631956260,+3.48,+27.016, +2.609,+0.908
1631956320,+3.48,+27.007, +2.564,+0.908
1631956380,+3.48,+27.007, +2.509,+0.906
1631956440,+3.48,+27.007, +2.508,+0.906
1631956500,+3.48,+27.016, +2.510,+0.907
1631956560,+3.48,+26.990, +2.505,+0.907
1631956620,+3.48,+26.982, +2.530,+0.907
1631956680,+3.48,+26.973, +2.540,+0.907
1631956740,+3.48,+26.982, +2.535,+0.906
1631956800,+3.48,+26.973, +2.533,+0.906
1631956860,+3.48,+26.965, +2.512,+0.908
1631956920,+3.48,+26.948, +2.495,+0.910
1631956980,+3.48,+26.939, +2.492,+0.911
1631957040,+3.48,+26.948, +2.468,+0.911
1631957100,+3.48,+26.956, +2.448,+0.911
1631957160,+3.48,+26.939, +2.451,+0.914
1631957220,+3.48,+26.948, +2.427,+0.914
1631957280,+3.48,+26.923, +2.360,+0.912
1631957340,+3.48,+26.931, +2.288,+0.912
1631957400,+3.48,+26.931, +2.217,+0.914
1631957460,+3.48,+26.906, +2.144,+0.917
1631957520,+3.48,+26.906, +2.091,+0.921
1631957580,+3.48,+26.914, +2.049,+0.925
1631957640,+3.48,+26.906, +2.011,+0.926
1631957700,+3.48,+26.897, +1.948,+0.925
1631957760,+3.48,+26.897, +1.919,+0.922
1631957820,+3.48,+26.897, +1.901,+0.920
1631957880,+3.48,+26.889, +1.895,+0.919
1631957940,+3.48,+26.897, +1.936,+0.917
1631958000,+3.48,+26.872, +1.963,+0.913
1631958060,+3.48,+26.872, +2.019,+0.910
1631958120,+3.48,+26.889, +2.092,+0.909
1631958180,+3.48,+26.872, +2.128,+0.909
1631958240,+3.48,+26.872, +2.079,+0.910
1631958300,+3.48,+26.863, +2.020,+0.913
1631958360,+3.48,+26.880, +1.938,+0.915
1631958420,+3.48,+26.863, +1.978,+0.917
1631958480,+3.48,+26.855, +2.000,+0.916
1631958540,+3.48,+26.855, +2.056,+0.914
1631958600,+3.48,+26.855, +2.124,+0.913
1631958660,+3.48,+26.863, +2.156,+0.912
1631958720,+3.48,+26.846, +2.177,+0.912
1631958780,+3.48,+26.846, +2.202,+0.912
1631958840,+3.48,+26.829, +2.210,+0.912
1631958900,+3.48,+26.821, +2.248,+0.914
1631958960,+3.48,+26.838, +2.259,+0.917
1631959020,+3.48,+26.829, +2.265,+0.920
1631959080,+3.48,+26.821, +2.256,+0.920
1631959140,+3.48,+26.812, +2.243,+0.921
1631959200,+3.48,+26.812, +2.244,+0.921
1631959260,+3.48,+26.787, +2.278,+0.921
1631959320,+3.48,+26.804, +2.244,+0.921
1631959380,+3.48,+26.795, +2.159,+0.922
1631959440,+3.48,+26.804, +2.066,+0.923
1631959500,+3.48,+26.787, +2.029,+0.922
1631959560,+3.48,+26.778, +2.005,+0.921
1631959620,+3.48,+26.787, +2.015,+0.919
1631959680,+3.48,+26.770, +2.018,+0.919
1631959740,+3.48,+26.770, +2.003,+0.918
1631959800,+3.48,+26.753, +2.019,+0.922
1631959860,+3.48,+26.770, +2.002,+0.928
1631959920,+3.48,+26.753, +1.988,+0.931
1631959980,+3.48,+26.753, +1.989,+0.931
1631960040,+3.48,+26.745, +2.024,+0.927
1631960100,+3.48,+26.736, +2.058,+0.925
1631960160,+3.48,+26.736, +2.032,+0.923
1631960220,+3.48,+26.736, +2.005,+0.924
1631960280,+3.48,+26.728, +1.979,+0.926
1631960340,+3.48,+26.736, +1.943,+0.929
1631960400,+3.48,+26.736, +1.905,+0.935
1631960460,+3.48,+26.711, +1.840,+0.938
1631960520,+3.48,+26.719, +1.784,+0.940
1631960580,+3.48,+26.694, +1.769,+0.940
1631960640,+3.48,+26.711, +1.798,+0.940
1631960700,+3.48,+26.711, +1.828,+0.941
1631960760,+3.48,+26.711, +1.863,+0.941
1631960820,+3.48,+26.694, +1.934,+0.940
1631960880,+3.48,+26.702, +2.018,+0.940
1631960940,+3.48,+26.702, +2.067,+0.940
1631961000,+3.48,+26.694, +2.056,+0.943
1631961060,+3.48,+26.711, +2.014,+0.945
1631961120,+3.48,+26.685, +2.042,+0.944
1631961180,+3.48,+26.694, +2.086,+0.941
1631961240,+3.48,+26.660, +2.108,+0.939
1631961300,+3.48,+26.660, +2.113,+0.937
1631961360,+3.48,+26.677, +2.098,+0.936
1631961420,+3.48,+26.668, +2.032,+0.936
1631961480,+3.48,+26.668, +1.973,+0.935
1631961540,+3.48,+26.660, +1.958,+0.937
1631961600,+3.48,+26.643, +1.937,+0.937
1631961660,+3.48,+26.660, +1.922,+0.938
1631961720,+3.48,+26.643, +1.871,+0.940
1631961780,+3.48,+26.643, +1.820,+0.941
1631961840,+3.48,+26.643, +1.801,+0.937
1631961900,+3.48,+26.634, +1.792,+0.939
1631961960,+3.48,+26.618, +1.773,+0.941
1631962020,+3.48,+26.626, +1.714,+0.944
1631962080,+3.48,+26.626, +1.642,+0.947
1631962140,+3.48,+26.618, +1.576,+0.949
1631962200,+3.48,+26.609, +1.601,+0.946
1631962260,+3.48,+26.626, +1.703,+0.940
1631962320,+3.48,+26.618, +1.770,+0.936
1631962380,+3.48,+26.601, +1.839,+0.935
1631962440,+3.48,+26.601, +1.917,+0.937
1631962500,+3.48,+26.609, +1.965,+0.937
1631962560,+3.48,+26.609, +1.985,+0.938
1631962620,+3.48,+26.601, +1.995,+0.937
1631962680,+3.48,+26.609, +2.007,+0.935
1631962740,+3.48,+26.592, +2.020,+0.932
1631962800,+3.48,+26.584, +2.053,+0.928
1631962860,+3.48,+26.592, +2.075,+0.928
1631962920,+3.48,+26.592, +2.097,+0.927
1631962980,+3.48,+26.584, +2.104,+0.925
1631963040,+3.48,+26.575, +2.096,+0.926
1631963100,+3.48,+26.575, +2.055,+0.927
1631963160,+3.48,+26.567, +1.991,+0.928
1631963220,+3.48,+26.575, +1.947,+0.929
1631963280,+3.48,+26.550, +1.927,+0.930
1631963340,+3.48,+26.558, +1.917,+0.928
1631963400,+3.48,+26.541, +1.966,+0.925
1631963460,+3.48,+26.541, +2.141,+0.923
1631963520,+3.48,+26.550, +2.327,+0.926
1631963580,+3.48,+26.533, +2.472,+0.930
1631963640,+3.48,+26.516, +2.574,+0.933
1631963700,+3.48,+26.516, +2.622,+0.934
1631963760,+3.48,+26.508, +2.628,+0.936
1631963820,+3.48,+26.516, +2.608,+0.937
1631963880,+3.48,+26.508, +2.532,+0.939
1631963940,+3.48,+26.499, +2.402,+0.939
1631964000,+3.48,+26.516, +2.264,+0.942
1631964060,+3.48,+26.499, +2.183,+0.944
1631964120,+3.48,+26.491, +2.087,+0.946
1631964180,+3.48,+26.474, +1.981,+0.946
1631964240,+3.48,+26.491, +1.888,+0.947
1631964300,+3.48,+26.491, +1.773,+0.949
1631964360,+3.48,+26.491, +1.674,+0.950
1631964420,+3.48,+26.482, +1.631,+0.948
1631964480,+3.48,+26.482, +1.612,+0.948
1631964540,+3.48,+26.474, +1.582,+0.948
1631964600,+3.48,+26.465, +1.545,+0.948
1631964660,+3.48,+26.465, +1.500,+0.947
1631964720,+3.48,+26.465, +1.446,+0.948
1631964780,+3.48,+26.482, +1.376,+0.951
1631964840,+3.48,+26.457, +1.294,+0.954
1631964900,+3.48,+26.448, +1.212,+0.956
1631964960,+3.48,+26.474, +1.108,+0.959
1631965020,+3.48,+26.457, +0.955,+0.961
1631965080,+3.47,+26.448, +0.832,+0.961
1631965140,+3.48,+26.448, +0.734,+0.960
1631965200,+3.48,+26.440, +0.646,+0.960
1631965260,+3.47,+26.448, +0.552,+0.961
1631965320,+3.48,+26.448, +0.468,+0.963
1631965380,+3.47,+26.440, +0.418,+0.964
1631965440,+3.47,+26.431, +0.378,+0.964
1631965500,+3.47,+26.440, +0.335,+0.964
1631965560,+3.47,+26.431, +0.256,+0.964
1631965620,+3.48,+26.448, +0.198,+0.964
1631965680,+3.47,+26.431, +0.174,+0.964
1631965740,+3.48,+26.423, +0.162,+0.964
1631965800,+3.47,+26.440, +0.153,+0.964
1631965860,+3.47,+26.423, +0.134,+0.965
1631965920,+3.47,+26.440, +0.128,+0.965
1631965980,+3.47,+26.448, +0.139,+0.965
1631966040,+3.47,+26.431, +0.151,+0.965
1631966100,+3.47,+26.414, +0.177,+0.965
1631966160,+3.47,+26.423, +0.191,+0.965
1631966220,+3.47,+26.406, +0.193,+0.965
1631966280,+3.47,+26.414, +0.204,+0.965
1631966340,+3.47,+26.398, +0.209,+0.965
1631966400,+3.47,+26.398, +0.209,+0.965
1631966460,+3.47,+26.406, +0.224,+0.965
1631966520,+3.47,+26.398, +0.240,+0.965
1631966580,+3.47,+26.389, +0.255,+0.966
1631966640,+3.47,+26.398, +0.341,+0.967
1631966700,+3.47,+26.372, +0.470,+0.967
1631966760,+3.47,+26.364, +0.557,+0.966
1631966820,+3.47,+26.372, +0.646,+0.964
1631966880,+3.47,+26.372, +0.726,+0.962
1631966940,+3.47,+26.355, +0.807,+0.961
1631967000,+3.47,+26.364, +0.860,+0.960
1631967060,+3.47,+26.355, +0.899,+0.961
1631967120,+3.47,+26.355, +0.922,+0.961
1631967180,+3.47,+26.347, +0.967,+0.960
1631967240,+3.47,+26.355, +0.999,+0.962
1631967300,+3.47,+26.338, +0.996,+0.963
1631967360,+3.47,+26.330, +0.991,+0.964
1631967420,+3.47,+26.347, +0.984,+0.964
1631967480,+3.47,+26.338, +1.008,+0.963
1631967540,+3.47,+26.330, +1.024,+0.962
1631967600,+3.47,+26.321, +1.028,+0.962
1631967660,+3.47,+26.347, +1.015,+0.964
1631967720,+3.47,+26.321, +1.029,+0.962
1631967780,+3.47,+26.321, +1.098,+0.958
1631967840,+3.47,+26.338, +1.172,+0.955
1631967900,+3.47,+26.330, +1.199,+0.955
1631967960,+3.47,+26.313, +1.221,+0.955
1631968020,+3.47,+26.305, +1.236,+0.954
1631968080,+3.47,+26.313, +1.251,+0.955
1631968140,+3.47,+26.313, +1.269,+0.957
1631968200,+3.47,+26.305, +1.282,+0.958
1631968260,+3.47,+26.288, +1.324,+0.958
1631968320,+3.47,+26.288, +1.416,+0.955
1631968380,+3.47,+26.296, +1.536,+0.953
1631968440,+3.47,+26.296, +1.649,+0.952
1631968500,+3.47,+26.305, +1.729,+0.953
1631968560,+3.47,+26.296, +1.762,+0.954
1631968620,+3.47,+26.288, +1.774,+0.956
1631968680,+3.47,+26.288, +1.770,+0.958
1631968740,+3.47,+26.279, +1.889,+0.957
1631968800,+3.47,+26.288, +2.111,+0.961
1631968860,+3.47,+26.296, +2.260,+0.965
1631968920,+3.47,+26.279, +2.315,+0.968
1631968980,+3.47,+26.271, +2.331,+0.970
1631969040,+3.47,+26.288, +2.325,+0.970
1631969100,+3.47,+26.262, +2.309,+0.971
1631969160,+3.47,+26.262, +2.278,+0.972
1631969220,+3.47,+26.279, +2.233,+0.973
1631969280,+3.47,+26.288, +2.168,+0.973
1631969340,+3.47,+26.279, +2.101,+0.974
1631969400,+3.47,+26.271, +2.043,+0.974
1631969460,+3.47,+26.271, +2.005,+0.975
1631969520,+3.47,+26.271, +1.976,+0.975
1631969580,+3.47,+26.271, +1.953,+0.975
1631969640,+3.47,+26.271, +1.929,+0.976
1631969700,+3.47,+26.254, +1.896,+0.976
1631969760,+3.47,+26.271, +1.836,+0.976
1631969820,+3.47,+26.271, +1.813,+0.975
1631969880,+3.47,+26.271, +1.883,+0.972
1631969940,+3.47,+26.254, +1.973,+0.970
1631970000,+3.47,+26.254, +2.031,+0.970
1631970060,+3.47,+26.254, +2.054,+0.970
1631970120,+3.47,+26.254, +2.062,+0.971
1631970180,+3.47,+26.254, +2.059,+0.972
1631970240,+3.47,+26.271, +2.062,+0.973
1631970300,+3.47,+26.262, +2.077,+0.974
1631970360,+3.47,+26.237, +2.090,+0.974
1631970420,+3.47,+26.254, +2.096,+0.974
1631970480,+3.47,+26.254, +2.096,+0.974
1631970540,+3.47,+26.245, +2.097,+0.974
1631970600,+3.47,+26.245, +2.092,+0.974
1631970660,+3.47,+26.245, +2.088,+0.974
1631970720,+3.47,+26.245, +2.085,+0.974
1631970780,+3.47,+26.254, +2.103,+0.974
1631970840,+3.47,+26.254, +2.127,+0.974
1631970900,+3.47,+26.229, +2.168,+0.975
1631970960,+3.47,+26.220, +2.224,+0.975
1631971020,+3.47,+26.254, +2.313,+0.977
1631971080,+3.47,+26.237, +2.436,+0.978
1631971140,+3.47,+26.245, +2.582,+0.979
1631971200,+3.47,+26.254, +2.916,+0.980
1631971260,+3.47,+26.245, +3.202,+0.981
1631971320,+3.47,+26.237, +3.597,+0.982
1631971380,+3.47,+26.237, +3.991,+0.982
1631971440,+3.47,+26.262, +4.387,+0.983
1631971500,+3.47,+26.271, +4.750,+0.983
1631971560,+3.47,+26.279, +5.106,+0.982
1631971620,+3.47,+26.271, +5.472,+0.983
1631971680,+3.47,+26.279, +5.827,+0.983
1631971740,+3.47,+26.288, +6.178,+0.982
1631971800,+3.47,+26.288, +6.524,+0.982
1631971860,+3.47,+26.296, +6.813,+0.982
1631971920,+3.47,+26.288, +7.125,+0.982
1631971980,+3.47,+26.288, +7.424,+0.982
1631972040,+3.47,+26.305, +7.658,+0.982
1631972100,+3.47,+26.305, +7.942,+0.982
1631972160,+3.47,+26.321, +8.191,+0.980
1631972220,+3.47,+26.313, +8.520,+0.981
1631972280,+3.47,+26.321, +8.869,+0.981
1631972340,+3.47,+26.313, +9.236,+0.982
1631972400,+3.47,+26.330, +9.527,+0.981
1631972460,+3.47,+26.330, +9.779,+0.980
1631972520,+3.47,+26.338,+10.036,+0.981
1631972580,+3.47,+26.364,+10.296,+0.980
1631972640,+3.47,+26.355,+10.622,+0.981
1631972700,+3.47,+26.355,+10.886,+0.980
1631972760,+3.47,+26.364,+11.167,+0.981
1631972820,+3.47,+26.372,+11.404,+0.981
1631972880,+3.47,+26.364,+11.697,+0.981
1631972940,+3.47,+26.372,+11.968,+0.980
1631973000,+3.47,+26.381,+12.140,+0.981
1631973060,+3.47,+26.381,+12.315,+0.981
1631973120,+3.47,+26.364,+12.382,+0.980
1631973180,+3.47,+26.372,+12.320,+0.979
1631973240,+3.47,+26.389,+12.292,+0.979
1631973300,+3.47,+26.381,+12.326,+0.979
1631973360,+3.47,+26.389,+12.449,+0.978
1631973420,+3.47,+26.406,+12.684,+0.978
1631973480,+3.47,+26.406,+12.985,+0.978
1631973540,+3.47,+26.414,+13.282,+0.980
1631973600,+3.47,+26.431,+13.564,+0.980
1631973660,+3.47,+26.406,+13.767,+0.979
1631973720,+3.47,+26.423,+14.002,+0.979
1631973780,+3.47,+26.423,+14.316,+0.979
1631973840,+3.47,+26.431,+14.670,+0.980
1631973900,+3.47,+26.440,+14.873,+0.980
1631973960,+3.47,+26.440,+14.983,+0.979
1631974020,+3.47,+26.457,+15.204,+0.978
1631974080,+3.47,+26.457,+15.317,+0.979
1631974140,+3.47,+26.440,+15.094,+0.978
1631974200,+3.47,+26.423,+15.079,+0.980
1631974260,+3.47,+26.431,+15.077,+0.978
1631974320,+3.47,+26.431,+15.037,+0.976
1631974380,+3.47,+26.440,+15.164,+0.978
1631974440,+3.47,+26.465,+15.199,+0.976
1631974500,+3.47,+26.465,+15.408,+0.977
1631974560,+3.47,+26.482,+15.693,+0.977
1631974620,+3.47,+26.482,+16.096,+0.980
1631974680,+3.47,+26.465,+16.361,+0.979
1631974740,+3.47,+26.465,+16.562,+0.981
1631974800,+3.47,+26.474,+16.459,+0.978
1631974860,+3.47,+26.474,+16.341,+0.978
1631974920,+3.47,+26.482,+16.351,+0.978
1631974980,+3.47,+26.474,+16.480,+0.977
1631975040,+3.47,+26.491,+16.737,+0.979
1631975100,+3.47,+26.508,+16.987,+0.979
1631975160,+3.47,+26.499,+17.162,+0.978
1631975220,+3.47,+26.516,+17.382,+0.979
1631975280,+3.48,+26.533,+17.582,+0.978
1631975340,+3.48,+26.524,+17.775,+0.979
1631975400,+3.48,+26.533,+17.898,+0.980
1631975460,+3.48,+26.550,+17.874,+0.977
1631975520,+3.48,+26.533,+17.927,+0.977
1631975580,+3.48,+26.524,+17.975,+0.977
1631975640,+3.48,+26.550,+18.008,+0.978
1631975700,+3.48,+26.550,+18.103,+0.977
1631975760,+3.48,+26.550,+18.398,+0.980
1631975820,+3.48,+26.541,+18.526,+0.979
1631975880,+3.48,+26.550,+18.302,+0.978
1631975940,+3.48,+26.567,+17.833,+0.975
1631976000,+3.48,+26.558,+17.766,+0.976
1631976060,+3.48,+26.567,+17.803,+0.977
1631976120,+3.48,+26.575,+17.915,+0.979
1631976180,+3.48,+26.609,+17.883,+0.977
1631976240,+3.48,+26.626,+18.007,+0.978
1631976300,+3.48,+26.634,+18.163,+0.977
1631976360,+3.48,+26.626,+18.296,+0.979
1631976420,+3.48,+26.651,+18.318,+0.978
1631976480,+3.48,+26.651,+18.477,+0.980
1631976540,+3.48,+26.660,+18.580,+0.979
1631976600,+3.48,+26.677,+18.769,+0.980
1631976660,+3.48,+26.668,+18.894,+0.979
1631976720,+3.48,+26.643,+19.028,+0.979
1631976780,+3.48,+26.651,+18.932,+0.976
1631976840,+3.48,+26.651,+18.957,+0.980
1631976900,+3.48,+26.668,+18.788,+0.977
1631976960,+3.48,+26.668,+18.706,+0.977
1631977020,+3.48,+26.668,+18.568,+0.978
1631977080,+3.48,+26.719,+18.340,+0.976
1631977140,+3.48,+26.719,+18.368,+0.974
1631977200,+3.48,+26.711,+18.056,+0.976
1631977260,+3.48,+26.728,+17.517,+0.976
1631977320,+3.48,+26.719,+17.341,+0.976
1631977380,+3.48,+26.745,+17.440,+0.976
1631977440,+3.48,+26.745,+17.762,+0.977
1631977500,+3.48,+26.745,+18.223,+0.978
1631977560,+3.48,+26.753,+18.772,+0.981
1631977620,+3.48,+26.770,+19.177,+0.979
1631977680,+3.48,+26.770,+19.590,+0.980
1631977740,+3.48,+26.778,+19.830,+0.979
1631977800,+3.48,+26.787,+20.329,+0.983
1631977860,+3.48,+26.804,+20.688,+0.980
1631977920,+3.48,+26.804,+21.066,+0.981
1631977980,+3.47,+26.812,+21.112,+0.981
1631978040,+3.48,+26.821,+21.281,+0.981
1631978100,+3.48,+26.829,+21.579,+0.981
1631978160,+3.47,+26.829,+21.981,+0.979
1631978220,+3.47,+26.838,+22.414,+0.982
1631978280,+3.47,+26.846,+22.674,+0.981
1631978340,+3.47,+26.829,+22.968,+0.982
1631978400,+3.47,+26.880,+23.087,+0.981
1631978460,+3.47,+26.889,+23.313,+0.981
1631978520,+3.47,+26.914,+23.479,+0.980
1631978580,+3.47,+26.906,+23.820,+0.980
1631978640,+3.47,+26.897,+24.037,+0.980
1631978700,+3.47,+26.906,+24.299,+0.981
1631978760,+3.47,+26.923,+24.562,+0.981
1631978820,+3.47,+26.939,+24.668,+0.980
1631978880,+3.47,+26.948,+24.834,+0.979
1631978940,+3.47,+26.965,+25.062,+0.981
1631979000,+3.47,+26.973,+25.235,+0.980
1631979060,+3.47,+26.990,+25.214,+0.979
1631979120,+3.47,+27.007,+25.386,+0.982
1631979180,+3.47,+27.050,+25.363,+0.978
1631979240,+3.47,+27.058,+25.555,+0.979
1631979300,+3.47,+27.075,+25.949,+0.980
1631979360,+3.47,+27.084,+26.093,+0.981
1631979420,+3.47,+27.109,+26.400,+0.982
1631979480,+3.47,+27.169,+26.768,+0.982
1631979540,+3.47,+27.202,+27.052,+0.981
1631979600,+3.47,+27.236,+27.449,+0.981
1631979660,+3.47,+27.270,+27.834,+0.983
1631979720,+3.47,+27.304,+28.005,+0.983
1631979780,+3.47,+27.330,+28.186,+0.982
1631979840,+3.47,+27.355,+28.384,+0.982
1631979900,+3.47,+27.347,+28.656,+0.985
1631979960,+3.47,+27.313,+28.785,+0.983
1631980020,+3.47,+27.304,+28.777,+0.980
1631980080,+3.47,+27.287,+28.763,+0.980
1631980140,+3.47,+27.304,+28.366,+0.981
1631980200,+3.47,+27.304,+28.099,+0.981
1631980260,+3.47,+27.304,+27.730,+0.980
1631980320,+3.47,+27.321,+27.361,+0.980
1631980380,+3.47,+27.313,+27.205,+0.980
1631980440,+3.47,+27.355,+27.157,+0.982
1631980500,+3.47,+27.347,+27.111,+0.980
1631980560,+3.47,+27.355,+26.617,+0.979
1631980620,+3.47,+27.330,+26.741,+0.983
1631980680,+3.47,+27.330,+27.063,+0.982
1631980740,+3.47,+27.330,+27.521,+0.984
1631980800,+3.47,+27.304,+28.071,+0.986
1631980860,+3.47,+27.313,+28.233,+0.984
1631980920,+3.47,+27.313,+28.573,+0.986
1631980980,+3.47,+27.330,+28.748,+0.986
1631981040,+3.47,+27.330,+28.958,+0.987
1631981100,+3.47,+27.381,+29.006,+0.982
1631981160,+3.47,+27.398,+29.437,+0.986
1631981220,+3.47,+27.440,+29.683,+0.985
1631981280,+3.47,+27.457,+29.925,+0.985
1631981340,+3.47,+27.508,+29.881,+0.982
1631981400,+3.47,+27.542,+29.967,+0.986
1631981460,+3.47,+27.568,+29.888,+0.982
1631981520,+3.47,+27.585,+30.134,+0.985
1631981580,+3.47,+27.585,+30.408,+0.986
1631981640,+3.47,+27.568,+30.659,+0.985
1631981700,+3.47,+27.559,+30.316,+0.985
1631981760,+3.47,+27.534,+29.362,+0.986
1631981820,+3.47,+27.525,+28.634,+0.983
1631981880,+3.47,+27.508,+27.617,+0.984
1631981940,+3.47,+27.508,+27.912,+0.983
1631982000,+3.47,+27.517,+28.320,+0.985
1631982060,+3.47,+27.525,+28.557,+0.983
1631982120,+3.47,+27.534,+28.873,+0.983
1631982180,+3.47,+27.525,+29.288,+0.986
1631982240,+3.47,+27.568,+29.399,+0.985
1631982300,+3.47,+27.593,+29.742,+0.988
1631982360,+3.47,+27.585,+29.872,+0.985
1631982420,+3.47,+27.602,+30.046,+0.984
1631982480,+3.47,+27.610,+30.090,+0.981
1631982540,+3.47,+27.610,+30.434,+0.984
1631982600,+3.47,+27.602,+30.678,+0.983
1631982660,+3.47,+27.593,+31.032,+0.984
1631982720,+3.47,+27.619,+31.290,+0.983
1631982780,+3.47,+27.644,+31.553,+0.985
1631982840,+3.48,+27.696,+31.681,+0.985
1631982900,+3.47,+27.721,+31.971,+0.989
1631982960,+3.48,+27.747,+31.559,+0.990
1631983020,+3.47,+27.781,+30.678,+0.986
1631983080,+3.47,+27.772,+28.914,+0.982
1631983140,+3.47,+27.764,+28.091,+0.985
1631983200,+3.47,+27.798,+28.791,+0.986
1631983260,+3.47,+27.832,+28.794,+0.985
1631983320,+3.47,+27.866,+29.580,+0.986
1631983380,+3.47,+27.917,+30.166,+0.984
1631983440,+3.47,+27.968,+30.917,+0.988
1631983500,+3.47,+28.002,+31.486,+0.986
1631983560,+3.47,+28.028,+31.992,+0.985
1631983620,+3.47,+28.053,+32.027,+0.988
1631983680,+3.47,+28.045,+30.750,+0.985
1631983740,+3.47,+28.070,+30.983,+0.983
1631983800,+3.47,+28.105,+31.650,+0.988
1631983860,+3.47,+28.105,+31.820,+0.984
1631983920,+3.47,+28.070,+30.474,+0.985
1631983980,+3.47,+28.045,+29.932,+0.988
1631984040,+3.47,+28.045,+30.243,+0.982
1631984100,+3.47,+28.053,+30.246,+0.985
1631984160,+3.47,+28.053,+28.966,+0.984
1631984220,+3.47,+28.036,+27.644,+0.985
1631984280,+3.47,+28.028,+26.517,+0.985
1631984340,+3.47,+28.002,+25.477,+0.983
1631984400,+3.47,+27.951,+24.641,+0.984
1631984460,+3.47,+27.917,+23.861,+0.984
1631984520,+3.47,+27.891,+23.457,+0.985
1631984580,+3.47,+27.908,+24.300,+0.981
1631984640,+3.47,+27.925,+25.641,+0.985
1631984700,+3.47,+27.985,+26.773,+0.985
1631984760,+3.47,+28.028,+27.637,+0.982
1631984820,+3.47,+28.087,+28.696,+0.984
1631984880,+3.47,+28.147,+29.631,+0.987
1631984940,+3.47,+28.198,+30.027,+0.985
1631985000,+3.47,+28.224,+28.981,+0.981
1631985060,+3.47,+28.215,+27.702,+0.985
1631985120,+3.47,+28.181,+26.411,+0.985
1631985180,+3.47,+28.190,+25.464,+0.988
1631985240,+3.47,+28.147,+24.377,+0.983
1631985300,+3.47,+28.139,+23.651,+0.983
1631985360,+3.47,+28.122,+23.152,+0.987
1631985420,+3.47,+28.087,+22.449,+0.984
1631985480,+3.47,+28.079,+21.883,+0.985
1631985540,+3.47,+28.079,+21.299,+0.983
1631985600,+3.47,+28.070,+20.909,+0.985
1631985660,+3.47,+28.079,+20.525,+0.987
1631985720,+3.47,+28.105,+20.889,+0.986
1631985780,+3.47,+28.164,+22.372,+0.987
1631985840,+3.47,+28.258,+23.613,+0.986
1631985900,+3.47,+28.258,+24.906,+0.986
1631985960,+3.47,+28.292,+25.959,+0.987
1631986020,+3.47,+28.335,+26.886,+0.987
1631986080,+3.47,+28.369,+27.596,+0.987
1631986140,+3.47,+28.403,+28.175,+0.984
1631986200,+3.47,+28.438,+28.946,+0.986
1631986260,+3.47,+28.506,+29.106,+0.984
1631986320,+3.47,+28.549,+29.973,+0.990
1631986380,+3.47,+28.583,+30.356,+0.987
1631986440,+3.47,+28.600,+30.974,+0.988
1631986500,+3.47,+28.591,+31.365,+0.984
1631986560,+3.47,+28.574,+32.056,+0.986
1631986620,+3.47,+28.557,+32.565,+0.987
1631986680,+3.47,+28.557,+32.624,+0.989
1631986740,+3.47,+28.506,+30.928,+0.985
1631986800,+3.47,+28.455,+29.621,+0.986
1631986860,+3.47,+28.446,+28.403,+0.983
1631986920,+3.47,+28.429,+27.688,+0.987
1631986980,+3.47,+28.420,+26.818,+0.983
1631987040,+3.47,+28.420,+26.697,+0.986
1631987100,+3.47,+28.446,+26.003,+0.986
1631987160,+3.47,+28.489,+25.375,+0.985
1631987220,+3.47,+28.532,+24.822,+0.985
1631987280,+3.47,+28.540,+24.322,+0.983
1631987340,+3.47,+28.557,+24.109,+0.985
1631987400,+3.47,+28.566,+23.922,+0.984
1631987460,+3.47,+28.609,+23.911,+0.985
1631987520,+3.47,+28.609,+24.240,+0.988
1631987580,+3.47,+28.703,+25.624,+0.985
1631987640,+3.47,+28.780,+27.083,+0.988
1631987700,+3.47,+28.823,+26.899,+0.986
1631987760,+3.47,+28.840,+26.409,+0.986
1631987820,+3.47,+28.831,+26.741,+0.985
1631987880,+3.47,+28.823,+27.922,+0.986
1631987940,+3.47,+28.831,+28.806,+0.986
1631988000,+3.47,+28.780,+29.281,+0.986
1631988060,+3.47,+28.805,+30.315,+0.987
1631988120,+3.47,+28.780,+31.187,+0.985
1631988180,+3.47,+28.814,+32.124,+0.986
1631988240,+3.47,+28.848,+32.921,+0.987
1631988300,+3.47,+28.848,+33.662,+0.987
1631988360,+3.47,+28.883,+34.233,+0.987
1631988420,+3.47,+28.925,+33.947,+0.981
1631988480,+3.47,+28.977,+34.321,+0.988
1631988540,+3.47,+29.054,+34.118,+0.985
1631988600,+3.47,+29.088,+33.464,+0.985
1631988660,+3.47,+29.088,+32.867,+0.985
1631988720,+3.47,+29.123,+31.984,+0.987
1631988780,+3.47,+29.140,+30.539,+0.985
1631988840,+3.47,+29.148,+29.369,+0.986
1631988900,+3.47,+29.123,+28.167,+0.983
1631988960,+3.47,+29.097,+27.463,+0.986
1631989020,+3.47,+29.088,+26.601,+0.985
1631989080,+3.47,+29.045,+25.964,+0.985
1631989140,+3.47,+29.003,+25.321,+0.985
1631989200,+3.47,+28.968,+24.896,+0.990
1631989260,+3.47,+28.951,+24.385,+0.985
1631989320,+3.47,+28.994,+25.451,+0.985
1631989380,+3.47,+29.045,+26.453,+0.987
1631989440,+3.47,+29.071,+27.205,+0.990
1631989500,+3.47,+29.088,+26.477,+0.984
1631989560,+3.47,+29.123,+26.742,+0.988
1631989620,+3.47,+29.157,+26.979,+0.985
1631989680,+3.47,+29.243,+28.064,+0.987
1631989740,+3.47,+29.294,+28.262,+0.986
1631989800,+3.47,+29.346,+28.827,+0.987
1631989860,+3.47,+29.380,+29.407,+0.984
1631989920,+3.47,+29.415,+29.314,+0.988
1631989980,+3.47,+29.432,+30.282,+0.986
1631990040,+3.47,+29.475,+31.302,+0.984
1631990100,+3.47,+29.492,+32.561,+0.987
1631990160,+3.47,+29.501,+33.237,+0.983
1631990220,+3.47,+29.509,+34.053,+0.983
1631990280,+3.47,+29.483,+34.979,+0.988
1631990340,+3.47,+29.483,+35.622,+0.988
1631990400,+3.47,+29.475,+35.724,+0.982
1631990460,+3.47,+29.475,+36.432,+0.988
1631990520,+3.47,+29.483,+36.606,+0.985
1631990580,+3.47,+29.475,+37.010,+0.986
1631990640,+3.47,+29.518,+37.242,+0.985
1631990700,+3.47,+29.526,+37.361,+0.984
1631990760,+3.47,+29.552,+37.466,+0.985
1631990820,+3.47,+29.595,+37.722,+0.988
1631990880,+3.47,+29.664,+37.802,+0.987
1631990940,+3.47,+29.742,+37.847,+0.986
1631991000,+3.47,+29.845,+37.884,+0.985
1631991060,+3.47,+29.923,+37.958,+0.983
1631991120,+3.47,+29.966,+38.364,+0.988
1631991180,+3.47,+29.974,+37.003,+0.984
1631991240,+3.47,+29.957,+35.824,+0.986
1631991300,+3.47,+29.940,+34.282,+0.983
1631991360,+3.47,+29.914,+33.110,+0.986
1631991420,+3.47,+29.871,+31.818,+0.986
1631991480,+3.47,+29.836,+30.782,+0.987
1631991540,+3.47,+29.785,+29.619,+0.984
1631991600,+3.47,+29.750,+28.587,+0.983
1631991660,+3.47,+29.724,+28.157,+0.983
1631991720,+3.47,+29.724,+29.019,+0.986
1631991780,+3.47,+29.699,+28.580,+0.984
1631991840,+3.47,+29.630,+27.673,+0.986
1631991900,+3.47,+29.569,+26.957,+0.988
1631991960,+3.47,+29.578,+25.992,+0.982
1631992020,+3.47,+29.595,+25.445,+0.986
1631992080,+3.47,+29.630,+25.293,+0.986
1631992140,+3.47,+29.707,+26.149,+0.985
1631992200,+3.47,+29.811,+27.343,+0.985
1631992260,+3.47,+29.897,+28.369,+0.987
1631992320,+3.47,+29.957,+29.135,+0.985
1631992380,+3.47,+30.009,+29.960,+0.987
1631992440,+3.47,+30.035,+30.446,+0.983
1631992500,+3.47,+30.052,+31.199,+0.986
1631992560,+3.47,+30.130,+31.467,+0.981
1631992620,+3.47,+30.164,+31.965,+0.981
1631992680,+3.47,+30.199,+32.651,+0.987
1631992740,+3.47,+30.251,+32.948,+0.984
1631992800,+3.47,+30.277,+33.421,+0.985
1631992860,+3.47,+30.294,+33.698,+0.985
1631992920,+3.47,+30.277,+33.697,+0.981
1631992980,+3.47,+30.268,+34.060,+0.986
1631993040,+3.47,+30.259,+34.047,+0.981
1631993100,+3.47,+30.225,+34.156,+0.980
1631993160,+3.47,+30.225,+34.432,+0.983
1631993220,+3.47,+30.268,+34.712,+0.984
1631993280,+3.47,+30.363,+34.619,+0.982
1631993340,+3.47,+30.502,+34.660,+0.983
1631993400,+3.47,+30.554,+34.433,+0.982
1631993460,+3.47,+30.614,+34.376,+0.985
1631993520,+3.47,+30.632,+33.321,+0.982
1631993580,+3.47,+30.606,+31.814,+0.985
1631993640,+3.47,+30.554,+30.386,+0.983
1631993700,+3.47,+30.528,+29.394,+0.988
1631993760,+3.47,+30.502,+28.084,+0.983
1631993820,+3.47,+30.424,+27.251,+0.983
1631993880,+3.47,+30.380,+26.657,+0.986
1631993940,+3.47,+30.294,+26.130,+0.987
1631994000,+3.47,+30.234,+25.560,+0.985
1631994060,+3.47,+30.182,+25.020,+0.983
1631994120,+3.47,+30.121,+24.810,+0.987
1631994180,+3.47,+30.095,+24.489,+0.987
1631994240,+3.47,+30.087,+24.123,+0.985
1631994300,+3.47,+30.095,+23.985,+0.988
1631994360,+3.47,+30.113,+23.692,+0.987
1631994420,+3.47,+30.113,+23.542,+0.988
1631994480,+3.47,+30.138,+23.299,+0.986
1631994540,+3.47,+30.173,+23.141,+0.988
1631994600,+3.47,+30.216,+22.962,+0.987
1631994660,+3.47,+30.285,+22.868,+0.990
1631994720,+3.47,+30.329,+22.548,+0.985
1631994780,+3.47,+30.363,+22.591,+0.988
1631994840,+3.47,+30.432,+23.049,+0.984
1631994900,+3.47,+30.484,+23.769,+0.988
1631994960,+3.47,+30.510,+24.691,+0.987
1631995020,+3.47,+30.528,+25.906,+0.987
1631995080,+3.47,+30.554,+26.913,+0.987
1631995140,+3.47,+30.536,+27.858,+0.989
1631995200,+3.47,+30.554,+28.443,+0.986
1631995260,+3.47,+30.545,+28.921,+0.985
1631995320,+3.47,+30.545,+29.464,+0.986
1631995380,+3.47,+30.571,+29.825,+0.984
1631995440,+3.47,+30.640,+30.345,+0.988
1631995500,+3.47,+30.640,+30.597,+0.984
1631995560,+3.47,+30.701,+30.864,+0.984
1631995620,+3.47,+30.675,+31.171,+0.984
1631995680,+3.47,+30.623,+31.315,+0.981
1631995740,+3.47,+30.632,+31.829,+0.988
1631995800,+3.47,+30.649,+31.923,+0.985
1631995860,+3.47,+30.692,+32.071,+0.983
1631995920,+3.47,+30.736,+32.283,+0.986
1631995980,+3.47,+30.770,+31.708,+0.983
1631996040,+3.47,+30.770,+31.315,+0.981
1631996100,+3.47,+30.822,+31.245,+0.985
1631996160,+3.47,+30.822,+30.172,+0.982
1631996220,+3.47,+30.848,+29.167,+0.980
1631996280,+3.47,+30.874,+28.383,+0.983
1631996340,+3.47,+30.866,+27.588,+0.984
1631996400,+3.47,+30.866,+26.726,+0.983
1631996460,+3.47,+30.848,+26.121,+0.985
1631996520,+3.47,+30.822,+25.537,+0.985
1631996580,+3.47,+30.814,+25.154,+0.988
1631996640,+3.47,+30.814,+24.649,+0.985
1631996700,+3.47,+30.779,+24.308,+0.986
1631996760,+3.47,+30.788,+24.045,+0.988
1631996820,+3.47,+30.796,+23.718,+0.987
1631996880,+3.47,+30.866,+23.265,+0.985
1631996940,+3.47,+30.883,+23.078,+0.987
1631997000,+3.47,+30.892,+22.808,+0.985
1631997060,+3.48,+30.918,+22.642,+0.986
1631997120,+3.47,+30.874,+22.467,+0.984
1631997180,+3.47,+30.848,+22.704,+0.984
1631997240,+3.47,+30.831,+23.976,+0.988
1631997300,+3.47,+30.822,+25.127,+0.987
1631997360,+3.47,+30.805,+26.061,+0.984
1631997420,+3.47,+30.831,+27.009,+0.988
1631997480,+3.47,+30.857,+27.793,+0.987
1631997540,+3.47,+30.866,+28.493,+0.986
1631997600,+3.47,+30.900,+29.166,+0.985
1631997660,+3.48,+30.935,+29.901,+0.984
1631997720,+3.48,+30.996,+30.558,+0.985
1631997780,+3.48,+31.039,+30.860,+0.985
1631997840,+3.48,+31.092,+31.049,+0.984
1631997900,+3.48,+31.092,+30.248,+0.982
1631997960,+3.48,+31.144,+30.429,+0.985
1631998020,+3.48,+31.161,+30.630,+0.983
1631998080,+3.48,+31.126,+29.716,+0.984
1631998140,+3.48,+31.074,+28.608,+0.982
1631998200,+3.48,+30.996,+27.891,+0.986
1631998260,+3.48,+30.918,+26.983,+0.982
1631998320,+3.47,+30.874,+26.141,+0.981
1631998380,+3.47,+30.753,+25.714,+0.986
1631998440,+3.47,+30.744,+24.968,+0.983
1631998500,+3.47,+30.684,+24.647,+0.987
1631998560,+3.47,+30.684,+24.065,+0.984
1631998620,+3.47,+30.649,+23.758,+0.985
1631998680,+3.47,+30.632,+23.568,+0.986
1631998740,+3.47,+30.614,+23.209,+0.985
1631998800,+3.47,+30.632,+23.008,+0.986
1631998860,+3.47,+30.632,+22.892,+0.989
1631998920,+3.47,+30.666,+22.621,+0.985
1631998980,+3.47,+30.675,+22.862,+0.986
1631999040,+3.47,+30.727,+23.621,+0.985
1631999100,+3.47,+30.753,+24.651,+0.986
1631999160,+3.47,+30.779,+25.652,+0.988
1631999220,+3.47,+30.779,+26.369,+0.986
1631999280,+3.47,+30.796,+26.983,+0.985
1631999340,+3.47,+30.805,+27.633,+0.985
1631999400,+3.47,+30.848,+28.183,+0.984
1631999460,+3.47,+30.874,+28.943,+0.986
1631999520,+3.48,+30.927,+29.726,+0.984
1631999580,+3.48,+30.996,+30.472,+0.984
1631999640,+3.48,+31.057,+31.252,+0.984
1631999700,+3.48,+31.100,+31.927,+0.985
1631999760,+3.48,+31.152,+32.654,+0.986
1631999820,+3.48,+31.196,+33.366,+0.988
1631999880,+3.48,+31.257,+33.857,+0.984
1631999940,+3.48,+31.300,+34.755,+0.988
1632000000,+3.47,+31.370,+34.959,+0.982
1632000060,+3.47,+31.396,+35.154,+0.982
1632000120,+3.47,+31.379,+35.508,+0.985
1632000180,+3.47,+31.361,+35.374,+0.978
1632000240,+3.47,+31.361,+35.627,+0.981
1632000300,+3.48,+31.318,+35.763,+0.983
1632000360,+3.48,+31.283,+35.734,+0.982
1632000420,+3.48,+31.239,+36.118,+0.988
1632000480,+3.48,+31.205,+35.646,+0.982
1632000540,+3.48,+31.161,+35.432,+0.982
1632000600,+3.48,+31.126,+35.493,+0.986
1632000660,+3.48,+31.109,+34.939,+0.979
1632000720,+3.48,+31.126,+35.069,+0.984
1632000780,+3.48,+31.187,+35.023,+0.986
1632000840,+3.48,+31.231,+34.895,+0.986
1632000900,+3.48,+31.344,+34.674,+0.985
1632000960,+3.47,+31.414,+34.591,+0.984
1632001020,+3.47,+31.475,+34.158,+0.977
1632001080,+3.47,+31.483,+34.689,+0.987
1632001140,+3.47,+31.483,+34.868,+0.988
1632001200,+3.47,+31.466,+34.490,+0.981
1632001260,+3.47,+31.431,+34.549,+0.984
1632001320,+3.48,+31.370,+34.420,+0.983
1632001380,+3.48,+31.318,+34.174,+0.983
1632001440,+3.48,+31.266,+33.970,+0.985
1632001500,+3.48,+31.248,+33.808,+0.983
1632001560,+3.48,+31.231,+33.859,+0.985
1632001620,+3.48,+31.239,+33.770,+0.985
1632001680,+3.48,+31.222,+33.548,+0.982
1632001740,+3.48,+31.213,+33.836,+0.985
1632001800,+3.48,+31.205,+34.221,+0.988
1632001860,+3.48,+31.179,+34.263,+0.986
1632001920,+3.48,+31.170,+34.130,+0.981
1632001980,+3.48,+31.179,+34.452,+0.985
1632002040,+3.48,+31.179,+34.449,+0.984
1632002100,+3.48,+31.205,+34.273,+0.981
1632002160,+3.48,+31.257,+34.573,+0.988
1632002220,+3.48,+31.283,+34.440,+0.986
1632002280,+3.48,+31.318,+34.351,+0.985
1632002340,+3.48,+31.370,+34.400,+0.986
1632002400,+3.48,+31.422,+34.078,+0.984
1632002460,+3.48,+31.457,+33.734,+0.981
1632002520,+3.48,+31.475,+33.382,+0.987
1632002580,+3.48,+31.475,+33.135,+0.985
1632002640,+3.48,+31.448,+33.062,+0.986
1632002700,+3.48,+31.440,+33.010,+0.986
1632002760,+3.48,+31.414,+32.771,+0.983
1632002820,+3.48,+31.414,+32.779,+0.985
1632002880,+3.48,+31.440,+32.584,+0.984
1632002940,+3.48,+31.440,+32.613,+0.985
1632003000,+3.48,+31.466,+32.494,+0.984
1632003060,+3.48,+31.475,+32.429,+0.983
1632003120,+3.48,+31.466,+32.535,+0.986
1632003180,+3.48,+31.501,+32.437,+0.986
1632003240,+3.47,+31.492,+32.389,+0.986
1632003300,+3.48,+31.492,+32.442,+0.989
1632003360,+3.48,+31.448,+32.171,+0.982
1632003420,+3.48,+31.440,+32.369,+0.985
1632003480,+3.48,+31.448,+32.004,+0.980
1632003540,+3.48,+31.379,+31.896,+0.983
1632003600,+3.48,+31.361,+31.763,+0.983
1632003660,+3.48,+31.361,+31.717,+0.986
1632003720,+3.48,+31.387,+31.463,+0.985
1632003780,+3.48,+31.431,+31.007,+0.982
1632003840,+3.48,+31.509,+30.583,+0.982
1632003900,+3.47,+31.597,+29.852,+0.984
1632003960,+3.47,+31.666,+29.662,+0.985
1632004020,+3.47,+31.710,+29.478,+0.983
1632004080,+3.47,+31.771,+29.560,+0.986
1632004140,+3.47,+31.762,+29.498,+0.983
1632004200,+3.47,+31.754,+29.503,+0.984
1632004260,+3.47,+31.754,+29.498,+0.984
1632004320,+3.47,+31.693,+29.576,+0.985
1632004380,+3.47,+31.649,+29.505,+0.984
1632004440,+3.47,+31.632,+29.445,+0.984
1632004500,+3.47,+31.632,+29.359,+0.983
1632004560,+3.48,+31.605,+29.328,+0.985
1632004620,+3.48,+31.588,+29.081,+0.983
1632004680,+3.48,+31.544,+29.049,+0.985
1632004740,+3.48,+31.466,+28.771,+0.983
1632004800,+3.48,+31.422,+28.525,+0.983
1632004860,+3.48,+31.414,+28.244,+0.983
1632004920,+3.48,+31.440,+28.170,+0.990
1632004980,+3.48,+31.475,+27.541,+0.984
1632005040,+3.48,+31.527,+27.332,+0.987
1632005100,+3.48,+31.570,+26.978,+0.988
1632005160,+3.48,+31.614,+26.621,+0.989
1632005220,+3.47,+31.623,+26.038,+0.981
1632005280,+3.48,+31.614,+25.989,+0.985
1632005340,+3.48,+31.597,+25.647,+0.981
1632005400,+3.48,+31.605,+25.680,+0.983
1632005460,+3.48,+31.614,+25.541,+0.983
1632005520,+3.48,+31.597,+25.561,+0.984
1632005580,+3.48,+31.605,+25.605,+0.987
1632005640,+3.48,+31.588,+25.414,+0.984
1632005700,+3.48,+31.579,+25.428,+0.985
1632005760,+3.48,+31.579,+25.332,+0.983
1632005820,+3.48,+31.588,+25.444,+0.986
1632005880,+3.48,+31.597,+25.340,+0.983
1632005940,+3.48,+31.605,+25.298,+0.983
1632006000,+3.48,+31.623,+25.239,+0.983
1632006060,+3.48,+31.640,+25.290,+0.985
1632006120,+3.47,+31.666,+25.421,+0.985
1632006180,+3.47,+31.719,+25.462,+0.983
1632006240,+3.47,+31.754,+25.635,+0.984
1632006300,+3.47,+31.797,+25.597,+0.985
1632006360,+3.47,+31.824,+25.420,+0.985
1632006420,+3.47,+31.841,+25.117,+0.984
1632006480,+3.47,+31.859,+24.861,+0.985
1632006540,+3.47,+31.832,+24.465,+0.980
1632006600,+3.47,+31.832,+24.233,+0.980
1632006660,+3.47,+31.841,+24.147,+0.983
1632006720,+3.47,+31.841,+24.062,+0.985
1632006780,+3.47,+31.841,+23.870,+0.984
1632006840,+3.47,+31.815,+23.588,+0.981
1632006900,+3.47,+31.815,+23.517,+0.984
1632006960,+3.47,+31.824,+23.369,+0.984
1632007020,+3.47,+31.832,+23.277,+0.985
1632007080,+3.47,+31.841,+23.116,+0.984
1632007140,+3.47,+31.850,+23.017,+0.986
1632007200,+3.47,+31.867,+22.792,+0.985
1632007260,+3.47,+31.876,+22.578,+0.986
1632007320,+3.47,+31.867,+22.373,+0.986
1632007380,+3.47,+31.850,+22.097,+0.982
1632007440,+3.47,+31.771,+22.069,+0.984
1632007500,+3.48,+31.710,+22.101,+0.985
1632007560,+3.48,+31.614,+22.067,+0.982
1632007620,+3.48,+31.553,+22.310,+0.985
1632007680,+3.48,+31.483,+22.622,+0.987
1632007740,+3.48,+31.440,+22.847,+0.986
1632007800,+3.48,+31.405,+23.012,+0.984
1632007860,+3.48,+31.370,+23.224,+0.982
1632007920,+3.48,+31.344,+23.608,+0.987
1632007980,+3.48,+31.344,+23.773,+0.983
1632008040,+3.48,+31.335,+24.168,+0.987
1632008100,+3.48,+31.353,+24.224,+0.982
1632008160,+3.48,+31.353,+24.485,+0.986
1632008220,+3.48,+31.361,+24.536,+0.984
1632008280,+3.48,+31.379,+24.596,+0.984
1632008340,+3.48,+31.405,+24.485,+0.983
1632008400,+3.48,+31.414,+24.515,+0.986
1632008460,+3.48,+31.414,+24.360,+0.985
1632008520,+3.48,+31.440,+24.199,+0.984
1632008580,+3.48,+31.422,+24.147,+0.986
1632008640,+3.48,+31.448,+23.979,+0.986
1632008700,+3.48,+31.448,+23.852,+0.985
1632008760,+3.48,+31.475,+23.762,+0.988
1632008820,+3.48,+31.518,+23.450,+0.985
1632008880,+3.48,+31.509,+23.217,+0.984
1632008940,+3.48,+31.544,+22.916,+0.984
1632009000,+3.48,+31.544,+22.632,+0.984
1632009060,+3.48,+31.544,+22.373,+0.986
1632009120,+3.48,+31.536,+22.137,+0.987
1632009180,+3.48,+31.518,+21.772,+0.983
1632009240,+3.48,+31.527,+21.588,+0.985
1632009300,+3.48,+31.527,+21.457,+0.986
1632009360,+3.48,+31.518,+21.281,+0.986
1632009420,+3.48,+31.492,+21.148,+0.985
1632009480,+3.48,+31.475,+21.055,+0.986
1632009540,+3.48,+31.466,+20.921,+0.984
1632009600,+3.48,+31.440,+20.844,+0.985
1632009660,+3.48,+31.431,+20.666,+0.983
1632009720,+3.48,+31.387,+20.616,+0.984
1632009780,+3.48,+31.361,+20.464,+0.984
1632009840,+3.48,+31.370,+20.327,+0.985
1632009900,+3.48,+31.318,+20.266,+0.985
1632009960,+3.48,+31.309,+20.088,+0.983
1632010020,+3.48,+31.292,+20.062,+0.986
1632010080,+3.48,+31.257,+19.913,+0.985
1632010140,+3.48,+31.248,+19.785,+0.985
1632010200,+3.48,+31.222,+19.710,+0.986
1632010260,+3.48,+31.196,+19.540,+0.985
1632010320,+3.48,+31.196,+19.470,+0.988
1632010380,+3.48,+31.170,+19.241,+0.984
1632010440,+3.48,+31.152,+19.210,+0.987
1632010500,+3.48,+31.126,+19.103,+0.986
1632010560,+3.48,+31.109,+19.011,+0.986
1632010620,+3.48,+31.092,+18.884,+0.985
1632010680,+3.48,+31.065,+18.793,+0.985
1632010740,+3.48,+31.065,+18.682,+0.985
1632010800,+3.48,+31.057,+18.588,+0.983
1632010860,+3.48,+31.048,+18.474,+0.984
1632010920,+3.48,+31.031,+18.329,+0.983
1632010980,+3.48,+31.013,+18.188,+0.984
1632011040,+3.48,+31.013,+17.994,+0.985
1632011100,+3.48,+31.013,+17.823,+0.985
1632011160,+3.48,+30.987,+17.639,+0.983
1632011220,+3.48,+30.970,+17.629,+0.987
1632011280,+3.48,+30.970,+17.436,+0.983
1632011340,+3.48,+30.961,+17.307,+0.984
1632011400,+3.48,+30.944,+17.220,+0.984
1632011460,+3.48,+30.953,+17.120,+0.984
1632011520,+3.48,+30.944,+17.046,+0.984
1632011580,+3.48,+30.944,+16.951,+0.984
1632011640,+3.48,+30.979,+16.844,+0.984
1632011700,+3.48,+30.961,+17.428,+0.984
1632011760,+3.48,+30.953,+17.983,+0.985
1632011820,+3.48,+30.953,+18.202,+0.984
1632011880,+3.48,+30.961,+18.305,+0.984
1632011940,+3.48,+30.970,+18.345,+0.985
1632012000,+3.48,+30.961,+18.324,+0.984
1632012060,+3.48,+30.970,+18.302,+0.986
1632012120,+3.48,+30.979,+18.215,+0.986
1632012180,+3.48,+30.970,+18.107,+0.986
1632012240,+3.48,+30.961,+17.951,+0.985
1632012300,+3.48,+30.953,+17.846,+0.985
1632012360,+3.48,+30.953,+17.690,+0.984
1632012420,+3.48,+30.944,+17.620,+0.986
1632012480,+3.48,+30.935,+17.434,+0.985
1632012540,+3.48,+30.918,+17.348,+0.986
1632012600,+3.48,+30.909,+17.172,+0.986
1632012660,+3.48,+30.883,+17.056,+0.985
1632012720,+3.48,+30.883,+16.972,+0.984
1632012780,+3.48,+30.874,+16.911,+0.984
1632012840,+3.48,+30.874,+16.951,+0.985
1632012900,+3.48,+30.848,+16.973,+0.984
1632012960,+3.48,+30.848,+17.033,+0.985
1632013020,+3.48,+30.840,+17.027,+0.985
1632013080,+3.48,+30.831,+17.057,+0.987
1632013140,+3.48,+30.831,+17.019,+0.984
1632013200,+3.48,+30.814,+16.984,+0.984
1632013260,+3.48,+30.831,+16.904,+0.983
1632013320,+3.48,+30.796,+16.829,+0.984
1632013380,+3.48,+30.805,+16.682,+0.983
1632013440,+3.48,+30.779,+16.594,+0.984
1632013500,+3.48,+30.762,+16.435,+0.982
1632013560,+3.48,+30.779,+16.327,+0.983
1632013620,+3.48,+30.770,+16.290,+0.982
1632013680,+3.48,+30.762,+16.363,+0.985
1632013740,+3.48,+30.744,+16.281,+0.983
