7450-387970
OS REV: 1.05 Sensor Cal: 1615486469
Time (sec),  BV (Volts),  T (deg C),  DO (mg/l),  Q ()
1630372200,+3.49,+30.996,+18.010,+0.984
1630372260,+3.49,+30.996,+17.934,+0.988
1630372320,+3.49,+31.005,+18.006,+0.988
1630372380,+3.49,+30.996,+17.928,+0.987
1630372440,+3.49,+31.005,+17.935,+0.985
1630372500,+3.49,+31.013,+18.001,+0.985
1630372560,+3.49,+30.953,+17.939,+0.986
1630372620,+3.49,+30.970,+17.851,+0.986
1630372680,+3.49,+30.944,+17.778,+0.988
1630372740,+3.49,+30.944,+17.747,+0.986
1630372800,+3.49,+30.970,+17.690,+0.985
1630372860,+3.49,+30.935,+17.741,+0.986
1630372920,+3.49,+30.961,+17.706,+0.986
1630372980,+3.49,+31.013,+18.547,+0.986
1630373040,+3.49,+30.970,+18.820,+0.985
1630373100,+3.49,+31.005,+18.755,+0.986
1630373160,+3.49,+31.039,+18.898,+0.985
1630373220,+3.49,+31.005,+19.063,+0.987
1630373280,+3.49,+31.005,+18.956,+0.989
1630373340,+3.49,+31.048,+18.901,+0.986
1630373400,+3.49,+31.005,+18.887,+0.987
1630373460,+3.49,+30.996,+18.801,+0.986
1630373520,+3.49,+30.970,+18.458,+0.985
1630373580,+3.49,+30.970,+18.317,+0.986
1630373640,+3.49,+30.953,+18.146,+0.986
1630373700,+3.49,+30.987,+17.990,+0.986
1630373760,+3.49,+30.987,+18.201,+0.985
1630373820,+3.49,+31.039,+18.316,+0.988
1630373880,+3.49,+31.013,+18.283,+0.987
1630373940,+3.49,+30.996,+18.325,+0.987
1630374000,+3.49,+31.005,+18.224,+0.986
1630374060,+3.49,+31.005,+17.940,+0.986
1630374120,+3.49,+30.987,+17.784,+0.987
1630374180,+3.49,+30.996,+17.743,+0.987
1630374240,+3.49,+31.005,+17.582,+0.987
1630374300,+3.49,+30.996,+17.453,+0.985
1630374360,+3.49,+30.996,+17.475,+0.987
1630374420,+3.49,+30.996,+17.313,+0.985
1630374480,+3.49,+30.996,+17.265,+0.986
1630374540,+3.49,+31.005,+17.182,+0.984
1630374600,+3.49,+31.013,+17.168,+0.985
1630374660,+3.49,+31.005,+17.157,+0.986
1630374720,+3.49,+31.005,+17.071,+0.987
1630374780,+3.49,+31.013,+17.153,+0.986
1630374840,+3.49,+31.022,+17.137,+0.987
1630374900,+3.49,+31.057,+17.112,+0.985
1630374960,+3.49,+31.039,+17.226,+0.985
1630375020,+3.49,+31.022,+17.107,+0.985
1630375080,+3.49,+31.013,+17.028,+0.986
1630375140,+3.49,+31.022,+16.921,+0.985
1630375200,+3.49,+31.022,+16.836,+0.987
1630375260,+3.49,+31.022,+16.675,+0.985
1630375320,+3.49,+31.013,+16.539,+0.985
1630375380,+3.49,+31.031,+16.428,+0.986
1630375440,+3.49,+31.039,+16.367,+0.986
1630375500,+3.49,+31.039,+16.276,+0.985
1630375560,+3.49,+31.022,+16.199,+0.986
1630375620,+3.49,+31.031,+16.113,+0.985
1630375680,+3.49,+31.022,+16.092,+0.986
1630375740,+3.49,+31.039,+16.050,+0.986
1630375800,+3.49,+31.039,+16.053,+0.985
1630375860,+3.49,+31.031,+15.960,+0.985
1630375920,+3.49,+31.048,+16.186,+0.987
1630375980,+3.49,+31.057,+17.143,+0.990
1630376040,+3.49,+31.048,+17.265,+0.986
1630376100,+3.49,+31.065,+17.314,+0.984
1630376160,+3.49,+31.057,+17.408,+0.986
1630376220,+3.49,+31.048,+17.420,+0.986
1630376280,+3.49,+31.074,+17.436,+0.985
1630376340,+3.49,+31.065,+17.330,+0.984
1630376400,+3.49,+31.048,+17.287,+0.986
1630376460,+3.49,+31.039,+17.252,+0.987
1630376520,+3.49,+31.057,+17.365,+0.987
1630376580,+3.49,+31.057,+17.278,+0.985
1630376640,+3.49,+31.074,+17.178,+0.985
1630376700,+3.49,+31.074,+17.104,+0.985
1630376760,+3.49,+31.048,+17.110,+0.986
1630376820,+3.49,+31.065,+17.037,+0.986
1630376880,+3.49,+31.039,+17.018,+0.987
1630376940,+3.49,+31.039,+16.910,+0.986
1630377000,+3.49,+31.048,+16.923,+0.987
1630377060,+3.49,+31.057,+17.019,+0.988
1630377120,+3.49,+31.057,+17.089,+0.988
1630377180,+3.49,+31.057,+17.030,+0.986
1630377240,+3.49,+31.039,+16.968,+0.987
1630377300,+3.49,+31.057,+16.870,+0.985
1630377360,+3.49,+31.057,+16.909,+0.986
1630377420,+3.49,+31.039,+16.928,+0.986
1630377480,+3.49,+31.065,+16.960,+0.985
1630377540,+3.49,+31.074,+17.148,+0.986
1630377600,+3.49,+31.057,+17.177,+0.984
1630377660,+3.49,+31.057,+17.209,+0.986
1630377720,+3.49,+31.057,+17.088,+0.988
1630377780,+3.49,+31.039,+16.908,+0.987
1630377840,+3.49,+31.031,+16.825,+0.986
1630377900,+3.49,+31.022,+16.717,+0.984
1630377960,+3.49,+31.031,+16.734,+0.986
1630378020,+3.49,+31.039,+16.639,+0.985
1630378080,+3.49,+31.065,+16.600,+0.986
1630378140,+3.49,+31.065,+16.600,+0.986
1630378200,+3.49,+31.048,+16.526,+0.986
1630378260,+3.49,+31.048,+16.381,+0.983
1630378320,+3.49,+31.048,+16.367,+0.985
1630378380,+3.49,+31.065,+16.408,+0.986
1630378440,+3.49,+31.100,+16.314,+0.984
1630378500,+3.49,+31.092,+16.325,+0.986
1630378560,+3.49,+31.100,+16.182,+0.986
1630378620,+3.49,+31.100,+16.115,+0.985
1630378680,+3.49,+31.092,+16.085,+0.988
1630378740,+3.49,+31.100,+15.969,+0.986
1630378800,+3.49,+31.100,+15.941,+0.985
1630378860,+3.49,+31.109,+15.877,+0.986
1630378920,+3.49,+31.126,+15.972,+0.985
1630378980,+3.49,+31.118,+16.018,+0.984
1630379040,+3.49,+31.100,+16.050,+0.986
1630379100,+3.49,+31.118,+15.948,+0.987
1630379160,+3.49,+31.100,+15.843,+0.985
1630379220,+3.49,+31.092,+15.705,+0.985
1630379280,+3.49,+31.065,+15.654,+0.986
1630379340,+3.49,+31.083,+15.463,+0.984
1630379400,+3.49,+31.065,+15.409,+0.984
1630379460,+3.49,+31.057,+15.306,+0.984
1630379520,+3.49,+31.065,+15.185,+0.985
1630379580,+3.49,+31.031,+14.963,+0.984
1630379640,+3.49,+31.057,+15.139,+0.985
1630379700,+3.49,+31.100,+15.331,+0.984
1630379760,+3.49,+31.118,+15.566,+0.985
1630379820,+3.49,+31.118,+15.801,+0.987
1630379880,+3.49,+31.144,+16.088,+0.987
1630379940,+3.49,+31.161,+16.315,+0.984
1630380000,+3.49,+31.152,+16.680,+0.986
1630380060,+3.49,+31.161,+16.711,+0.987
1630380120,+3.49,+31.152,+16.657,+0.985
1630380180,+3.49,+31.161,+16.848,+0.985
1630380240,+3.49,+31.144,+16.900,+0.986
1630380300,+3.49,+31.152,+16.723,+0.987
1630380360,+3.49,+31.170,+16.729,+0.986
1630380420,+3.49,+31.144,+16.946,+0.985
1630380480,+3.49,+31.109,+16.875,+0.987
1630380540,+3.49,+31.100,+16.805,+0.987
1630380600,+3.49,+31.083,+16.620,+0.986
1630380660,+3.49,+31.065,+16.368,+0.986
1630380720,+3.49,+31.065,+16.099,+0.986
1630380780,+3.49,+31.074,+15.832,+0.986
1630380840,+3.49,+31.065,+15.755,+0.984
1630380900,+3.49,+31.074,+16.222,+0.986
1630380960,+3.49,+31.065,+16.222,+0.986
1630381020,+3.49,+31.074,+16.271,+0.986
1630381080,+3.49,+31.092,+16.432,+0.985
1630381140,+3.49,+31.083,+17.349,+0.986
1630381200,+3.49,+31.065,+17.204,+0.988
1630381260,+3.49,+31.092,+17.353,+0.986
1630381320,+3.49,+31.100,+18.012,+0.986
1630381380,+3.49,+31.100,+18.065,+0.986
1630381440,+3.49,+31.083,+17.707,+0.986
1630381500,+3.49,+31.048,+16.735,+0.986
1630381560,+3.49,+31.083,+17.206,+0.986
1630381620,+3.49,+31.074,+17.817,+0.987
1630381680,+3.49,+31.100,+18.503,+0.987
1630381740,+3.49,+31.083,+18.555,+0.985
1630381800,+3.49,+31.057,+18.021,+0.987
1630381860,+3.49,+31.057,+17.654,+0.986
1630381920,+3.49,+31.057,+17.495,+0.987
1630381980,+3.49,+31.039,+16.993,+0.987
1630382040,+3.49,+31.031,+16.697,+0.987
1630382100,+3.49,+30.987,+17.099,+0.986
1630382160,+3.49,+30.996,+16.834,+0.986
1630382220,+3.49,+31.005,+16.632,+0.986
1630382280,+3.49,+31.005,+16.729,+0.986
1630382340,+3.49,+30.987,+16.594,+0.986
1630382400,+3.49,+31.005,+16.910,+0.987
1630382460,+3.49,+30.987,+17.385,+0.988
1630382520,+3.49,+30.953,+17.098,+0.985
1630382580,+3.49,+30.979,+16.607,+0.984
1630382640,+3.49,+30.979,+16.742,+0.986
1630382700,+3.49,+30.961,+17.291,+0.986
1630382760,+3.49,+30.970,+17.410,+0.986
1630382820,+3.49,+30.979,+18.089,+0.986
1630382880,+3.49,+30.961,+18.444,+0.986
1630382940,+3.49,+30.961,+18.331,+0.987
1630383000,+3.49,+30.927,+18.085,+0.988
1630383060,+3.49,+30.953,+18.231,+0.986
1630383120,+3.49,+30.944,+18.587,+0.988
1630383180,+3.49,+30.927,+18.719,+0.986
1630383240,+3.49,+30.935,+18.680,+0.988
1630383300,+3.49,+30.935,+18.805,+0.985
1630383360,+3.49,+30.927,+18.747,+0.987
1630383420,+3.49,+30.909,+18.428,+0.986
1630383480,+3.49,+30.909,+18.720,+0.985
1630383540,+3.49,+30.900,+18.825,+0.987
1630383600,+3.49,+30.900,+18.985,+0.986
1630383660,+3.49,+30.874,+18.784,+0.987
1630383720,+3.49,+30.892,+18.773,+0.986
1630383780,+3.49,+30.874,+18.844,+0.987
1630383840,+3.49,+30.874,+18.662,+0.987
1630383900,+3.49,+30.874,+18.739,+0.990
1630383960,+3.49,+30.866,+18.694,+0.984
1630384020,+3.48,+30.848,+18.480,+0.985
1630384080,+3.48,+30.857,+18.461,+0.989
1630384140,+3.48,+30.831,+18.563,+0.988
1630384200,+3.48,+30.840,+18.596,+0.985
1630384260,+3.48,+30.840,+18.754,+0.988
1630384320,+3.48,+30.840,+18.818,+0.988
1630384380,+3.48,+30.822,+18.669,+0.987
1630384440,+3.48,+30.796,+18.773,+0.988
1630384500,+3.48,+30.805,+18.739,+0.987
1630384560,+3.48,+30.805,+18.724,+0.987
1630384620,+3.48,+30.796,+18.835,+0.986
1630384680,+3.48,+30.788,+18.916,+0.986
1630384740,+3.48,+30.779,+18.731,+0.986
1630384800,+3.48,+30.770,+18.370,+0.984
1630384860,+3.48,+30.753,+18.617,+0.988
1630384920,+3.48,+30.762,+18.651,+0.986
1630384980,+3.48,+30.744,+18.662,+0.988
1630385040,+3.48,+30.753,+18.648,+0.988
1630385100,+3.48,+30.753,+18.574,+0.987
1630385160,+3.48,+30.744,+18.423,+0.985
1630385220,+3.48,+30.736,+18.331,+0.984
1630385280,+3.48,+30.736,+18.436,+0.986
1630385340,+3.48,+30.710,+18.423,+0.988
1630385400,+3.48,+30.701,+18.286,+0.987
1630385460,+3.48,+30.718,+18.082,+0.986
1630385520,+3.48,+30.701,+17.906,+0.987
1630385580,+3.48,+30.675,+17.864,+0.986
1630385640,+3.48,+30.675,+18.023,+0.987
1630385700,+3.48,+30.675,+18.097,+0.987
1630385760,+3.48,+30.684,+18.094,+0.986
1630385820,+3.48,+30.675,+18.068,+0.985
1630385880,+3.48,+30.649,+18.194,+0.985
1630385940,+3.48,+30.640,+18.185,+0.986
1630386000,+3.48,+30.632,+18.130,+0.987
1630386060,+3.48,+30.623,+18.159,+0.988
1630386120,+3.48,+30.623,+18.084,+0.986
1630386180,+3.48,+30.632,+17.957,+0.985
1630386240,+3.48,+30.614,+17.940,+0.988
1630386300,+3.48,+30.606,+17.824,+0.986
1630386360,+3.48,+30.606,+17.964,+0.988
1630386420,+3.48,+30.597,+18.026,+0.988
1630386480,+3.48,+30.588,+18.011,+0.989
1630386540,+3.48,+30.588,+17.854,+0.986
1630386600,+3.49,+30.571,+17.755,+0.986
1630386660,+3.49,+30.571,+17.656,+0.987
1630386720,+3.48,+30.571,+17.459,+0.985
1630386780,+3.49,+30.562,+17.407,+0.989
1630386840,+3.49,+30.562,+17.279,+0.986
1630386900,+3.49,+30.562,+17.266,+0.986
1630386960,+3.49,+30.536,+17.270,+0.985
1630387020,+3.49,+30.545,+17.364,+0.987
1630387080,+3.49,+30.528,+17.337,+0.988
1630387140,+3.49,+30.528,+17.232,+0.988
1630387200,+3.49,+30.519,+17.212,+0.987
1630387260,+3.49,+30.510,+17.244,+0.986
1630387320,+3.49,+30.510,+17.207,+0.986
1630387380,+3.49,+30.502,+17.174,+0.987
1630387440,+3.49,+30.502,+17.161,+0.986
1630387500,+3.49,+30.493,+17.254,+0.989
1630387560,+3.49,+30.493,+17.128,+0.988
1630387620,+3.49,+30.476,+16.880,+0.985
1630387680,+3.49,+30.467,+16.865,+0.987
1630387740,+3.49,+30.484,+16.745,+0.986
1630387800,+3.49,+30.458,+16.810,+0.986
1630387860,+3.49,+30.441,+16.850,+0.985
1630387920,+3.49,+30.450,+16.920,+0.988
1630387980,+3.49,+30.406,+16.882,+0.987
1630388040,+3.49,+30.432,+16.803,+0.986
1630388100,+3.49,+30.441,+16.762,+0.986
1630388160,+3.49,+30.424,+16.646,+0.986
1630388220,+3.49,+30.406,+16.439,+0.986
1630388280,+3.49,+30.415,+16.210,+0.988
1630388340,+3.49,+30.406,+16.337,+0.987
1630388400,+3.49,+30.398,+16.511,+0.986
1630388460,+3.49,+30.398,+16.511,+0.988
1630388520,+3.49,+30.372,+16.558,+0.988
1630388580,+3.49,+30.355,+16.555,+0.987
1630388640,+3.49,+30.355,+16.521,+0.986
1630388700,+3.49,+30.372,+16.490,+0.986
1630388760,+3.49,+30.363,+16.428,+0.986
1630388820,+3.49,+30.329,+16.425,+0.985
1630388880,+3.49,+30.355,+16.422,+0.988
1630388940,+3.49,+30.337,+16.326,+0.987
1630389000,+3.49,+30.337,+16.323,+0.985
1630389060,+3.49,+30.337,+16.339,+0.987
1630389120,+3.49,+30.329,+16.187,+0.987
1630389180,+3.49,+30.320,+16.072,+0.987
1630389240,+3.49,+30.303,+16.028,+0.987
1630389300,+3.49,+30.311,+16.063,+0.987
1630389360,+3.49,+30.311,+15.976,+0.986
1630389420,+3.49,+30.294,+15.883,+0.986
1630389480,+3.49,+30.303,+15.732,+0.987
1630389540,+3.49,+30.303,+15.599,+0.987
1630389600,+3.49,+30.285,+15.493,+0.986
1630389660,+3.49,+30.285,+15.536,+0.987
1630389720,+3.49,+30.259,+15.463,+0.985
1630389780,+3.49,+30.277,+15.418,+0.986
1630389840,+3.49,+30.259,+15.348,+0.984
1630389900,+3.49,+30.251,+15.288,+0.985
1630389960,+3.49,+30.234,+15.250,+0.987
1630390020,+3.49,+30.242,+15.221,+0.987
1630390080,+3.49,+30.242,+15.177,+0.987
1630390140,+3.49,+30.225,+15.148,+0.986
1630390200,+3.49,+30.225,+15.164,+0.987
1630390260,+3.49,+30.225,+15.151,+0.986
1630390320,+3.49,+30.216,+15.217,+0.988
1630390380,+3.49,+30.208,+15.217,+0.987
1630390440,+3.49,+30.208,+15.129,+0.987
1630390500,+3.49,+30.216,+14.908,+0.986
1630390560,+3.49,+30.208,+14.707,+0.987
1630390620,+3.49,+30.199,+14.422,+0.986
1630390680,+3.49,+30.182,+14.322,+0.986
1630390740,+3.49,+30.164,+14.323,+0.986
1630390800,+3.49,+30.173,+14.383,+0.986
1630390860,+3.49,+30.147,+14.527,+0.987
1630390920,+3.49,+30.156,+14.656,+0.986
1630390980,+3.49,+30.147,+14.786,+0.986
1630391040,+3.49,+30.130,+14.898,+0.986
1630391100,+3.49,+30.138,+14.902,+0.985
1630391160,+3.49,+30.113,+14.955,+0.986
1630391220,+3.49,+30.130,+14.930,+0.986
1630391280,+3.49,+30.104,+14.841,+0.986
1630391340,+3.49,+30.130,+14.852,+0.987
1630391400,+3.49,+30.121,+14.806,+0.985
1630391460,+3.49,+30.113,+14.703,+0.985
1630391520,+3.49,+30.104,+14.744,+0.986
1630391580,+3.49,+30.087,+14.767,+0.989
1630391640,+3.49,+30.113,+14.616,+0.986
1630391700,+3.49,+30.087,+14.565,+0.985
1630391760,+3.49,+30.069,+14.554,+0.986
1630391820,+3.49,+30.078,+14.428,+0.986
1630391880,+3.49,+30.061,+14.352,+0.986
1630391940,+3.49,+30.052,+14.347,+0.987
1630392000,+3.49,+30.069,+14.276,+0.986
1630392060,+3.49,+30.043,+14.377,+0.987
1630392120,+3.49,+30.043,+14.313,+0.986
1630392180,+3.49,+30.043,+14.208,+0.985
1630392240,+3.49,+30.035,+14.145,+0.987
1630392300,+3.49,+30.035,+14.176,+0.986
1630392360,+3.49,+30.009,+14.164,+0.986
1630392420,+3.49,+30.009,+14.175,+0.987
1630392480,+3.49,+30.000,+14.097,+0.986
1630392540,+3.49,+30.026,+13.999,+0.987
1630392600,+3.49,+30.009,+13.945,+0.987
1630392660,+3.49,+30.000,+13.907,+0.987
1630392720,+3.49,+29.974,+13.853,+0.986
1630392780,+3.49,+29.966,+13.855,+0.985
1630392840,+3.49,+29.974,+13.872,+0.987
1630392900,+3.49,+29.966,+13.793,+0.986
1630392960,+3.49,+29.966,+13.808,+0.987
1630393020,+3.49,+29.966,+13.835,+0.987
1630393080,+3.49,+29.966,+13.770,+0.986
1630393140,+3.49,+29.949,+13.820,+0.988
1630393200,+3.49,+29.949,+13.831,+0.986
1630393260,+3.49,+29.949,+13.820,+0.987
1630393320,+3.49,+29.931,+13.966,+0.988
1630393380,+3.49,+29.923,+14.001,+0.988
1630393440,+3.49,+29.923,+13.930,+0.986
1630393500,+3.49,+29.923,+13.903,+0.989
1630393560,+3.49,+29.931,+13.792,+0.987
1630393620,+3.49,+29.914,+13.740,+0.986
1630393680,+3.49,+29.905,+13.706,+0.987
1630393740,+3.49,+29.905,+13.658,+0.985
1630393800,+3.49,+29.888,+13.644,+0.986
1630393860,+3.49,+29.871,+13.620,+0.988
1630393920,+3.49,+29.880,+13.498,+0.984
1630393980,+3.49,+29.880,+13.466,+0.986
1630394040,+3.49,+29.862,+13.409,+0.986
1630394100,+3.49,+29.862,+13.291,+0.984
1630394160,+3.49,+29.871,+13.268,+0.987
1630394220,+3.49,+29.880,+13.056,+0.987
1630394280,+3.49,+29.871,+12.925,+0.986
1630394340,+3.49,+29.854,+12.802,+0.986
1630394400,+3.49,+29.854,+12.703,+0.986
1630394460,+3.49,+29.845,+12.734,+0.987
1630394520,+3.49,+29.854,+12.652,+0.986
1630394580,+3.49,+29.828,+12.512,+0.986
1630394640,+3.49,+29.819,+12.119,+0.985
1630394700,+3.49,+29.819,+11.777,+0.985
1630394760,+3.49,+29.819,+11.621,+0.985
1630394820,+3.49,+29.836,+11.483,+0.985
1630394880,+3.49,+29.811,+11.232,+0.984
1630394940,+3.49,+29.802,+10.998,+0.985
1630395000,+3.49,+29.793,+10.887,+0.985
1630395060,+3.49,+29.793,+10.880,+0.985
1630395120,+3.49,+29.776,+10.784,+0.985
1630395180,+3.49,+29.785,+10.764,+0.984
1630395240,+3.49,+29.776,+10.731,+0.984
1630395300,+3.49,+29.776,+10.513,+0.985
1630395360,+3.49,+29.750,+10.541,+0.985
1630395420,+3.49,+29.750,+10.609,+0.986
1630395480,+3.49,+29.759,+10.588,+0.985
1630395540,+3.49,+29.750,+10.576,+0.986
1630395600,+3.49,+29.750,+10.501,+0.985
1630395660,+3.49,+29.750,+10.429,+0.985
1630395720,+3.48,+29.742,+10.331,+0.984
1630395780,+3.48,+29.716,+10.327,+0.985
1630395840,+3.48,+29.724,+10.260,+0.985
1630395900,+3.48,+29.716,+10.196,+0.985
1630395960,+3.49,+29.716,+10.160,+0.986
1630396020,+3.48,+29.724,+10.085,+0.986
1630396080,+3.48,+29.716,+10.057,+0.985
1630396140,+3.48,+29.699,+10.097,+0.986
1630396200,+3.48,+29.707, +9.993,+0.985
1630396260,+3.48,+29.699,+10.068,+0.985
1630396320,+3.48,+29.707,+10.120,+0.985
1630396380,+3.48,+29.681,+10.121,+0.985
1630396440,+3.48,+29.673,+10.131,+0.985
1630396500,+3.48,+29.681,+10.125,+0.985
1630396560,+3.48,+29.681,+10.034,+0.985
1630396620,+3.48,+29.656,+10.085,+0.985
1630396680,+3.48,+29.664,+10.000,+0.985
1630396740,+3.48,+29.656, +9.841,+0.985
1630396800,+3.48,+29.664, +9.717,+0.985
1630396860,+3.48,+29.638, +9.718,+0.984
1630396920,+3.48,+29.630, +9.681,+0.985
1630396980,+3.48,+29.638, +9.661,+0.985
1630397040,+3.48,+29.647, +9.726,+0.986
1630397100,+3.48,+29.621, +9.784,+0.985
1630397160,+3.48,+29.613, +9.835,+0.985
1630397220,+3.48,+29.621, +9.852,+0.985
1630397280,+3.48,+29.604, +9.765,+0.985
1630397340,+3.48,+29.604, +9.722,+0.985
1630397400,+3.48,+29.595, +9.654,+0.984
1630397460,+3.48,+29.604, +9.564,+0.985
1630397520,+3.48,+29.595, +9.470,+0.984
1630397580,+3.48,+29.569, +9.545,+0.986
1630397640,+3.48,+29.569, +9.559,+0.985
1630397700,+3.48,+29.569, +9.669,+0.985
1630397760,+3.48,+29.544, +9.783,+0.985
1630397820,+3.48,+29.569, +9.788,+0.984
1630397880,+3.48,+29.569, +9.763,+0.984
1630397940,+3.48,+29.544, +9.709,+0.985
1630398000,+3.48,+29.544, +9.674,+0.984
1630398060,+3.48,+29.535, +9.764,+0.986
1630398120,+3.48,+29.518, +9.678,+0.985
1630398180,+3.48,+29.552, +9.662,+0.984
1630398240,+3.48,+29.526, +9.645,+0.984
1630398300,+3.49,+29.535, +9.660,+0.985
1630398360,+3.48,+29.518, +9.647,+0.985
1630398420,+3.48,+29.518, +9.634,+0.985
1630398480,+3.48,+29.509, +9.631,+0.985
1630398540,+3.48,+29.526, +9.526,+0.985
1630398600,+3.48,+29.509, +9.548,+0.984
1630398660,+3.48,+29.518, +9.678,+0.985
1630398720,+3.48,+29.509, +9.740,+0.985
1630398780,+3.49,+29.492, +9.706,+0.985
1630398840,+3.48,+29.501, +9.595,+0.985
1630398900,+3.48,+29.501, +9.428,+0.984
1630398960,+3.48,+29.492, +9.329,+0.984
1630399020,+3.48,+29.483, +9.339,+0.985
1630399080,+3.49,+29.483, +9.327,+0.984
1630399140,+3.49,+29.475, +9.294,+0.985
1630399200,+3.48,+29.475, +9.413,+0.985
1630399260,+3.48,+29.466, +9.358,+0.985
1630399320,+3.49,+29.458, +9.366,+0.985
1630399380,+3.49,+29.466, +9.293,+0.984
1630399440,+3.48,+29.466, +9.216,+0.985
1630399500,+3.49,+29.466, +9.081,+0.984
1630399560,+3.48,+29.440, +9.080,+0.985
1630399620,+3.49,+29.449, +9.127,+0.985
1630399680,+3.48,+29.432, +9.128,+0.985
1630399740,+3.49,+29.432, +9.132,+0.983
1630399800,+3.49,+29.406, +9.195,+0.986
1630399860,+3.49,+29.432, +9.201,+0.985
1630399920,+3.49,+29.423, +9.234,+0.985
1630399980,+3.48,+29.415, +9.239,+0.985
1630400040,+3.49,+29.397, +9.134,+0.985
1630400100,+3.49,+29.415, +9.151,+0.984
1630400160,+3.49,+29.397, +9.195,+0.985
1630400220,+3.49,+29.406, +9.148,+0.984
1630400280,+3.49,+29.389, +9.111,+0.985
1630400340,+3.49,+29.389, +9.029,+0.984
1630400400,+3.48,+29.389, +8.983,+0.984
1630400460,+3.49,+29.380, +8.914,+0.985
1630400520,+3.49,+29.372, +8.778,+0.985
1630400580,+3.49,+29.372, +8.659,+0.984
1630400640,+3.49,+29.372, +8.738,+0.985
1630400700,+3.49,+29.372, +8.642,+0.985
1630400760,+3.49,+29.372, +8.540,+0.984
1630400820,+3.49,+29.363, +8.458,+0.984
1630400880,+3.49,+29.346, +8.330,+0.983
1630400940,+3.49,+29.354, +8.287,+0.984
1630401000,+3.49,+29.363, +8.184,+0.984
1630401060,+3.49,+29.337, +8.140,+0.984
1630401120,+3.49,+29.337, +8.056,+0.983
1630401180,+3.49,+29.329, +8.031,+0.984
1630401240,+3.49,+29.320, +8.100,+0.985
1630401300,+3.49,+29.303, +8.085,+0.984
1630401360,+3.49,+29.320, +8.076,+0.984
1630401420,+3.49,+29.320, +8.021,+0.985
1630401480,+3.49,+29.320, +7.880,+0.984
1630401540,+3.49,+29.294, +7.828,+0.985
1630401600,+3.49,+29.320, +7.769,+0.985
1630401660,+3.49,+29.303, +7.775,+0.985
1630401720,+3.49,+29.320, +7.640,+0.984
1630401780,+3.49,+29.303, +7.736,+0.985
1630401840,+3.49,+29.294, +7.749,+0.984
1630401900,+3.49,+29.312, +7.754,+0.984
1630401960,+3.49,+29.286, +7.679,+0.985
1630402020,+3.49,+29.286, +7.521,+0.984
1630402080,+3.49,+29.277, +7.661,+0.985
1630402140,+3.49,+29.277, +7.708,+0.984
1630402200,+3.49,+29.294, +7.675,+0.984
1630402260,+3.49,+29.269, +7.526,+0.984
1630402320,+3.49,+29.269, +7.477,+0.984
1630402380,+3.49,+29.269, +7.355,+0.984
1630402440,+3.49,+29.269, +7.366,+0.984
1630402500,+3.49,+29.260, +7.401,+0.984
1630402560,+3.49,+29.260, +7.303,+0.984
1630402620,+3.49,+29.251, +7.277,+0.983
1630402680,+3.49,+29.260, +7.243,+0.984
1630402740,+3.49,+29.226, +7.214,+0.984
1630402800,+3.49,+29.243, +7.145,+0.984
1630402860,+3.49,+29.234, +7.072,+0.984
1630402920,+3.49,+29.226, +6.987,+0.984
1630402980,+3.49,+29.217, +6.850,+0.985
1630403040,+3.49,+29.226, +6.738,+0.985
1630403100,+3.49,+29.217, +6.749,+0.984
1630403160,+3.49,+29.226, +6.699,+0.984
1630403220,+3.49,+29.200, +6.766,+0.984
1630403280,+3.49,+29.200, +6.823,+0.984
1630403340,+3.49,+29.191, +6.768,+0.984
1630403400,+3.49,+29.200, +6.756,+0.984
1630403460,+3.49,+29.174, +6.726,+0.985
1630403520,+3.49,+29.200, +6.804,+0.984
1630403580,+3.49,+29.183, +6.902,+0.984
1630403640,+3.49,+29.183, +6.908,+0.985
1630403700,+3.49,+29.183, +6.916,+0.984
1630403760,+3.49,+29.174, +6.795,+0.984
1630403820,+3.49,+29.166, +6.620,+0.984
1630403880,+3.49,+29.183, +6.446,+0.984
1630403940,+3.49,+29.166, +6.443,+0.984
1630404000,+3.49,+29.174, +6.490,+0.984
1630404060,+3.49,+29.157, +6.579,+0.984
1630404120,+3.49,+29.157, +6.577,+0.985
1630404180,+3.49,+29.157, +6.681,+0.984
1630404240,+3.49,+29.140, +6.725,+0.984
1630404300,+3.49,+29.140, +6.789,+0.984
1630404360,+3.49,+29.114, +6.650,+0.983
1630404420,+3.49,+29.131, +6.579,+0.985
1630404480,+3.49,+29.140, +6.458,+0.985
1630404540,+3.49,+29.114, +6.383,+0.984
1630404600,+3.49,+29.123, +6.395,+0.984
1630404660,+3.49,+29.097, +6.364,+0.984
1630404720,+3.49,+29.123, +6.326,+0.985
1630404780,+3.49,+29.114, +6.245,+0.985
1630404840,+3.49,+29.105, +6.144,+0.984
1630404900,+3.49,+29.114, +6.179,+0.984
1630404960,+3.49,+29.105, +6.244,+0.984
1630405020,+3.49,+29.114, +6.231,+0.984
1630405080,+3.49,+29.097, +6.189,+0.984
1630405140,+3.49,+29.105, +6.194,+0.984
1630405200,+3.49,+29.097, +6.242,+0.984
1630405260,+3.49,+29.097, +6.273,+0.984
1630405320,+3.49,+29.088, +6.347,+0.984
1630405380,+3.49,+29.088, +6.406,+0.985
1630405440,+3.49,+29.088, +6.379,+0.984
1630405500,+3.49,+29.071, +6.327,+0.984
1630405560,+3.49,+29.063, +6.298,+0.984
1630405620,+3.49,+29.054, +6.267,+0.984
1630405680,+3.49,+29.054, +6.283,+0.984
1630405740,+3.49,+29.063, +6.231,+0.984
1630405800,+3.49,+29.037, +6.200,+0.984
1630405860,+3.49,+29.054, +6.177,+0.985
1630405920,+3.49,+29.063, +6.113,+0.984
1630405980,+3.49,+29.045, +6.056,+0.984
1630406040,+3.49,+29.054, +6.000,+0.985
1630406100,+3.49,+29.028, +5.879,+0.984
1630406160,+3.49,+29.037, +5.859,+0.985
1630406220,+3.49,+29.028, +5.830,+0.984
1630406280,+3.49,+29.020, +5.791,+0.984
1630406340,+3.49,+29.028, +5.742,+0.985
1630406400,+3.49,+29.028, +5.719,+0.985
1630406460,+3.49,+29.011, +5.708,+0.984
1630406520,+3.49,+29.028, +5.715,+0.984
1630406580,+3.49,+29.028, +5.668,+0.984
1630406640,+3.49,+29.020, +5.605,+0.985
1630406700,+3.49,+29.011, +5.601,+0.984
1630406760,+3.49,+29.011, +5.577,+0.984
1630406820,+3.49,+28.994, +5.493,+0.984
1630406880,+3.49,+29.011, +5.410,+0.984
1630406940,+3.49,+29.011, +5.254,+0.984
1630407000,+3.49,+29.011, +5.180,+0.984
1630407060,+3.49,+29.003, +5.236,+0.985
1630407120,+3.49,+28.985, +5.266,+0.984
1630407180,+3.49,+28.985, +5.346,+0.984
1630407240,+3.49,+29.003, +5.315,+0.984
1630407300,+3.49,+28.977, +5.272,+0.984
1630407360,+3.49,+28.994, +5.178,+0.984
1630407420,+3.49,+28.977, +5.092,+0.985
1630407480,+3.49,+28.968, +4.923,+0.984
1630407540,+3.49,+28.968, +5.070,+0.984
1630407600,+3.49,+28.960, +5.118,+0.984
1630407660,+3.49,+28.968, +5.132,+0.984
1630407720,+3.49,+28.960, +5.109,+0.985
1630407780,+3.49,+28.968, +5.205,+0.985
1630407840,+3.49,+28.968, +5.240,+0.984
1630407900,+3.49,+28.960, +5.266,+0.985
1630407960,+3.49,+28.960, +5.240,+0.984
1630408020,+3.49,+28.942, +5.150,+0.985
1630408080,+3.49,+28.960, +5.149,+0.984
1630408140,+3.49,+28.951, +5.172,+0.984
1630408200,+3.49,+28.960, +5.126,+0.984
1630408260,+3.49,+28.934, +5.060,+0.984
1630408320,+3.49,+28.917, +5.048,+0.984
1630408380,+3.49,+28.925, +5.078,+0.984
1630408440,+3.49,+28.908, +5.095,+0.985
1630408500,+3.49,+28.917, +5.063,+0.984
1630408560,+3.49,+28.917, +5.077,+0.984
1630408620,+3.49,+28.891, +5.116,+0.984
1630408680,+3.49,+28.908, +5.138,+0.985
1630408740,+3.49,+28.891, +5.099,+0.984
1630408800,+3.49,+28.900, +4.966,+0.984
1630408860,+3.49,+28.891, +4.974,+0.985
1630408920,+3.49,+28.883, +4.921,+0.984
1630408980,+3.49,+28.883, +4.949,+0.985
1630409040,+3.49,+28.891, +4.921,+0.984
1630409100,+3.49,+28.891, +4.924,+0.984
1630409160,+3.49,+28.874, +4.850,+0.985
1630409220,+3.49,+28.874, +4.854,+0.985
1630409280,+3.49,+28.874, +4.914,+0.985
1630409340,+3.49,+28.874, +4.890,+0.985
1630409400,+3.49,+28.874, +4.807,+0.984
1630409460,+3.49,+28.874, +4.671,+0.984
1630409520,+3.49,+28.857, +4.622,+0.985
1630409580,+3.49,+28.865, +4.478,+0.984
1630409640,+3.49,+28.857, +4.384,+0.984
1630409700,+3.49,+28.857, +4.337,+0.985
1630409760,+3.49,+28.865, +4.310,+0.984
1630409820,+3.49,+28.874, +4.272,+0.985
1630409880,+3.49,+28.874, +4.261,+0.985
1630409940,+3.49,+28.857, +4.202,+0.984
1630410000,+3.49,+28.840, +4.114,+0.984
1630410060,+3.49,+28.848, +4.009,+0.985
1630410120,+3.49,+28.848, +4.159,+0.985
1630410180,+3.49,+28.848, +4.241,+0.985
1630410240,+3.49,+28.840, +4.263,+0.985
1630410300,+3.49,+28.831, +4.194,+0.985
1630410360,+3.49,+28.831, +4.183,+0.985
1630410420,+3.49,+28.840, +4.185,+0.985
1630410480,+3.49,+28.797, +4.156,+0.985
1630410540,+3.49,+28.823, +4.035,+0.985
1630410600,+3.49,+28.805, +4.022,+0.985
1630410660,+3.49,+28.814, +4.081,+0.985
1630410720,+3.49,+28.814, +4.109,+0.985
1630410780,+3.49,+28.805, +4.169,+0.985
1630410840,+3.49,+28.805, +4.259,+0.985
1630410900,+3.49,+28.814, +4.200,+0.985
1630410960,+3.49,+28.788, +4.230,+0.985
1630411020,+3.49,+28.805, +4.195,+0.985
1630411080,+3.49,+28.780, +4.050,+0.984
1630411140,+3.49,+28.771, +4.008,+0.985
1630411200,+3.49,+28.780, +3.932,+0.985
1630411260,+3.49,+28.788, +3.949,+0.985
1630411320,+3.49,+28.780, +3.942,+0.985
1630411380,+3.49,+28.780, +3.891,+0.985
1630411440,+3.49,+28.763, +3.842,+0.985
1630411500,+3.49,+28.788, +3.703,+0.985
1630411560,+3.49,+28.771, +3.630,+0.985
1630411620,+3.49,+28.763, +3.594,+0.985
1630411680,+3.49,+28.771, +3.652,+0.986
1630411740,+3.49,+28.771, +3.586,+0.985
1630411800,+3.49,+28.763, +3.577,+0.986
1630411860,+3.49,+28.754, +3.517,+0.985
1630411920,+3.49,+28.737, +3.449,+0.986
1630411980,+3.49,+28.745, +3.405,+0.985
1630412040,+3.49,+28.754, +3.462,+0.985
1630412100,+3.49,+28.745, +3.475,+0.985
1630412160,+3.49,+28.754, +3.445,+0.985
1630412220,+3.49,+28.754, +3.470,+0.985
1630412280,+3.49,+28.754, +3.573,+0.985
1630412340,+3.49,+28.745, +3.578,+0.985
1630412400,+3.49,+28.737, +3.496,+0.986
1630412460,+3.49,+28.737, +3.422,+0.985
1630412520,+3.49,+28.737, +3.313,+0.985
1630412580,+3.49,+28.728, +3.289,+0.986
1630412640,+3.49,+28.737, +3.263,+0.986
1630412700,+3.49,+28.728, +3.227,+0.985
1630412760,+3.49,+28.711, +3.175,+0.986
1630412820,+3.49,+28.728, +3.134,+0.986
1630412880,+3.49,+28.720, +3.076,+0.986
1630412940,+3.49,+28.711, +3.044,+0.986
1630413000,+3.49,+28.720, +3.009,+0.986
1630413060,+3.49,+28.694, +3.001,+0.986
1630413120,+3.49,+28.711, +3.092,+0.986
1630413180,+3.49,+28.703, +3.161,+0.986
1630413240,+3.49,+28.711, +3.172,+0.986
1630413300,+3.49,+28.720, +3.187,+0.986
1630413360,+3.49,+28.711, +3.128,+0.986
1630413420,+3.49,+28.703, +3.043,+0.986
1630413480,+3.49,+28.711, +2.981,+0.986
1630413540,+3.49,+28.703, +2.917,+0.986
1630413600,+3.49,+28.711, +2.937,+0.986
1630413660,+3.49,+28.703, +2.942,+0.986
1630413720,+3.49,+28.703, +2.956,+0.986
1630413780,+3.49,+28.694, +3.039,+0.986
1630413840,+3.49,+28.703, +3.035,+0.986
1630413900,+3.49,+28.694, +3.030,+0.986
1630413960,+3.49,+28.703, +2.988,+0.986
1630414020,+3.48,+28.694, +2.933,+0.986
1630414080,+3.48,+28.686, +2.892,+0.986
1630414140,+3.49,+28.711, +2.851,+0.986
1630414200,+3.49,+28.703, +2.881,+0.986
1630414260,+3.48,+28.703, +2.937,+0.986
1630414320,+3.48,+28.686, +2.899,+0.986
1630414380,+3.48,+28.686, +2.898,+0.986
1630414440,+3.49,+28.686, +2.915,+0.986
1630414500,+3.48,+28.668, +2.884,+0.986
1630414560,+3.48,+28.668, +2.836,+0.986
1630414620,+3.48,+28.686, +2.772,+0.986
1630414680,+3.48,+28.668, +2.708,+0.986
1630414740,+3.49,+28.686, +2.645,+0.986
1630414800,+3.49,+28.677, +2.654,+0.986
1630414860,+3.49,+28.694, +2.679,+0.986
1630414920,+3.48,+28.668, +2.661,+0.986
1630414980,+3.48,+28.686, +2.610,+0.986
1630415040,+3.48,+28.677, +2.577,+0.987
1630415100,+3.48,+28.660, +2.533,+0.986
1630415160,+3.49,+28.677, +2.468,+0.986
1630415220,+3.49,+28.686, +2.428,+0.986
1630415280,+3.48,+28.686, +2.402,+0.986
1630415340,+3.48,+28.668, +2.361,+0.986
1630415400,+3.48,+28.677, +2.278,+0.986
1630415460,+3.49,+28.686, +2.293,+0.986
1630415520,+3.48,+28.668, +2.329,+0.986
1630415580,+3.48,+28.660, +2.341,+0.986
1630415640,+3.48,+28.668, +2.288,+0.985
1630415700,+3.48,+28.677, +2.231,+0.985
1630415760,+3.48,+28.668, +2.163,+0.985
1630415820,+3.48,+28.668, +2.272,+0.986
1630415880,+3.48,+28.668, +2.308,+0.986
1630415940,+3.48,+28.668, +2.299,+0.986
1630416000,+3.48,+28.668, +2.321,+0.986
1630416060,+3.48,+28.686, +2.314,+0.986
1630416120,+3.48,+28.668, +2.319,+0.986
1630416180,+3.48,+28.677, +2.321,+0.986
1630416240,+3.48,+28.686, +2.266,+0.986
1630416300,+3.48,+28.703, +2.188,+0.985
1630416360,+3.48,+28.677, +2.129,+0.986
1630416420,+3.48,+28.694, +2.138,+0.986
1630416480,+3.48,+28.686, +2.154,+0.986
1630416540,+3.48,+28.686, +2.134,+0.986
1630416600,+3.48,+28.711, +2.086,+0.986
1630416660,+3.48,+28.694, +2.089,+0.986
1630416720,+3.49,+28.703, +2.115,+0.986
1630416780,+3.48,+28.694, +2.147,+0.986
1630416840,+3.49,+28.694, +2.196,+0.986
1630416900,+3.49,+28.694, +2.189,+0.986
1630416960,+3.49,+28.703, +2.208,+0.986
1630417020,+3.49,+28.694, +2.256,+0.986
1630417080,+3.49,+28.703, +2.466,+0.986
1630417140,+3.49,+28.694, +2.501,+0.986
1630417200,+3.49,+28.711, +2.511,+0.986
1630417260,+3.49,+28.720, +2.527,+0.986
1630417320,+3.49,+28.711, +2.526,+0.986
1630417380,+3.49,+28.703, +2.540,+0.986
1630417440,+3.49,+28.720, +2.562,+0.986
1630417500,+3.49,+28.720, +2.566,+0.986
1630417560,+3.49,+28.737, +2.563,+0.985
1630417620,+3.49,+28.720, +2.548,+0.985
1630417680,+3.49,+28.728, +2.572,+0.985
1630417740,+3.49,+28.728, +2.541,+0.985
1630417800,+3.49,+28.728, +2.528,+0.985
1630417860,+3.49,+28.711, +2.543,+0.985
1630417920,+3.49,+28.728, +2.529,+0.985
1630417980,+3.49,+28.720, +2.577,+0.985
1630418040,+3.49,+28.728, +2.672,+0.985
1630418100,+3.49,+28.728, +2.681,+0.985
1630418160,+3.49,+28.711, +2.693,+0.985
1630418220,+3.49,+28.720, +3.075,+0.986
1630418280,+3.49,+28.745, +3.211,+0.986
1630418340,+3.49,+28.745, +3.245,+0.985
1630418400,+3.49,+28.728, +3.309,+0.986
1630418460,+3.49,+28.720, +3.317,+0.985
1630418520,+3.49,+28.711, +3.445,+0.986
1630418580,+3.49,+28.720, +3.475,+0.985
1630418640,+3.49,+28.737, +3.496,+0.985
1630418700,+3.49,+28.728, +3.539,+0.985
1630418760,+3.49,+28.720, +3.583,+0.985
1630418820,+3.49,+28.720, +3.646,+0.985
1630418880,+3.49,+28.720, +3.713,+0.985
1630418940,+3.49,+28.711, +3.750,+0.985
1630419000,+3.49,+28.720, +3.783,+0.985
1630419060,+3.49,+28.728, +3.819,+0.985
1630419120,+3.49,+28.728, +3.873,+0.985
1630419180,+3.49,+28.745, +3.921,+0.985
1630419240,+3.49,+28.737, +3.970,+0.984
1630419300,+3.49,+28.711, +3.970,+0.984
1630419360,+3.49,+28.720, +4.000,+0.985
1630419420,+3.49,+28.728, +3.973,+0.985
1630419480,+3.49,+28.720, +4.122,+0.984
1630419540,+3.49,+28.728, +4.072,+0.984
1630419600,+3.49,+28.728, +4.076,+0.985
1630419660,+3.49,+28.745, +4.151,+0.984
1630419720,+3.49,+28.728, +4.215,+0.985
1630419780,+3.49,+28.745, +4.266,+0.984
1630419840,+3.49,+28.737, +4.368,+0.985
1630419900,+3.49,+28.745, +4.495,+0.985
1630419960,+3.49,+28.754, +4.636,+0.984
1630420020,+3.49,+28.745, +4.761,+0.984
1630420080,+3.49,+28.754, +4.915,+0.984
1630420140,+3.49,+28.754, +5.049,+0.985
1630420200,+3.49,+28.754, +5.202,+0.984
1630420260,+3.49,+28.771, +5.396,+0.985
1630420320,+3.49,+28.763, +5.536,+0.985
1630420380,+3.49,+28.763, +5.604,+0.984
1630420440,+3.49,+28.763, +5.658,+0.984
1630420500,+3.49,+28.763, +5.709,+0.984
1630420560,+3.49,+28.780, +5.760,+0.985
1630420620,+3.49,+28.763, +5.816,+0.984
1630420680,+3.49,+28.771, +5.859,+0.984
1630420740,+3.49,+28.780, +5.890,+0.984
1630420800,+3.49,+28.771, +5.874,+0.984
1630420860,+3.49,+28.771, +5.872,+0.984
1630420920,+3.49,+28.780, +5.873,+0.985
1630420980,+3.49,+28.788, +5.848,+0.984
1630421040,+3.49,+28.797, +5.808,+0.984
1630421100,+3.49,+28.797, +5.727,+0.984
1630421160,+3.49,+28.797, +5.662,+0.984
1630421220,+3.49,+28.797, +5.654,+0.985
1630421280,+3.49,+28.797, +5.627,+0.983
1630421340,+3.49,+28.814, +5.550,+0.984
1630421400,+3.49,+28.797, +5.504,+0.984
1630421460,+3.49,+28.805, +5.409,+0.984
1630421520,+3.49,+28.797, +5.309,+0.984
1630421580,+3.49,+28.788, +5.218,+0.984
1630421640,+3.49,+28.805, +5.196,+0.984
1630421700,+3.49,+28.823, +5.205,+0.984
1630421760,+3.49,+28.814, +5.200,+0.984
1630421820,+3.49,+28.805, +5.218,+0.984
1630421880,+3.49,+28.805, +5.256,+0.984
1630421940,+3.49,+28.823, +5.280,+0.984
1630422000,+3.49,+28.831, +5.313,+0.984
1630422060,+3.49,+28.823, +5.361,+0.984
1630422120,+3.49,+28.840, +5.388,+0.984
1630422180,+3.49,+28.831, +5.435,+0.984
1630422240,+3.49,+28.840, +5.481,+0.984
1630422300,+3.49,+28.831, +5.521,+0.984
1630422360,+3.49,+28.857, +5.522,+0.983
1630422420,+3.49,+28.848, +5.550,+0.984
1630422480,+3.49,+28.857, +5.598,+0.984
1630422540,+3.49,+28.857, +5.599,+0.984
1630422600,+3.49,+28.848, +5.601,+0.984
1630422660,+3.49,+28.865, +5.613,+0.984
1630422720,+3.49,+28.857, +5.599,+0.984
1630422780,+3.49,+28.874, +5.630,+0.984
1630422840,+3.49,+28.865, +5.653,+0.983
1630422900,+3.49,+28.874, +5.803,+0.984
1630422960,+3.49,+28.865, +5.802,+0.984
1630423020,+3.49,+28.891, +5.806,+0.984
1630423080,+3.49,+28.891, +5.836,+0.984
1630423140,+3.49,+28.874, +5.781,+0.984
1630423200,+3.49,+28.874, +5.781,+0.984
1630423260,+3.49,+28.883, +5.764,+0.984
1630423320,+3.49,+28.883, +5.776,+0.984
1630423380,+3.49,+28.900, +5.814,+0.984
1630423440,+3.49,+28.891, +5.816,+0.984
1630423500,+3.49,+28.908, +5.826,+0.983
1630423560,+3.49,+28.917, +5.866,+0.984
1630423620,+3.49,+28.908, +5.878,+0.984
1630423680,+3.49,+28.917, +5.855,+0.984
1630423740,+3.49,+28.925, +5.864,+0.983
1630423800,+3.49,+28.934, +5.873,+0.984
1630423860,+3.49,+28.934, +5.946,+0.984
1630423920,+3.49,+28.951, +6.041,+0.984
1630423980,+3.49,+28.951, +6.093,+0.983
1630424040,+3.49,+28.942, +6.071,+0.984
1630424100,+3.48,+28.968, +6.048,+0.984
1630424160,+3.49,+28.951, +6.071,+0.984
1630424220,+3.49,+28.942, +6.109,+0.984
1630424280,+3.49,+28.960, +6.110,+0.983
1630424340,+3.48,+28.951, +6.133,+0.983
1630424400,+3.49,+28.960, +6.154,+0.984
1630424460,+3.48,+28.977, +6.126,+0.984
1630424520,+3.49,+28.968, +6.125,+0.984
1630424580,+3.49,+28.960, +6.147,+0.984
1630424640,+3.49,+28.977, +6.146,+0.984
1630424700,+3.49,+28.977, +6.182,+0.984
1630424760,+3.49,+28.968, +6.294,+0.983
1630424820,+3.49,+28.968, +6.349,+0.983
1630424880,+3.49,+28.977, +6.378,+0.983
1630424940,+3.49,+28.977, +6.387,+0.983
1630425000,+3.49,+28.994, +6.375,+0.983
1630425060,+3.49,+29.011, +6.403,+0.984
1630425120,+3.48,+29.003, +6.450,+0.983
1630425180,+3.49,+29.011, +6.501,+0.984
1630425240,+3.48,+29.020, +6.517,+0.984
1630425300,+3.48,+29.011, +6.545,+0.984
1630425360,+3.48,+29.028, +6.562,+0.984
1630425420,+3.48,+29.028, +6.617,+0.984
1630425480,+3.48,+29.028, +6.656,+0.983
1630425540,+3.48,+29.028, +6.691,+0.984
1630425600,+3.48,+29.028, +6.715,+0.983
1630425660,+3.48,+29.045, +6.739,+0.984
1630425720,+3.48,+29.028, +6.747,+0.984
1630425780,+3.48,+29.037, +6.766,+0.984
1630425840,+3.48,+29.054, +6.776,+0.984
1630425900,+3.48,+29.054, +6.766,+0.983
1630425960,+3.48,+29.028, +6.810,+0.984
1630426020,+3.49,+29.028, +6.859,+0.983
1630426080,+3.48,+29.037, +6.904,+0.984
1630426140,+3.48,+29.045, +7.048,+0.983
1630426200,+3.48,+29.054, +7.080,+0.984
1630426260,+3.48,+29.071, +7.055,+0.984
1630426320,+3.48,+29.080, +7.058,+0.984
1630426380,+3.48,+29.080, +7.176,+0.985
1630426440,+3.48,+29.097, +7.390,+0.984
1630426500,+3.48,+29.105, +7.501,+0.983
1630426560,+3.48,+29.123, +7.514,+0.983
1630426620,+3.48,+29.123, +7.510,+0.984
1630426680,+3.48,+29.131, +7.509,+0.984
1630426740,+3.48,+29.131, +7.502,+0.984
1630426800,+3.48,+29.131, +7.502,+0.983
1630426860,+3.48,+29.140, +7.505,+0.984
1630426920,+3.48,+29.123, +7.481,+0.984
1630426980,+3.48,+29.140, +7.411,+0.983
1630427040,+3.48,+29.123, +7.408,+0.983
1630427100,+3.48,+29.131, +7.428,+0.984
1630427160,+3.48,+29.131, +7.474,+0.983
1630427220,+3.48,+29.131, +7.452,+0.983
1630427280,+3.48,+29.114, +7.434,+0.983
1630427340,+3.48,+29.114, +7.427,+0.984
1630427400,+3.48,+29.131, +7.413,+0.984
1630427460,+3.48,+29.157, +7.499,+0.984
1630427520,+3.48,+29.157, +7.520,+0.983
1630427580,+3.48,+29.166, +7.579,+0.984
1630427640,+3.48,+29.174, +7.640,+0.983
1630427700,+3.48,+29.157, +7.863,+0.984
1630427760,+3.48,+29.191, +7.926,+0.984
1630427820,+3.48,+29.200, +8.031,+0.984
1630427880,+3.48,+29.234, +8.055,+0.984
1630427940,+3.48,+29.200, +8.163,+0.984
1630428000,+3.48,+29.183, +8.194,+0.983
1630428060,+3.48,+29.200, +8.249,+0.984
1630428120,+3.48,+29.217, +8.269,+0.984
1630428180,+3.48,+29.234, +8.235,+0.984
1630428240,+3.48,+29.234, +8.246,+0.984
1630428300,+3.48,+29.208, +8.268,+0.984
1630428360,+3.48,+29.208, +8.234,+0.983
1630428420,+3.48,+29.208, +8.207,+0.984
1630428480,+3.48,+29.226, +8.237,+0.984
1630428540,+3.48,+29.217, +8.299,+0.983
1630428600,+3.48,+29.217, +8.464,+0.984
1630428660,+3.48,+29.208, +8.548,+0.983
1630428720,+3.48,+29.243, +8.553,+0.984
1630428780,+3.48,+29.243, +8.545,+0.984
1630428840,+3.48,+29.260, +8.555,+0.984
1630428900,+3.48,+29.260, +8.605,+0.983
1630428960,+3.48,+29.277, +8.629,+0.983
1630429020,+3.48,+29.286, +8.714,+0.984
1630429080,+3.48,+29.312, +8.775,+0.984
1630429140,+3.48,+29.312, +8.991,+0.985
1630429200,+3.48,+29.312, +9.159,+0.983
1630429260,+3.48,+29.312, +9.321,+0.985
1630429320,+3.48,+29.354, +9.399,+0.984
1630429380,+3.48,+29.363, +9.517,+0.983
1630429440,+3.48,+29.372, +9.620,+0.984
1630429500,+3.48,+29.354,+10.015,+0.984
1630429560,+3.48,+29.372,+10.049,+0.984
1630429620,+3.48,+29.389,+10.077,+0.984
1630429680,+3.48,+29.389,+10.109,+0.985
1630429740,+3.48,+29.397,+10.111,+0.984
1630429800,+3.48,+29.406,+10.074,+0.984
1630429860,+3.48,+29.372,+10.058,+0.984
1630429920,+3.48,+29.389, +9.996,+0.984
1630429980,+3.48,+29.380, +9.938,+0.984
1630430040,+3.48,+29.389, +9.876,+0.983
1630430100,+3.48,+29.406, +9.866,+0.984
1630430160,+3.48,+29.432, +9.857,+0.984
1630430220,+3.48,+29.432, +9.934,+0.985
1630430280,+3.48,+29.423,+10.053,+0.984
1630430340,+3.48,+29.423,+10.164,+0.984
1630430400,+3.48,+29.440,+10.264,+0.984
1630430460,+3.48,+29.449,+10.321,+0.984
1630430520,+3.48,+29.423,+10.325,+0.984
1630430580,+3.48,+29.423,+10.308,+0.985
1630430640,+3.48,+29.432,+10.302,+0.984
1630430700,+3.48,+29.432,+10.413,+0.985
1630430760,+3.48,+29.432,+10.444,+0.985
1630430820,+3.48,+29.458,+10.488,+0.983
1630430880,+3.48,+29.483,+10.682,+0.986
1630430940,+3.48,+29.475,+10.818,+0.986
1630431000,+3.48,+29.492,+10.914,+0.985
1630431060,+3.48,+29.526,+10.999,+0.986
1630431120,+3.48,+29.552,+11.169,+0.985
1630431180,+3.48,+29.569,+11.299,+0.985
1630431240,+3.48,+29.569,+11.435,+0.985
1630431300,+3.48,+29.613,+11.541,+0.984
1630431360,+3.48,+29.621,+11.675,+0.984
1630431420,+3.48,+29.613,+11.774,+0.985
1630431480,+3.48,+29.613,+11.755,+0.983
1630431540,+3.48,+29.604,+11.808,+0.985
1630431600,+3.48,+29.578,+11.850,+0.985
1630431660,+3.48,+29.552,+11.768,+0.984
1630431720,+3.48,+29.544,+11.647,+0.985
1630431780,+3.48,+29.552,+11.494,+0.984
1630431840,+3.48,+29.552,+11.375,+0.984
1630431900,+3.48,+29.552,+11.303,+0.984
1630431960,+3.48,+29.535,+11.263,+0.986
1630432020,+3.48,+29.526,+11.168,+0.985
1630432080,+3.48,+29.509,+11.202,+0.984
1630432140,+3.48,+29.475,+11.337,+0.984
1630432200,+3.48,+29.483,+11.193,+0.984
1630432260,+3.48,+29.509,+11.117,+0.985
1630432320,+3.48,+29.535,+11.139,+0.984
1630432380,+3.48,+29.552,+11.206,+0.984
1630432440,+3.48,+29.595,+11.202,+0.984
1630432500,+3.48,+29.595,+11.426,+0.985
1630432560,+3.48,+29.621,+11.723,+0.986
1630432620,+3.48,+29.647,+12.000,+0.984
1630432680,+3.48,+29.664,+12.168,+0.985
1630432740,+3.48,+29.673,+12.394,+0.985
1630432800,+3.48,+29.690,+12.636,+0.985
1630432860,+3.48,+29.690,+12.833,+0.984
1630432920,+3.48,+29.681,+13.017,+0.985
1630432980,+3.48,+29.673,+13.161,+0.985
1630433040,+3.48,+29.699,+13.258,+0.985
1630433100,+3.48,+29.707,+13.322,+0.985
1630433160,+3.48,+29.750,+13.381,+0.984
1630433220,+3.48,+29.768,+13.458,+0.985
1630433280,+3.48,+29.750,+13.574,+0.985
1630433340,+3.48,+29.724,+13.666,+0.986
1630433400,+3.48,+29.750,+13.663,+0.986
1630433460,+3.48,+29.768,+13.699,+0.985
1630433520,+3.48,+29.759,+13.890,+0.985
1630433580,+3.48,+29.811,+14.104,+0.986
1630433640,+3.48,+29.854,+14.363,+0.985
1630433700,+3.49,+29.905,+14.750,+0.986
1630433760,+3.48,+29.923,+15.036,+0.988
1630433820,+3.49,+29.931,+15.264,+0.987
1630433880,+3.48,+29.931,+15.189,+0.985
1630433940,+3.49,+29.897,+15.272,+0.986
1630434000,+3.48,+29.880,+15.166,+0.986
1630434060,+3.49,+29.897,+14.934,+0.985
1630434120,+3.48,+29.914,+14.875,+0.985
1630434180,+3.48,+29.914,+14.908,+0.984
1630434240,+3.48,+29.905,+14.945,+0.987
1630434300,+3.49,+29.897,+15.059,+0.987
1630434360,+3.48,+29.905,+15.200,+0.985
1630434420,+3.49,+29.888,+15.232,+0.985
1630434480,+3.49,+29.880,+15.279,+0.984
1630434540,+3.48,+29.871,+15.374,+0.986
1630434600,+3.48,+29.888,+15.657,+0.985
1630434660,+3.49,+29.888,+15.548,+0.986
1630434720,+3.49,+29.897,+15.530,+0.986
1630434780,+3.48,+29.966,+15.963,+0.987
1630434840,+3.48,+30.009,+16.262,+0.986
1630434900,+3.48,+30.052,+16.514,+0.985
1630434960,+3.48,+30.052,+16.932,+0.985
1630435020,+3.48,+30.018,+16.892,+0.988
1630435080,+3.49,+29.966,+16.648,+0.987
1630435140,+3.48,+29.957,+16.158,+0.984
1630435200,+3.49,+29.940,+15.965,+0.986
1630435260,+3.49,+29.957,+15.762,+0.986
1630435320,+3.48,+29.983,+15.822,+0.986
1630435380,+3.48,+30.009,+16.681,+0.985
1630435440,+3.48,+30.052,+16.971,+0.983
1630435500,+3.48,+30.104,+17.489,+0.989
1630435560,+3.48,+30.138,+17.649,+0.985
1630435620,+3.48,+30.173,+17.819,+0.986
1630435680,+3.48,+30.156,+17.768,+0.985
1630435740,+3.48,+30.182,+17.776,+0.986
1630435800,+3.48,+30.182,+17.737,+0.986
1630435860,+3.48,+30.164,+17.654,+0.985
1630435920,+3.48,+30.156,+17.645,+0.988
1630435980,+3.48,+30.147,+18.065,+0.987
1630436040,+3.48,+30.173,+18.177,+0.985
1630436100,+3.48,+30.182,+18.186,+0.986
1630436160,+3.48,+30.156,+17.958,+0.986
1630436220,+3.48,+30.130,+17.863,+0.988
1630436280,+3.48,+30.113,+17.371,+0.985
1630436340,+3.48,+30.087,+17.263,+0.984
1630436400,+3.48,+30.147,+18.371,+0.985
1630436460,+3.48,+30.156,+18.776,+0.986
1630436520,+3.48,+30.043,+17.485,+0.986
1630436580,+3.48,+30.035,+17.064,+0.985
1630436640,+3.48,+30.009,+16.773,+0.985
1630436700,+3.48,+29.992,+16.761,+0.985
1630436760,+3.48,+30.018,+16.670,+0.985
1630436820,+3.49,+30.043,+17.344,+0.988
1630436880,+3.48,+30.069,+17.505,+0.986
1630436940,+3.48,+30.087,+17.664,+0.987
1630437000,+3.48,+30.138,+17.718,+0.988
1630437060,+3.48,+30.173,+18.594,+0.986
1630437120,+3.48,+30.251,+19.333,+0.987
1630437180,+3.48,+30.294,+19.675,+0.988
1630437240,+3.48,+30.294,+19.812,+0.986
1630437300,+3.48,+30.303,+19.948,+0.986
1630437360,+3.48,+30.337,+20.108,+0.988
1630437420,+3.48,+30.406,+20.269,+0.989
1630437480,+3.48,+30.450,+20.293,+0.987
1630437540,+3.48,+30.458,+20.313,+0.988
1630437600,+3.48,+30.441,+20.310,+0.985
1630437660,+3.48,+30.424,+20.160,+0.984
1630437720,+3.48,+30.389,+20.076,+0.987
1630437780,+3.48,+30.363,+19.943,+0.987
1630437840,+3.48,+30.363,+20.001,+0.987
1630437900,+3.48,+30.380,+19.914,+0.986
1630437960,+3.48,+30.415,+19.938,+0.988
1630438020,+3.48,+30.406,+19.899,+0.984
1630438080,+3.48,+30.406,+20.279,+0.985
1630438140,+3.48,+30.363,+20.285,+0.985
1630438200,+3.48,+30.337,+20.390,+0.982
1630438260,+3.48,+30.346,+20.429,+0.988
1630438320,+3.48,+30.355,+20.340,+0.988
1630438380,+3.48,+30.389,+20.187,+0.985
1630438440,+3.48,+30.406,+20.401,+0.986
1630438500,+3.48,+30.406,+20.403,+0.985
1630438560,+3.48,+30.432,+20.299,+0.985
1630438620,+3.48,+30.406,+20.127,+0.986
1630438680,+3.48,+30.372,+20.018,+0.987
1630438740,+3.48,+30.406,+20.123,+0.989
1630438800,+3.48,+30.432,+20.096,+0.986
1630438860,+3.48,+30.415,+19.829,+0.987
1630438920,+3.48,+30.406,+19.593,+0.982
1630438980,+3.48,+30.355,+19.573,+0.987
1630439040,+3.48,+30.346,+19.257,+0.986
1630439100,+3.48,+30.337,+18.856,+0.984
1630439160,+3.48,+30.303,+18.806,+0.986
1630439220,+3.48,+30.389,+18.880,+0.986
1630439280,+3.48,+30.380,+19.324,+0.989
1630439340,+3.48,+30.380,+19.560,+0.988
1630439400,+3.48,+30.372,+19.569,+0.986
1630439460,+3.48,+30.329,+19.578,+0.986
1630439520,+3.48,+30.311,+19.510,+0.985
1630439580,+3.48,+30.285,+19.503,+0.988
1630439640,+3.48,+30.277,+19.528,+0.988
1630439700,+3.48,+30.320,+19.481,+0.987
1630439760,+3.48,+30.346,+19.582,+0.987
1630439820,+3.48,+30.363,+19.686,+0.985
1630439880,+3.48,+30.450,+19.968,+0.985
1630439940,+3.48,+30.467,+20.417,+0.985
1630440000,+3.48,+30.562,+21.213,+0.987
1630440060,+3.48,+30.649,+21.864,+0.988
1630440120,+3.48,+30.718,+22.183,+0.983
1630440180,+3.48,+30.736,+22.322,+0.986
1630440240,+3.48,+30.779,+22.230,+0.985
1630440300,+3.48,+30.805,+22.298,+0.984
1630440360,+3.48,+30.779,+22.215,+0.986
1630440420,+3.48,+30.770,+22.363,+0.988
1630440480,+3.48,+30.753,+22.768,+0.985
1630440540,+3.48,+30.762,+23.074,+0.985
1630440600,+3.48,+30.762,+23.579,+0.984
1630440660,+3.48,+30.753,+23.713,+0.985
1630440720,+3.48,+30.753,+23.676,+0.986
1630440780,+3.48,+30.753,+23.485,+0.985
1630440840,+3.48,+30.762,+23.469,+0.986
1630440900,+3.48,+30.788,+23.389,+0.986
1630440960,+3.48,+30.770,+23.347,+0.987
1630441020,+3.48,+30.736,+23.222,+0.985
1630441080,+3.48,+30.736,+23.318,+0.987
1630441140,+3.48,+30.727,+23.166,+0.987
1630441200,+3.48,+30.753,+23.192,+0.988
1630441260,+3.48,+30.788,+23.221,+0.988
1630441320,+3.48,+30.866,+23.389,+0.986
1630441380,+3.48,+30.857,+23.649,+0.987
1630441440,+3.48,+30.892,+24.508,+0.987
1630441500,+3.49,+30.918,+24.892,+0.989
1630441560,+3.49,+30.953,+24.929,+0.985
1630441620,+3.49,+30.935,+24.843,+0.986
1630441680,+3.48,+30.883,+24.592,+0.983
1630441740,+3.48,+30.822,+24.292,+0.982
1630441800,+3.48,+30.753,+23.863,+0.985
1630441860,+3.48,+30.701,+23.565,+0.987
1630441920,+3.48,+30.770,+23.277,+0.985
1630441980,+3.48,+30.788,+23.265,+0.985
1630442040,+3.48,+30.848,+23.918,+0.986
1630442100,+3.49,+30.918,+25.098,+0.984
1630442160,+3.49,+30.918,+25.503,+0.984
1630442220,+3.48,+30.892,+25.476,+0.984
1630442280,+3.48,+30.840,+25.079,+0.988
1630442340,+3.48,+30.857,+24.660,+0.985
1630442400,+3.48,+30.866,+24.727,+0.985
1630442460,+3.48,+30.866,+25.125,+0.984
1630442520,+3.48,+30.840,+25.244,+0.984
1630442580,+3.48,+30.762,+24.648,+0.989
1630442640,+3.48,+30.770,+24.284,+0.986
1630442700,+3.48,+30.822,+24.669,+0.988
1630442760,+3.48,+30.796,+24.682,+0.985
1630442820,+3.48,+30.788,+24.628,+0.984
1630442880,+3.48,+30.805,+24.911,+0.989
1630442940,+3.48,+30.874,+24.841,+0.983
1630443000,+3.48,+30.857,+25.335,+0.983
1630443060,+3.49,+30.909,+25.667,+0.985
1630443120,+3.49,+30.987,+26.016,+0.991
1630443180,+3.49,+30.987,+25.761,+0.985
1630443240,+3.49,+30.953,+25.560,+0.983
1630443300,+3.49,+30.935,+25.736,+0.987
1630443360,+3.49,+30.935,+25.800,+0.982
1630443420,+3.49,+31.039,+26.426,+0.985
1630443480,+3.49,+31.074,+26.547,+0.983
1630443540,+3.49,+31.100,+26.415,+0.982
1630443600,+3.49,+31.144,+26.605,+0.987
1630443660,+3.49,+31.161,+26.525,+0.984
1630443720,+3.49,+31.257,+26.688,+0.984
1630443780,+3.49,+31.248,+26.854,+0.985
1630443840,+3.49,+31.248,+27.268,+0.985
1630443900,+3.49,+31.196,+27.272,+0.985
1630443960,+3.49,+31.179,+27.121,+0.984
1630444020,+3.49,+31.187,+27.237,+0.987
1630444080,+3.49,+31.205,+27.367,+0.989
1630444140,+3.48,+31.300,+27.266,+0.985
1630444200,+3.48,+31.274,+27.297,+0.984
1630444260,+3.48,+31.266,+27.266,+0.983
1630444320,+3.48,+31.222,+27.097,+0.984
1630444380,+3.49,+31.187,+26.785,+0.984
1630444440,+3.49,+31.179,+26.707,+0.987
1630444500,+3.48,+31.257,+26.415,+0.983
1630444560,+3.49,+31.239,+26.707,+0.986
1630444620,+3.48,+31.292,+27.331,+0.985
1630444680,+3.48,+31.300,+27.730,+0.986
1630444740,+3.49,+31.248,+27.487,+0.982
1630444800,+3.49,+31.248,+27.401,+0.987
1630444860,+3.49,+31.222,+27.091,+0.985
1630444920,+3.49,+31.179,+26.725,+0.984
1630444980,+3.49,+31.222,+26.505,+0.987
1630445040,+3.49,+31.144,+26.155,+0.984
1630445100,+3.49,+31.187,+26.020,+0.985
1630445160,+3.49,+31.213,+26.125,+0.985
1630445220,+3.49,+31.213,+26.334,+0.986
1630445280,+3.49,+31.248,+26.640,+0.985
1630445340,+3.49,+31.222,+27.061,+0.986
1630445400,+3.49,+31.205,+27.971,+0.989
1630445460,+3.49,+31.187,+28.030,+0.983
1630445520,+3.49,+31.213,+27.842,+0.982
1630445580,+3.49,+31.170,+27.697,+0.983
1630445640,+3.49,+31.196,+27.670,+0.983
1630445700,+3.49,+31.248,+27.946,+0.987
1630445760,+3.49,+31.239,+27.791,+0.984
1630445820,+3.49,+31.283,+28.015,+0.984
1630445880,+3.48,+31.300,+28.206,+0.986
1630445940,+3.48,+31.300,+28.015,+0.984
1630446000,+3.48,+31.274,+27.692,+0.981
1630446060,+3.49,+31.266,+28.315,+0.984
1630446120,+3.49,+31.248,+28.365,+0.983
1630446180,+3.49,+31.205,+28.094,+0.984
1630446240,+3.49,+31.196,+27.880,+0.983
1630446300,+3.49,+31.266,+27.765,+0.985
1630446360,+3.49,+31.292,+27.819,+0.985
1630446420,+3.48,+31.361,+27.884,+0.983
1630446480,+3.48,+31.431,+28.102,+0.985
1630446540,+3.48,+31.422,+27.988,+0.980
1630446600,+3.48,+31.396,+27.968,+0.982
1630446660,+3.48,+31.361,+27.635,+0.981
1630446720,+3.49,+31.266,+27.564,+0.986
1630446780,+3.49,+31.213,+27.258,+0.984
1630446840,+3.49,+31.213,+26.935,+0.982
1630446900,+3.49,+31.248,+26.958,+0.986
1630446960,+3.49,+31.387,+27.426,+0.985
1630447020,+3.48,+31.440,+28.338,+0.982
1630447080,+3.48,+31.466,+28.778,+0.984
1630447140,+3.48,+31.509,+29.056,+0.985
1630447200,+3.48,+31.492,+29.274,+0.984
1630447260,+3.48,+31.457,+29.293,+0.984
1630447320,+3.48,+31.553,+29.374,+0.984
1630447380,+3.48,+31.536,+29.502,+0.985
1630447440,+3.48,+31.553,+29.109,+0.981
1630447500,+3.48,+31.483,+28.804,+0.982
1630447560,+3.48,+31.431,+28.570,+0.981
1630447620,+3.49,+31.361,+28.370,+0.983
1630447680,+3.49,+31.292,+28.106,+0.983
1630447740,+3.49,+31.266,+27.870,+0.985
1630447800,+3.49,+31.222,+27.565,+0.980
1630447860,+3.49,+31.274,+27.620,+0.983
1630447920,+3.49,+31.326,+27.739,+0.984
1630447980,+3.49,+31.379,+28.066,+0.983
1630448040,+3.48,+31.448,+28.246,+0.983
1630448100,+3.48,+31.440,+28.199,+0.980
1630448160,+3.48,+31.466,+28.451,+0.986
1630448220,+3.48,+31.457,+28.494,+0.983
1630448280,+3.48,+31.466,+28.685,+0.983
1630448340,+3.48,+31.492,+29.060,+0.987
1630448400,+3.48,+31.562,+29.156,+0.981
1630448460,+3.48,+31.553,+29.574,+0.984
1630448520,+3.48,+31.588,+30.072,+0.980
1630448580,+3.48,+31.632,+30.547,+0.986
1630448640,+3.48,+31.605,+30.617,+0.988
1630448700,+3.48,+31.605,+30.370,+0.985
1630448760,+3.48,+31.623,+30.422,+0.988
1630448820,+3.48,+31.588,+30.135,+0.985
1630448880,+3.48,+31.562,+29.614,+0.981
1630448940,+3.48,+31.562,+29.438,+0.984
1630449000,+3.48,+31.536,+29.189,+0.986
1630449060,+3.48,+31.536,+29.002,+0.985
1630449120,+3.48,+31.536,+30.035,+0.986
1630449180,+3.48,+31.544,+30.315,+0.985
1630449240,+3.48,+31.597,+30.346,+0.985
1630449300,+3.48,+31.623,+30.265,+0.983
1630449360,+3.48,+31.614,+29.925,+0.981
1630449420,+3.48,+31.579,+29.836,+0.983
1630449480,+3.48,+31.570,+29.507,+0.985
1630449540,+3.48,+31.527,+29.283,+0.984
1630449600,+3.48,+31.536,+28.914,+0.983
1630449660,+3.48,+31.501,+28.707,+0.981
1630449720,+3.48,+31.501,+28.642,+0.983
1630449780,+3.48,+31.518,+28.993,+0.986
1630449840,+3.48,+31.527,+29.947,+0.986
1630449900,+3.48,+31.527,+30.076,+0.986
1630449960,+3.49,+31.509,+29.859,+0.983
1630450020,+3.48,+31.509,+30.055,+0.985
1630450080,+3.48,+31.492,+29.852,+0.984
1630450140,+3.48,+31.492,+29.930,+0.985
1630450200,+3.48,+31.570,+30.516,+0.986
1630450260,+3.48,+31.658,+31.410,+0.983
1630450320,+3.48,+31.684,+31.673,+0.987
1630450380,+3.48,+31.684,+31.531,+0.985
1630450440,+3.48,+31.649,+30.915,+0.983
1630450500,+3.48,+31.632,+30.672,+0.984
1630450560,+3.48,+31.649,+30.778,+0.989
1630450620,+3.48,+31.684,+30.225,+0.982
1630450680,+3.48,+31.675,+29.908,+0.983
1630450740,+3.48,+31.614,+29.692,+0.983
1630450800,+3.48,+31.588,+29.767,+0.987
1630450860,+3.48,+31.562,+29.803,+0.986
1630450920,+3.48,+31.579,+29.807,+0.986
1630450980,+3.48,+31.579,+29.702,+0.985
1630451040,+3.48,+31.544,+29.345,+0.982
1630451100,+3.49,+31.492,+29.105,+0.984
1630451160,+3.48,+31.518,+29.042,+0.984
1630451220,+3.48,+31.553,+29.278,+0.986
1630451280,+3.48,+31.614,+29.292,+0.981
1630451340,+3.48,+31.553,+29.647,+0.987
1630451400,+3.49,+31.527,+29.254,+0.983
1630451460,+3.49,+31.492,+29.192,+0.986
1630451520,+3.49,+31.475,+28.944,+0.984
1630451580,+3.49,+31.457,+28.928,+0.986
1630451640,+3.49,+31.431,+28.658,+0.984
1630451700,+3.49,+31.431,+28.507,+0.984
1630451760,+3.49,+31.422,+28.227,+0.984
1630451820,+3.49,+31.379,+28.478,+0.986
1630451880,+3.49,+31.326,+28.330,+0.985
1630451940,+3.49,+31.396,+28.196,+0.985
1630452000,+3.49,+31.422,+28.360,+0.985
1630452060,+3.49,+31.431,+28.151,+0.983
1630452120,+3.49,+31.379,+27.997,+0.984
1630452180,+3.49,+31.344,+27.916,+0.984
1630452240,+3.49,+31.309,+27.793,+0.984
1630452300,+3.49,+31.300,+27.667,+0.984
1630452360,+3.49,+31.326,+27.601,+0.982
1630452420,+3.49,+31.283,+27.781,+0.985
1630452480,+3.49,+31.248,+27.758,+0.986
1630452540,+3.49,+31.239,+27.718,+0.984
1630452600,+3.49,+31.222,+28.071,+0.986
1630452660,+3.49,+31.266,+28.230,+0.985
1630452720,+3.49,+31.292,+28.603,+0.985
1630452780,+3.49,+31.300,+28.825,+0.986
1630452840,+3.49,+31.344,+28.812,+0.985
1630452900,+3.49,+31.379,+29.019,+0.987
1630452960,+3.49,+31.396,+29.475,+0.989
1630453020,+3.49,+31.405,+29.377,+0.984
1630453080,+3.49,+31.405,+29.161,+0.984
1630453140,+3.49,+31.422,+28.997,+0.985
1630453200,+3.49,+31.431,+29.239,+0.992
1630453260,+3.49,+31.431,+28.961,+0.984
1630453320,+3.49,+31.414,+28.877,+0.984
1630453380,+3.49,+31.431,+28.617,+0.981
1630453440,+3.49,+31.422,+28.794,+0.987
1630453500,+3.49,+31.431,+28.483,+0.982
1630453560,+3.49,+31.440,+28.828,+0.985
1630453620,+3.49,+31.466,+29.271,+0.987
1630453680,+3.49,+31.509,+29.325,+0.985
1630453740,+3.49,+31.544,+29.587,+0.983
1630453800,+3.48,+31.570,+29.710,+0.985
1630453860,+3.48,+31.623,+30.090,+0.986
1630453920,+3.48,+31.649,+30.618,+0.984
1630453980,+3.48,+31.675,+30.637,+0.982
1630454040,+3.48,+31.649,+30.866,+0.984
1630454100,+3.48,+31.649,+30.780,+0.984
1630454160,+3.48,+31.632,+30.719,+0.987
1630454220,+3.48,+31.614,+30.652,+0.985
1630454280,+3.48,+31.623,+30.487,+0.985
1630454340,+3.48,+31.597,+30.703,+0.987
1630454400,+3.49,+31.544,+31.009,+0.985
1630454460,+3.49,+31.536,+31.208,+0.987
1630454520,+3.49,+31.553,+31.065,+0.987
1630454580,+3.48,+31.570,+30.593,+0.985
1630454640,+3.48,+31.632,+29.912,+0.981
1630454700,+3.48,+31.640,+29.790,+0.982
1630454760,+3.48,+31.658,+29.873,+0.984
1630454820,+3.48,+31.675,+30.579,+0.983
1630454880,+3.48,+31.649,+31.328,+0.983
1630454940,+3.48,+31.666,+31.520,+0.984
1630455000,+3.48,+31.675,+31.410,+0.988
1630455060,+3.48,+31.693,+31.072,+0.984
1630455120,+3.48,+31.701,+30.918,+0.986
1630455180,+3.48,+31.754,+30.838,+0.988
1630455240,+3.48,+31.736,+30.840,+0.986
1630455300,+3.48,+31.728,+30.897,+0.985
1630455360,+3.48,+31.771,+30.616,+0.983
1630455420,+3.48,+31.789,+30.822,+0.987
1630455480,+3.48,+31.806,+30.572,+0.984
1630455540,+3.48,+31.789,+30.683,+0.986
1630455600,+3.48,+31.806,+30.536,+0.983
1630455660,+3.48,+31.806,+30.451,+0.987
1630455720,+3.48,+31.859,+30.316,+0.985
1630455780,+3.48,+31.824,+30.193,+0.985
1630455840,+3.48,+31.824,+29.758,+0.984
1630455900,+3.48,+31.789,+29.636,+0.987
1630455960,+3.48,+31.771,+29.590,+0.986
1630456020,+3.48,+31.736,+29.408,+0.984
1630456080,+3.48,+31.719,+29.517,+0.984
1630456140,+3.48,+31.710,+29.325,+0.985
1630456200,+3.48,+31.693,+29.237,+0.983
1630456260,+3.48,+31.675,+29.517,+0.987
1630456320,+3.48,+31.649,+29.851,+0.985
1630456380,+3.48,+31.675,+29.951,+0.986
1630456440,+3.48,+31.684,+30.506,+0.983
1630456500,+3.48,+31.684,+30.720,+0.986
1630456560,+3.48,+31.693,+30.258,+0.980
1630456620,+3.48,+31.693,+30.062,+0.983
1630456680,+3.48,+31.710,+30.187,+0.989
1630456740,+3.48,+31.701,+29.683,+0.980
1630456800,+3.48,+31.736,+29.768,+0.985
1630456860,+3.48,+31.736,+29.706,+0.982
1630456920,+3.48,+31.710,+29.513,+0.983
1630456980,+3.48,+31.701,+29.452,+0.984
1630457040,+3.48,+31.693,+29.313,+0.983
1630457100,+3.48,+31.701,+29.552,+0.985
1630457160,+3.48,+31.728,+29.498,+0.983
1630457220,+3.48,+31.719,+29.535,+0.982
1630457280,+3.48,+31.745,+29.338,+0.983
1630457340,+3.48,+31.762,+29.351,+0.985
1630457400,+3.48,+31.754,+29.336,+0.984
1630457460,+3.48,+31.780,+29.175,+0.983
1630457520,+3.48,+31.762,+29.082,+0.985
1630457580,+3.48,+31.780,+28.883,+0.982
1630457640,+3.48,+31.771,+28.751,+0.984
1630457700,+3.48,+31.754,+28.678,+0.985
1630457760,+3.48,+31.745,+29.002,+0.986
1630457820,+3.48,+31.745,+28.924,+0.983
1630457880,+3.48,+31.728,+29.113,+0.983
1630457940,+3.48,+31.754,+28.942,+0.982
1630458000,+3.48,+31.762,+28.833,+0.985
1630458060,+3.48,+31.745,+28.570,+0.984
1630458120,+3.48,+31.762,+28.459,+0.986
1630458180,+3.48,+31.771,+28.353,+0.984
1630458240,+3.48,+31.771,+28.404,+0.983
1630458300,+3.48,+31.771,+28.516,+0.986
1630458360,+3.48,+31.728,+28.497,+0.987
1630458420,+3.48,+31.728,+28.375,+0.984
1630458480,+3.48,+31.719,+28.255,+0.981
1630458540,+3.48,+31.719,+28.597,+0.986
