7450-387970
OS REV: 1.05 Sensor Cal: 1615486469
Time (sec),  BV (Volts),  T (deg C),  DO (mg/l),  Q ()
1630458600,+3.48,+31.745,+28.596,+0.983
1630458660,+3.48,+31.745,+28.861,+0.988
1630458720,+3.48,+31.736,+28.675,+0.985
1630458780,+3.48,+31.710,+28.922,+0.986
1630458840,+3.48,+31.710,+28.981,+0.984
1630458900,+3.48,+31.745,+28.975,+0.987
1630458960,+3.48,+31.762,+28.865,+0.982
1630459020,+3.48,+31.736,+28.983,+0.985
1630459080,+3.48,+31.736,+28.712,+0.983
1630459140,+3.48,+31.736,+28.794,+0.985
1630459200,+3.48,+31.736,+28.785,+0.984
1630459260,+3.48,+31.728,+28.812,+0.984
1630459320,+3.48,+31.728,+28.865,+0.985
1630459380,+3.48,+31.728,+28.713,+0.985
1630459440,+3.48,+31.719,+28.463,+0.984
1630459500,+3.48,+31.701,+28.458,+0.982
1630459560,+3.48,+31.710,+28.650,+0.984
1630459620,+3.48,+31.710,+28.632,+0.984
1630459680,+3.48,+31.719,+28.495,+0.984
1630459740,+3.48,+31.736,+28.576,+0.986
1630459800,+3.49,+31.728,+28.314,+0.983
1630459860,+3.48,+31.719,+28.211,+0.985
1630459920,+3.48,+31.701,+28.068,+0.984
1630459980,+3.48,+31.710,+27.983,+0.984
1630460040,+3.49,+31.719,+28.085,+0.986
1630460100,+3.48,+31.701,+27.961,+0.986
1630460160,+3.48,+31.710,+27.829,+0.986
1630460220,+3.48,+31.701,+27.570,+0.983
1630460280,+3.49,+31.710,+27.808,+0.987
1630460340,+3.48,+31.710,+27.937,+0.988
1630460400,+3.48,+31.693,+27.532,+0.983
1630460460,+3.48,+31.701,+27.751,+0.987
1630460520,+3.49,+31.666,+27.232,+0.984
1630460580,+3.49,+31.640,+27.273,+0.986
1630460640,+3.49,+31.649,+27.256,+0.987
1630460700,+3.49,+31.658,+27.018,+0.985
1630460760,+3.49,+31.649,+27.236,+0.986
1630460820,+3.49,+31.701,+27.180,+0.981
1630460880,+3.49,+31.658,+27.178,+0.983
1630460940,+3.49,+31.675,+27.419,+0.986
1630461000,+3.49,+31.675,+27.519,+0.986
1630461060,+3.48,+31.675,+27.453,+0.987
1630461120,+3.49,+31.719,+27.472,+0.986
1630461180,+3.48,+31.745,+27.621,+0.987
1630461240,+3.48,+31.728,+27.686,+0.987
1630461300,+3.49,+31.710,+27.681,+0.987
1630461360,+3.49,+31.719,+27.536,+0.981
1630461420,+3.48,+31.728,+27.524,+0.984
1630461480,+3.48,+31.693,+27.293,+0.985
1630461540,+3.49,+31.728,+27.267,+0.987
1630461600,+3.49,+31.710,+27.220,+0.987
1630461660,+3.49,+31.719,+27.077,+0.984
1630461720,+3.48,+31.728,+27.227,+0.986
1630461780,+3.48,+31.710,+27.187,+0.986
1630461840,+3.48,+31.745,+27.313,+0.987
1630461900,+3.48,+31.797,+27.341,+0.985
1630461960,+3.48,+31.806,+27.605,+0.989
1630462020,+3.48,+31.789,+27.520,+0.986
1630462080,+3.48,+31.780,+27.601,+0.984
1630462140,+3.48,+31.797,+27.615,+0.984
1630462200,+3.48,+31.780,+27.470,+0.985
1630462260,+3.48,+31.762,+27.159,+0.983
1630462320,+3.48,+31.762,+26.813,+0.982
1630462380,+3.48,+31.736,+27.079,+0.986
1630462440,+3.49,+31.745,+26.997,+0.984
1630462500,+3.48,+31.736,+27.002,+0.984
1630462560,+3.48,+31.754,+27.138,+0.988
1630462620,+3.48,+31.771,+26.870,+0.985
1630462680,+3.48,+31.762,+26.817,+0.984
1630462740,+3.48,+31.789,+26.871,+0.983
1630462800,+3.48,+31.789,+26.686,+0.983
1630462860,+3.48,+31.780,+27.004,+0.988
1630462920,+3.48,+31.780,+26.445,+0.982
1630462980,+3.48,+31.780,+26.435,+0.984
1630463040,+3.48,+31.797,+26.476,+0.986
1630463100,+3.48,+31.762,+26.543,+0.984
1630463160,+3.48,+31.789,+26.366,+0.980
1630463220,+3.48,+31.780,+26.867,+0.987
1630463280,+3.48,+31.762,+26.737,+0.983
1630463340,+3.49,+31.780,+26.742,+0.985
1630463400,+3.48,+31.780,+26.720,+0.984
1630463460,+3.49,+31.762,+26.974,+0.988
1630463520,+3.49,+31.762,+26.845,+0.986
1630463580,+3.49,+31.762,+26.926,+0.987
1630463640,+3.48,+31.762,+26.977,+0.985
1630463700,+3.49,+31.762,+27.326,+0.987
1630463760,+3.49,+31.771,+27.516,+0.988
1630463820,+3.48,+31.806,+27.353,+0.984
1630463880,+3.48,+31.824,+27.323,+0.984
1630463940,+3.48,+31.850,+27.318,+0.986
1630464000,+3.48,+31.832,+27.104,+0.983
1630464060,+3.48,+31.867,+26.854,+0.980
1630464120,+3.48,+31.867,+26.870,+0.986
1630464180,+3.48,+31.850,+26.599,+0.985
1630464240,+3.48,+31.824,+26.631,+0.986
1630464300,+3.48,+31.815,+26.459,+0.986
1630464360,+3.48,+31.806,+26.348,+0.986
1630464420,+3.48,+31.815,+26.350,+0.984
1630464480,+3.49,+31.797,+26.268,+0.985
1630464540,+3.48,+31.771,+26.128,+0.983
1630464600,+3.48,+31.806,+26.102,+0.986
1630464660,+3.48,+31.789,+25.683,+0.981
1630464720,+3.49,+31.771,+25.892,+0.985
1630464780,+3.48,+31.771,+25.915,+0.985
1630464840,+3.48,+31.797,+25.686,+0.982
1630464900,+3.48,+31.771,+26.059,+0.987
1630464960,+3.48,+31.780,+26.180,+0.990
1630465020,+3.48,+31.815,+25.891,+0.986
1630465080,+3.48,+31.806,+25.975,+0.985
1630465140,+3.48,+31.832,+25.929,+0.983
1630465200,+3.48,+31.841,+26.098,+0.986
1630465260,+3.49,+31.815,+26.068,+0.983
1630465320,+3.48,+31.797,+26.517,+0.983
1630465380,+3.48,+31.806,+26.554,+0.983
1630465440,+3.48,+31.824,+26.853,+0.986
1630465500,+3.48,+31.789,+26.900,+0.983
1630465560,+3.48,+31.789,+26.960,+0.982
1630465620,+3.49,+31.815,+26.989,+0.985
1630465680,+3.48,+31.797,+27.022,+0.985
1630465740,+3.48,+31.815,+27.013,+0.982
1630465800,+3.49,+31.824,+27.173,+0.983
1630465860,+3.49,+31.806,+27.291,+0.982
1630465920,+3.48,+31.824,+27.183,+0.983
1630465980,+3.48,+31.824,+27.245,+0.983
1630466040,+3.48,+31.859,+27.317,+0.985
1630466100,+3.48,+31.850,+27.222,+0.983
1630466160,+3.48,+31.867,+27.413,+0.985
1630466220,+3.48,+31.902,+27.368,+0.983
1630466280,+3.48,+31.928,+27.632,+0.988
1630466340,+3.48,+31.911,+27.519,+0.984
1630466400,+3.48,+31.928,+27.616,+0.986
1630466460,+3.48,+31.894,+27.580,+0.984
1630466520,+3.48,+31.894,+27.726,+0.987
1630466580,+3.48,+31.902,+27.578,+0.983
1630466640,+3.48,+31.911,+27.506,+0.982
1630466700,+3.48,+31.894,+27.564,+0.986
1630466760,+3.49,+31.885,+27.566,+0.985
1630466820,+3.48,+31.885,+27.481,+0.988
1630466880,+3.48,+31.859,+27.453,+0.987
1630466940,+3.48,+31.894,+27.143,+0.985
1630467000,+3.48,+31.937,+26.548,+0.982
1630467060,+3.48,+31.920,+26.508,+0.984
1630467120,+3.48,+31.902,+26.688,+0.984
1630467180,+3.48,+31.902,+27.025,+0.986
1630467240,+3.48,+31.867,+27.163,+0.983
1630467300,+3.48,+31.876,+27.076,+0.984
1630467360,+3.48,+31.841,+27.022,+0.981
1630467420,+3.48,+31.815,+27.266,+0.983
1630467480,+3.49,+31.806,+27.454,+0.985
1630467540,+3.49,+31.789,+27.535,+0.986
1630467600,+3.48,+31.789,+27.520,+0.986
1630467660,+3.49,+31.754,+27.547,+0.986
1630467720,+3.49,+31.771,+27.384,+0.984
1630467780,+3.49,+31.797,+27.131,+0.983
1630467840,+3.49,+31.832,+26.956,+0.986
1630467900,+3.49,+31.824,+26.658,+0.983
1630467960,+3.49,+31.797,+26.383,+0.988
1630468020,+3.49,+31.806,+26.281,+0.986
1630468080,+3.48,+31.797,+25.927,+0.986
1630468140,+3.48,+31.806,+25.347,+0.983
1630468200,+3.49,+31.806,+25.311,+0.983
1630468260,+3.49,+31.824,+24.894,+0.983
1630468320,+3.49,+31.850,+24.634,+0.986
1630468380,+3.49,+31.859,+24.311,+0.983
1630468440,+3.48,+31.867,+24.447,+0.986
1630468500,+3.49,+31.824,+24.634,+0.985
1630468560,+3.48,+31.841,+24.770,+0.986
1630468620,+3.49,+31.850,+24.538,+0.985
1630468680,+3.48,+31.824,+24.481,+0.985
1630468740,+3.49,+31.789,+24.988,+0.987
1630468800,+3.49,+31.771,+25.126,+0.987
1630468860,+3.49,+31.789,+24.837,+0.984
1630468920,+3.49,+31.789,+24.534,+0.983
1630468980,+3.48,+31.780,+24.450,+0.985
1630469040,+3.49,+31.797,+24.401,+0.987
1630469100,+3.48,+31.815,+24.226,+0.984
1630469160,+3.49,+31.815,+24.175,+0.984
1630469220,+3.48,+31.832,+24.189,+0.986
1630469280,+3.48,+31.850,+23.963,+0.985
1630469340,+3.49,+31.841,+23.825,+0.988
1630469400,+3.48,+31.841,+23.640,+0.987
1630469460,+3.49,+31.832,+23.418,+0.985
1630469520,+3.48,+31.841,+23.180,+0.984
1630469580,+3.49,+31.832,+23.112,+0.984
1630469640,+3.49,+31.815,+23.113,+0.988
1630469700,+3.49,+31.824,+22.902,+0.985
1630469760,+3.49,+31.815,+22.759,+0.983
1630469820,+3.49,+31.797,+22.779,+0.984
1630469880,+3.49,+31.780,+22.956,+0.989
1630469940,+3.49,+31.806,+22.869,+0.987
1630470000,+3.49,+31.789,+22.899,+0.986
1630470060,+3.49,+31.771,+23.017,+0.987
1630470120,+3.49,+31.780,+22.939,+0.988
1630470180,+3.49,+31.754,+22.739,+0.984
1630470240,+3.49,+31.754,+22.610,+0.984
1630470300,+3.49,+31.745,+22.632,+0.986
1630470360,+3.49,+31.745,+22.573,+0.985
1630470420,+3.49,+31.728,+22.567,+0.986
1630470480,+3.49,+31.736,+22.536,+0.985
1630470540,+3.49,+31.710,+22.664,+0.989
1630470600,+3.49,+31.684,+22.725,+0.986
1630470660,+3.49,+31.684,+22.648,+0.986
1630470720,+3.49,+31.693,+22.250,+0.984
1630470780,+3.49,+31.684,+22.174,+0.983
1630470840,+3.49,+31.675,+22.156,+0.984
1630470900,+3.49,+31.666,+22.350,+0.987
1630470960,+3.49,+31.675,+22.286,+0.985
1630471020,+3.49,+31.666,+22.210,+0.984
1630471080,+3.49,+31.658,+22.339,+0.989
1630471140,+3.49,+31.649,+22.190,+0.986
1630471200,+3.49,+31.649,+22.174,+0.986
1630471260,+3.49,+31.640,+22.092,+0.986
1630471320,+3.49,+31.632,+21.964,+0.987
1630471380,+3.49,+31.623,+21.836,+0.984
1630471440,+3.49,+31.623,+21.954,+0.987
1630471500,+3.49,+31.614,+21.927,+0.984
1630471560,+3.49,+31.614,+21.943,+0.985
1630471620,+3.49,+31.614,+22.070,+0.988
1630471680,+3.49,+31.597,+22.049,+0.986
1630471740,+3.49,+31.588,+22.143,+0.989
1630471800,+3.49,+31.605,+21.996,+0.986
1630471860,+3.49,+31.588,+21.922,+0.987
1630471920,+3.49,+31.579,+21.873,+0.986
1630471980,+3.49,+31.562,+21.924,+0.988
1630472040,+3.49,+31.544,+21.911,+0.987
1630472100,+3.49,+31.544,+21.818,+0.985
1630472160,+3.49,+31.536,+21.863,+0.986
1630472220,+3.49,+31.527,+22.110,+0.986
1630472280,+3.49,+31.518,+22.523,+0.989
1630472340,+3.49,+31.536,+22.520,+0.988
1630472400,+3.49,+31.527,+22.327,+0.985
1630472460,+3.49,+31.518,+22.317,+0.988
1630472520,+3.49,+31.492,+22.062,+0.985
1630472580,+3.49,+31.492,+22.031,+0.986
1630472640,+3.49,+31.492,+22.032,+0.988
1630472700,+3.49,+31.501,+21.917,+0.987
1630472760,+3.49,+31.483,+21.859,+0.987
1630472820,+3.49,+31.483,+21.736,+0.985
1630472880,+3.49,+31.475,+21.645,+0.986
1630472940,+3.49,+31.475,+21.579,+0.987
1630473000,+3.49,+31.466,+21.409,+0.987
1630473060,+3.49,+31.448,+21.247,+0.986
1630473120,+3.49,+31.431,+21.392,+0.985
1630473180,+3.49,+31.431,+21.555,+0.987
1630473240,+3.49,+31.422,+21.654,+0.984
1630473300,+3.49,+31.414,+21.783,+0.987
1630473360,+3.49,+31.414,+21.783,+0.988
1630473420,+3.49,+31.414,+21.668,+0.985
1630473480,+3.49,+31.396,+21.726,+0.988
1630473540,+3.49,+31.396,+21.667,+0.988
1630473600,+3.49,+31.379,+21.514,+0.986
1630473660,+3.49,+31.387,+21.428,+0.985
1630473720,+3.49,+31.379,+21.538,+0.988
1630473780,+3.49,+31.370,+21.595,+0.988
1630473840,+3.49,+31.353,+21.634,+0.987
1630473900,+3.49,+31.344,+21.573,+0.986
1630473960,+3.49,+31.344,+21.573,+0.987
1630474020,+3.49,+31.344,+21.448,+0.986
1630474080,+3.49,+31.335,+21.360,+0.985
1630474140,+3.49,+31.318,+21.402,+0.987
1630474200,+3.49,+31.309,+21.429,+0.987
1630474260,+3.49,+31.309,+21.431,+0.989
1630474320,+3.49,+31.300,+21.257,+0.988
1630474380,+3.49,+31.266,+21.109,+0.985
1630474440,+3.49,+31.274,+21.153,+0.986
1630474500,+3.49,+31.274,+21.175,+0.987
1630474560,+3.49,+31.274,+21.187,+0.986
1630474620,+3.49,+31.266,+21.237,+0.987
1630474680,+3.49,+31.257,+21.183,+0.985
1630474740,+3.49,+31.266,+21.153,+0.987
1630474800,+3.49,+31.248,+21.101,+0.987
1630474860,+3.49,+31.248,+21.054,+0.987
1630474920,+3.49,+31.231,+20.941,+0.986
1630474980,+3.49,+31.222,+20.879,+0.986
1630475040,+3.49,+31.213,+20.928,+0.988
1630475100,+3.49,+31.213,+20.878,+0.986
1630475160,+3.49,+31.205,+20.744,+0.986
1630475220,+3.49,+31.222,+20.661,+0.986
1630475280,+3.49,+31.205,+20.576,+0.986
1630475340,+3.49,+31.187,+20.457,+0.986
1630475400,+3.49,+31.187,+20.357,+0.986
1630475460,+3.49,+31.187,+20.389,+0.989
1630475520,+3.49,+31.170,+20.249,+0.985
1630475580,+3.49,+31.179,+20.300,+0.986
1630475640,+3.49,+31.179,+20.332,+0.986
1630475700,+3.49,+31.152,+20.245,+0.984
1630475760,+3.49,+31.152,+20.335,+0.989
1630475820,+3.49,+31.152,+20.329,+0.989
1630475880,+3.49,+31.118,+20.302,+0.987
1630475940,+3.49,+31.118,+20.349,+0.988
1630476000,+3.49,+31.126,+20.317,+0.988
1630476060,+3.49,+31.126,+20.091,+0.985
1630476120,+3.49,+31.100,+20.233,+0.987
1630476180,+3.49,+31.100,+20.146,+0.986
1630476240,+3.49,+31.100,+20.092,+0.986
1630476300,+3.49,+31.083,+20.099,+0.987
1630476360,+3.49,+31.083,+20.095,+0.988
1630476420,+3.49,+31.065,+19.991,+0.988
1630476480,+3.49,+31.074,+19.861,+0.989
1630476540,+3.49,+31.065,+19.783,+0.988
1630476600,+3.49,+31.048,+19.694,+0.987
1630476660,+3.49,+31.039,+19.636,+0.987
1630476720,+3.49,+31.048,+19.515,+0.987
1630476780,+3.49,+31.031,+19.496,+0.989
1630476840,+3.49,+31.039,+19.200,+0.987
1630476900,+3.49,+31.031,+18.959,+0.985
1630476960,+3.49,+31.022,+18.959,+0.988
1630477020,+3.49,+31.013,+18.786,+0.986
1630477080,+3.49,+31.005,+18.725,+0.986
1630477140,+3.49,+31.005,+18.739,+0.987
1630477200,+3.49,+30.996,+18.747,+0.988
1630477260,+3.49,+30.970,+18.667,+0.988
1630477320,+3.49,+30.970,+18.589,+0.987
1630477380,+3.49,+30.970,+18.527,+0.985
1630477440,+3.49,+30.979,+18.479,+0.988
1630477500,+3.49,+30.961,+18.405,+0.986
1630477560,+3.49,+30.961,+18.392,+0.987
1630477620,+3.49,+30.935,+18.329,+0.986
1630477680,+3.49,+30.953,+18.331,+0.984
1630477740,+3.49,+30.935,+18.452,+0.987
1630477800,+3.49,+30.900,+18.439,+0.987
1630477860,+3.49,+30.918,+18.400,+0.986
1630477920,+3.49,+30.909,+18.426,+0.987
1630477980,+3.49,+30.892,+18.450,+0.988
1630478040,+3.49,+30.900,+18.276,+0.985
1630478100,+3.49,+30.874,+18.391,+0.986
1630478160,+3.49,+30.892,+18.311,+0.986
1630478220,+3.49,+30.857,+18.334,+0.987
1630478280,+3.49,+30.866,+18.201,+0.986
1630478340,+3.49,+30.857,+18.199,+0.987
1630478400,+3.49,+30.866,+18.106,+0.985
1630478460,+3.49,+30.857,+18.145,+0.986
1630478520,+3.49,+30.848,+18.249,+0.988
1630478580,+3.49,+30.822,+18.158,+0.987
1630478640,+3.49,+30.831,+18.234,+0.988
1630478700,+3.49,+30.831,+18.275,+0.986
1630478760,+3.49,+30.796,+18.446,+0.989
1630478820,+3.49,+30.805,+18.301,+0.985
1630478880,+3.49,+30.805,+18.352,+0.987
1630478940,+3.49,+30.788,+18.366,+0.989
1630479000,+3.49,+30.779,+18.230,+0.987
1630479060,+3.49,+30.779,+18.284,+0.988
1630479120,+3.49,+30.762,+18.261,+0.987
1630479180,+3.49,+30.770,+18.187,+0.986
1630479240,+3.49,+30.762,+18.193,+0.986
1630479300,+3.49,+30.762,+18.163,+0.986
1630479360,+3.49,+30.727,+18.091,+0.984
1630479420,+3.49,+30.753,+18.106,+0.986
1630479480,+3.49,+30.736,+18.173,+0.986
1630479540,+3.49,+30.736,+18.209,+0.987
1630479600,+3.49,+30.727,+18.390,+0.990
1630479660,+3.49,+30.736,+18.345,+0.986
1630479720,+3.49,+30.710,+18.210,+0.985
1630479780,+3.49,+30.718,+18.327,+0.989
1630479840,+3.49,+30.701,+18.365,+0.988
1630479900,+3.49,+30.692,+18.233,+0.987
1630479960,+3.49,+30.692,+18.111,+0.987
1630480020,+3.49,+30.675,+18.140,+0.988
1630480080,+3.49,+30.692,+18.180,+0.986
1630480140,+3.49,+30.675,+18.189,+0.987
1630480200,+3.49,+30.675,+18.215,+0.987
1630480260,+3.49,+30.658,+18.178,+0.985
1630480320,+3.49,+30.658,+18.297,+0.987
1630480380,+3.49,+30.649,+18.229,+0.987
1630480440,+3.49,+30.649,+18.138,+0.985
1630480500,+3.49,+30.658,+18.281,+0.987
1630480560,+3.49,+30.649,+18.481,+0.987
1630480620,+3.49,+30.614,+18.606,+0.989
1630480680,+3.49,+30.632,+18.637,+0.989
1630480740,+3.49,+30.606,+18.637,+0.988
1630480800,+3.49,+30.606,+18.715,+0.990
1630480860,+3.49,+30.597,+18.644,+0.987
1630480920,+3.49,+30.606,+18.565,+0.987
1630480980,+3.49,+30.588,+18.576,+0.987
1630481040,+3.49,+30.571,+18.589,+0.986
1630481100,+3.49,+30.580,+18.589,+0.986
1630481160,+3.49,+30.571,+18.671,+0.988
1630481220,+3.49,+30.562,+18.753,+0.990
1630481280,+3.49,+30.571,+18.733,+0.989
1630481340,+3.49,+30.554,+18.686,+0.987
1630481400,+3.49,+30.536,+18.681,+0.987
1630481460,+3.49,+30.545,+18.709,+0.988
1630481520,+3.49,+30.536,+18.683,+0.986
1630481580,+3.49,+30.528,+18.781,+0.988
1630481640,+3.49,+30.536,+18.800,+0.986
1630481700,+3.49,+30.519,+18.894,+0.990
1630481760,+3.49,+30.510,+18.836,+0.988
1630481820,+3.49,+30.510,+18.888,+0.988
1630481880,+3.49,+30.502,+18.770,+0.985
1630481940,+3.49,+30.493,+18.879,+0.988
1630482000,+3.49,+30.484,+18.881,+0.986
1630482060,+3.49,+30.493,+18.942,+0.989
1630482120,+3.49,+30.484,+18.954,+0.988
1630482180,+3.49,+30.467,+18.873,+0.986
1630482240,+3.49,+30.467,+18.876,+0.989
1630482300,+3.49,+30.467,+18.805,+0.987
1630482360,+3.49,+30.450,+18.718,+0.985
1630482420,+3.49,+30.450,+18.762,+0.987
1630482480,+3.49,+30.458,+18.746,+0.988
1630482540,+3.49,+30.450,+18.739,+0.989
1630482600,+3.49,+30.458,+18.629,+0.986
1630482660,+3.49,+30.424,+18.648,+0.989
1630482720,+3.49,+30.424,+18.611,+0.988
1630482780,+3.49,+30.424,+18.688,+0.989
1630482840,+3.49,+30.406,+18.672,+0.986
1630482900,+3.49,+30.398,+18.632,+0.988
1630482960,+3.49,+30.389,+18.727,+0.987
1630483020,+3.49,+30.389,+18.693,+0.987
1630483080,+3.49,+30.389,+18.693,+0.988
1630483140,+3.49,+30.398,+18.615,+0.989
1630483200,+3.49,+30.389,+18.539,+0.987
1630483260,+3.49,+30.372,+18.671,+0.989
1630483320,+3.49,+30.372,+18.585,+0.986
1630483380,+3.49,+30.363,+18.555,+0.988
1630483440,+3.49,+30.363,+18.526,+0.988
1630483500,+3.49,+30.337,+18.560,+0.989
1630483560,+3.49,+30.355,+18.468,+0.986
1630483620,+3.49,+30.337,+18.425,+0.985
1630483680,+3.49,+30.346,+18.465,+0.988
1630483740,+3.49,+30.337,+18.376,+0.986
1630483800,+3.49,+30.320,+18.261,+0.987
1630483860,+3.49,+30.320,+18.303,+0.987
1630483920,+3.49,+30.311,+18.397,+0.988
1630483980,+3.49,+30.320,+18.448,+0.988
1630484040,+3.49,+30.320,+18.478,+0.990
1630484100,+3.49,+30.320,+18.373,+0.986
1630484160,+3.49,+30.311,+18.387,+0.988
1630484220,+3.49,+30.311,+18.259,+0.985
1630484280,+3.49,+30.303,+18.394,+0.990
1630484340,+3.49,+30.285,+18.333,+0.989
1630484400,+3.49,+30.285,+18.347,+0.988
1630484460,+3.49,+30.285,+18.301,+0.986
1630484520,+3.49,+30.259,+18.370,+0.989
1630484580,+3.49,+30.268,+18.255,+0.987
1630484640,+3.49,+30.277,+18.164,+0.987
1630484700,+3.49,+30.259,+18.125,+0.987
1630484760,+3.49,+30.259,+18.417,+0.988
1630484820,+3.49,+30.251,+18.442,+0.989
1630484880,+3.49,+30.268,+18.281,+0.987
1630484940,+3.49,+30.251,+18.229,+0.986
1630485000,+3.49,+30.251,+18.321,+0.989
1630485060,+3.49,+30.234,+18.254,+0.987
1630485120,+3.49,+30.216,+18.243,+0.988
1630485180,+3.49,+30.234,+18.148,+0.987
1630485240,+3.49,+30.234,+18.151,+0.988
1630485300,+3.49,+30.234,+18.103,+0.987
1630485360,+3.49,+30.199,+18.026,+0.987
1630485420,+3.49,+30.208,+18.030,+0.988
1630485480,+3.49,+30.208,+17.983,+0.988
1630485540,+3.49,+30.199,+17.979,+0.988
1630485600,+3.49,+30.182,+18.010,+0.988
1630485660,+3.49,+30.190,+17.920,+0.988
1630485720,+3.49,+30.182,+17.786,+0.987
1630485780,+3.49,+30.164,+17.762,+0.987
1630485840,+3.49,+30.164,+17.706,+0.986
1630485900,+3.49,+30.173,+17.735,+0.987
1630485960,+3.49,+30.156,+17.716,+0.986
1630486020,+3.49,+30.156,+17.708,+0.988
1630486080,+3.49,+30.156,+17.687,+0.989
1630486140,+3.49,+30.173,+17.632,+0.990
1630486200,+3.49,+30.156,+17.528,+0.986
1630486260,+3.49,+30.138,+17.573,+0.989
1630486320,+3.49,+30.156,+17.409,+0.986
1630486380,+3.49,+30.147,+17.316,+0.988
1630486440,+3.49,+30.130,+17.282,+0.989
1630486500,+3.49,+30.121,+17.327,+0.990
1630486560,+3.49,+30.130,+17.279,+0.987
1630486620,+3.49,+30.121,+17.266,+0.987
1630486680,+3.49,+30.121,+17.317,+0.988
1630486740,+3.49,+30.113,+17.292,+0.988
1630486800,+3.49,+30.104,+17.275,+0.988
1630486860,+3.49,+30.095,+17.071,+0.986
1630486920,+3.49,+30.095,+17.117,+0.987
1630486980,+3.49,+30.095,+16.976,+0.987
1630487040,+3.49,+30.087,+16.873,+0.988
1630487100,+3.49,+30.078,+16.913,+0.987
1630487160,+3.49,+30.078,+17.016,+0.988
1630487220,+3.49,+30.061,+17.122,+0.989
1630487280,+3.49,+30.052,+17.029,+0.985
1630487340,+3.49,+30.069,+17.134,+0.989
1630487400,+3.49,+30.052,+17.018,+0.987
1630487460,+3.49,+30.052,+16.952,+0.987
1630487520,+3.49,+30.035,+16.885,+0.986
1630487580,+3.49,+30.043,+16.966,+0.988
1630487640,+3.49,+30.035,+16.914,+0.986
1630487700,+3.49,+30.035,+16.946,+0.989
1630487760,+3.49,+30.043,+16.904,+0.988
1630487820,+3.49,+30.035,+16.831,+0.988
1630487880,+3.49,+30.018,+16.745,+0.988
1630487940,+3.49,+30.035,+16.635,+0.987
1630488000,+3.49,+30.018,+16.604,+0.989
1630488060,+3.49,+30.018,+16.395,+0.985
1630488120,+3.49,+30.018,+16.367,+0.987
1630488180,+3.49,+30.026,+16.317,+0.987
1630488240,+3.49,+30.009,+16.278,+0.987
1630488300,+3.49,+30.009,+16.196,+0.986
1630488360,+3.49,+30.000,+16.192,+0.987
1630488420,+3.49,+30.000,+16.106,+0.986
1630488480,+3.49,+29.992,+15.955,+0.988
1630488540,+3.49,+29.992,+15.806,+0.988
1630488600,+3.49,+29.966,+15.837,+0.988
1630488660,+3.49,+29.992,+15.775,+0.986
1630488720,+3.49,+29.966,+15.721,+0.988
1630488780,+3.49,+29.957,+15.663,+0.986
1630488840,+3.49,+29.966,+15.699,+0.988
1630488900,+3.49,+29.949,+15.691,+0.986
1630488960,+3.49,+29.949,+15.696,+0.986
1630489020,+3.49,+29.949,+15.714,+0.987
1630489080,+3.49,+29.940,+15.657,+0.987
1630489140,+3.49,+29.940,+15.581,+0.988
1630489200,+3.49,+29.940,+15.528,+0.987
1630489260,+3.49,+29.940,+15.529,+0.988
1630489320,+3.49,+29.931,+15.425,+0.987
1630489380,+3.49,+29.940,+15.283,+0.985
1630489440,+3.49,+29.914,+15.293,+0.987
1630489500,+3.49,+29.905,+15.272,+0.987
1630489560,+3.49,+29.905,+15.186,+0.985
1630489620,+3.49,+29.897,+15.196,+0.987
1630489680,+3.49,+29.905,+15.146,+0.988
1630489740,+3.49,+29.897,+15.104,+0.988
1630489800,+3.49,+29.897,+15.030,+0.986
1630489860,+3.49,+29.888,+15.046,+0.987
1630489920,+3.49,+29.880,+15.052,+0.988
1630489980,+3.49,+29.871,+15.044,+0.988
1630490040,+3.49,+29.880,+14.970,+0.985
1630490100,+3.49,+29.888,+14.960,+0.986
1630490160,+3.49,+29.862,+14.987,+0.985
1630490220,+3.49,+29.854,+14.995,+0.986
1630490280,+3.49,+29.854,+14.998,+0.987
1630490340,+3.49,+29.854,+14.967,+0.986
1630490400,+3.49,+29.854,+14.998,+0.988
1630490460,+3.49,+29.862,+15.017,+0.987
1630490520,+3.49,+29.862,+15.012,+0.987
1630490580,+3.49,+29.836,+14.967,+0.987
1630490640,+3.49,+29.836,+14.943,+0.989
1630490700,+3.49,+29.845,+14.881,+0.988
1630490760,+3.49,+29.836,+14.896,+0.988
1630490820,+3.49,+29.828,+14.950,+0.987
1630490880,+3.49,+29.828,+14.925,+0.988
1630490940,+3.49,+29.819,+14.871,+0.987
1630491000,+3.49,+29.811,+14.786,+0.987
1630491060,+3.49,+29.819,+14.703,+0.988
1630491120,+3.49,+29.819,+14.603,+0.986
1630491180,+3.49,+29.802,+14.524,+0.985
1630491240,+3.49,+29.802,+14.521,+0.988
1630491300,+3.49,+29.793,+14.458,+0.986
1630491360,+3.49,+29.785,+14.407,+0.986
1630491420,+3.49,+29.802,+14.305,+0.986
1630491480,+3.49,+29.776,+14.216,+0.987
1630491540,+3.49,+29.785,+14.137,+0.988
1630491600,+3.49,+29.776,+14.002,+0.986
1630491660,+3.49,+29.776,+13.930,+0.987
1630491720,+3.49,+29.759,+13.886,+0.987
1630491780,+3.49,+29.768,+13.766,+0.987
1630491840,+3.49,+29.768,+13.723,+0.987
1630491900,+3.49,+29.750,+13.727,+0.987
1630491960,+3.49,+29.750,+13.757,+0.987
1630492020,+3.49,+29.750,+13.658,+0.986
1630492080,+3.49,+29.742,+13.575,+0.986
1630492140,+3.49,+29.750,+13.678,+0.987
1630492200,+3.49,+29.742,+13.825,+0.988
1630492260,+3.49,+29.742,+13.839,+0.988
1630492320,+3.48,+29.724,+13.781,+0.986
1630492380,+3.48,+29.699,+13.914,+0.987
1630492440,+3.49,+29.716,+14.037,+0.987
1630492500,+3.49,+29.690,+14.049,+0.986
1630492560,+3.49,+29.707,+14.025,+0.987
1630492620,+3.49,+29.699,+13.909,+0.986
1630492680,+3.49,+29.707,+13.822,+0.986
1630492740,+3.48,+29.690,+13.763,+0.986
1630492800,+3.48,+29.681,+13.764,+0.986
1630492860,+3.48,+29.690,+13.735,+0.988
1630492920,+3.49,+29.699,+13.651,+0.987
1630492980,+3.48,+29.673,+13.625,+0.988
1630493040,+3.48,+29.673,+13.527,+0.986
1630493100,+3.49,+29.647,+13.470,+0.987
1630493160,+3.49,+29.673,+13.390,+0.987
1630493220,+3.48,+29.656,+13.266,+0.987
1630493280,+3.48,+29.656,+13.217,+0.987
1630493340,+3.48,+29.647,+13.207,+0.986
1630493400,+3.49,+29.656,+13.166,+0.987
1630493460,+3.48,+29.647,+13.028,+0.987
1630493520,+3.48,+29.638,+13.019,+0.987
1630493580,+3.48,+29.647,+12.994,+0.987
1630493640,+3.49,+29.638,+12.992,+0.987
1630493700,+3.49,+29.647,+12.915,+0.986
1630493760,+3.49,+29.613,+12.914,+0.986
1630493820,+3.49,+29.621,+12.882,+0.986
1630493880,+3.49,+29.638,+12.823,+0.985
1630493940,+3.49,+29.621,+12.799,+0.986
1630494000,+3.49,+29.621,+12.645,+0.986
1630494060,+3.49,+29.621,+12.562,+0.986
1630494120,+3.48,+29.613,+12.502,+0.986
1630494180,+3.49,+29.613,+12.489,+0.986
1630494240,+3.48,+29.604,+12.522,+0.986
1630494300,+3.48,+29.604,+12.538,+0.987
1630494360,+3.49,+29.604,+12.407,+0.985
1630494420,+3.48,+29.595,+12.304,+0.987
1630494480,+3.49,+29.578,+12.250,+0.986
1630494540,+3.49,+29.587,+12.205,+0.986
1630494600,+3.49,+29.578,+12.176,+0.985
1630494660,+3.49,+29.578,+12.108,+0.986
1630494720,+3.48,+29.578,+12.115,+0.987
1630494780,+3.48,+29.561,+12.028,+0.985
1630494840,+3.48,+29.569,+11.964,+0.986
1630494900,+3.48,+29.578,+11.861,+0.985
1630494960,+3.49,+29.569,+11.835,+0.986
1630495020,+3.49,+29.544,+11.787,+0.985
1630495080,+3.49,+29.561,+11.757,+0.986
1630495140,+3.49,+29.552,+11.713,+0.986
1630495200,+3.49,+29.561,+11.752,+0.985
1630495260,+3.49,+29.544,+11.827,+0.986
1630495320,+3.49,+29.535,+11.823,+0.986
1630495380,+3.48,+29.544,+11.780,+0.986
1630495440,+3.49,+29.535,+11.788,+0.987
1630495500,+3.48,+29.526,+11.814,+0.986
1630495560,+3.49,+29.518,+11.991,+0.986
1630495620,+3.49,+29.509,+12.031,+0.987
1630495680,+3.49,+29.518,+11.971,+0.987
1630495740,+3.49,+29.492,+11.724,+0.986
1630495800,+3.49,+29.509,+11.598,+0.986
1630495860,+3.49,+29.501,+11.626,+0.987
1630495920,+3.49,+29.492,+11.637,+0.986
1630495980,+3.49,+29.501,+11.560,+0.984
1630496040,+3.49,+29.509,+11.539,+0.985
1630496100,+3.49,+29.501,+11.526,+0.986
1630496160,+3.49,+29.483,+11.579,+0.986
1630496220,+3.49,+29.466,+11.677,+0.986
1630496280,+3.49,+29.483,+11.655,+0.986
1630496340,+3.49,+29.483,+11.615,+0.986
1630496400,+3.49,+29.475,+11.509,+0.986
1630496460,+3.49,+29.466,+11.532,+0.985
1630496520,+3.49,+29.466,+11.453,+0.986
1630496580,+3.49,+29.466,+11.655,+0.987
1630496640,+3.49,+29.466,+11.650,+0.985
1630496700,+3.49,+29.458,+11.592,+0.987
1630496760,+3.49,+29.466,+11.441,+0.987
1630496820,+3.49,+29.440,+11.652,+0.986
1630496880,+3.48,+29.458,+11.629,+0.986
1630496940,+3.49,+29.440,+11.526,+0.986
1630497000,+3.49,+29.432,+11.413,+0.985
1630497060,+3.49,+29.432,+11.406,+0.986
1630497120,+3.49,+29.423,+11.391,+0.986
1630497180,+3.49,+29.449,+11.467,+0.986
1630497240,+3.49,+29.423,+11.615,+0.986
1630497300,+3.49,+29.423,+11.595,+0.986
1630497360,+3.49,+29.423,+11.502,+0.986
1630497420,+3.49,+29.406,+11.540,+0.986
1630497480,+3.49,+29.415,+11.487,+0.987
1630497540,+3.49,+29.415,+11.415,+0.987
1630497600,+3.49,+29.406,+11.456,+0.985
1630497660,+3.49,+29.389,+11.438,+0.985
1630497720,+3.49,+29.415,+11.421,+0.985
1630497780,+3.49,+29.406,+11.375,+0.986
1630497840,+3.49,+29.397,+11.314,+0.985
1630497900,+3.49,+29.406,+11.226,+0.985
1630497960,+3.49,+29.380,+11.265,+0.985
1630498020,+3.49,+29.389,+11.171,+0.987
1630498080,+3.49,+29.380,+11.146,+0.986
1630498140,+3.49,+29.389,+11.152,+0.986
1630498200,+3.49,+29.380,+11.176,+0.986
1630498260,+3.49,+29.380,+11.197,+0.986
1630498320,+3.49,+29.389,+11.179,+0.985
1630498380,+3.49,+29.363,+11.172,+0.986
1630498440,+3.49,+29.363,+11.114,+0.984
1630498500,+3.49,+29.372,+11.092,+0.986
1630498560,+3.49,+29.363,+11.048,+0.986
1630498620,+3.49,+29.337,+10.980,+0.986
1630498680,+3.49,+29.354,+10.828,+0.984
1630498740,+3.49,+29.346,+10.955,+0.986
1630498800,+3.49,+29.337,+10.973,+0.987
1630498860,+3.49,+29.346,+10.928,+0.985
1630498920,+3.49,+29.337,+10.904,+0.986
1630498980,+3.49,+29.337,+10.849,+0.985
1630499040,+3.49,+29.337,+10.869,+0.986
1630499100,+3.49,+29.329,+10.861,+0.987
1630499160,+3.49,+29.329,+10.786,+0.986
1630499220,+3.49,+29.337,+10.731,+0.986
1630499280,+3.49,+29.329,+10.663,+0.986
1630499340,+3.49,+29.337,+10.634,+0.985
1630499400,+3.49,+29.337,+10.616,+0.986
1630499460,+3.49,+29.337,+10.684,+0.985
1630499520,+3.49,+29.329,+10.653,+0.986
1630499580,+3.49,+29.320,+10.624,+0.986
1630499640,+3.49,+29.312,+10.812,+0.986
1630499700,+3.49,+29.329,+10.771,+0.986
1630499760,+3.49,+29.320,+10.670,+0.985
1630499820,+3.49,+29.320,+10.594,+0.985
1630499880,+3.49,+29.303,+10.539,+0.985
1630499940,+3.49,+29.303,+10.526,+0.986
1630500000,+3.49,+29.303,+10.625,+0.986
1630500060,+3.49,+29.294,+10.618,+0.986
1630500120,+3.49,+29.294,+10.555,+0.985
1630500180,+3.49,+29.277,+10.499,+0.986
1630500240,+3.49,+29.294,+10.432,+0.986
1630500300,+3.49,+29.286,+10.507,+0.985
1630500360,+3.49,+29.294,+10.484,+0.986
1630500420,+3.49,+29.286,+10.529,+0.985
1630500480,+3.49,+29.286,+10.528,+0.987
1630500540,+3.49,+29.277,+10.415,+0.985
1630500600,+3.49,+29.286,+10.491,+0.986
1630500660,+3.49,+29.269,+10.515,+0.986
1630500720,+3.49,+29.286,+10.461,+0.984
1630500780,+3.49,+29.286,+10.484,+0.986
1630500840,+3.49,+29.277,+10.500,+0.986
1630500900,+3.49,+29.277,+10.456,+0.985
1630500960,+3.49,+29.294,+10.387,+0.986
1630501020,+3.49,+29.286,+10.296,+0.986
1630501080,+3.49,+29.269,+10.223,+0.986
1630501140,+3.49,+29.269,+10.268,+0.985
1630501200,+3.49,+29.277,+10.248,+0.985
1630501260,+3.49,+29.277,+10.157,+0.985
1630501320,+3.49,+29.277,+10.203,+0.985
1630501380,+3.49,+29.286,+10.187,+0.985
1630501440,+3.49,+29.269,+10.210,+0.985
1630501500,+3.49,+29.277,+10.149,+0.985
1630501560,+3.49,+29.269,+10.178,+0.986
1630501620,+3.49,+29.269,+10.228,+0.985
1630501680,+3.49,+29.277,+10.182,+0.986
1630501740,+3.49,+29.277,+10.144,+0.985
1630501800,+3.49,+29.269,+10.104,+0.986
1630501860,+3.49,+29.269,+10.132,+0.985
1630501920,+3.49,+29.269,+10.122,+0.985
1630501980,+3.49,+29.294,+10.057,+0.985
1630502040,+3.49,+29.286,+10.068,+0.985
1630502100,+3.49,+29.277,+10.068,+0.986
1630502160,+3.49,+29.269, +9.957,+0.986
1630502220,+3.49,+29.260, +9.848,+0.986
1630502280,+3.49,+29.277, +9.719,+0.985
1630502340,+3.49,+29.260, +9.776,+0.985
1630502400,+3.49,+29.260, +9.786,+0.985
1630502460,+3.49,+29.286, +9.841,+0.985
1630502520,+3.49,+29.269,+10.052,+0.985
1630502580,+3.49,+29.269,+10.130,+0.986
1630502640,+3.49,+29.277,+10.102,+0.985
1630502700,+3.49,+29.260,+10.143,+0.986
1630502760,+3.49,+29.269,+10.163,+0.986
1630502820,+3.49,+29.269,+10.191,+0.986
1630502880,+3.49,+29.269,+10.209,+0.986
1630502940,+3.49,+29.269,+10.210,+0.986
1630503000,+3.49,+29.269,+10.253,+0.985
1630503060,+3.49,+29.277,+10.244,+0.986
1630503120,+3.49,+29.260,+10.267,+0.986
1630503180,+3.49,+29.286,+10.241,+0.986
1630503240,+3.49,+29.286,+10.194,+0.985
1630503300,+3.49,+29.286,+10.174,+0.985
1630503360,+3.49,+29.294,+10.088,+0.985
1630503420,+3.49,+29.294,+10.091,+0.985
1630503480,+3.49,+29.303,+10.090,+0.985
1630503540,+3.49,+29.320,+10.096,+0.985
1630503600,+3.49,+29.312,+10.073,+0.985
1630503660,+3.49,+29.320,+10.076,+0.986
1630503720,+3.49,+29.312,+10.059,+0.985
1630503780,+3.49,+29.320,+10.094,+0.986
1630503840,+3.49,+29.312,+10.114,+0.985
1630503900,+3.49,+29.303,+10.134,+0.985
1630503960,+3.49,+29.303,+10.135,+0.985
1630504020,+3.49,+29.303,+10.188,+0.984
1630504080,+3.49,+29.320,+10.206,+0.985
1630504140,+3.49,+29.320,+10.203,+0.985
1630504200,+3.49,+29.320,+10.230,+0.987
1630504260,+3.49,+29.346,+10.222,+0.985
1630504320,+3.49,+29.303,+10.307,+0.985
1630504380,+3.49,+29.320,+10.384,+0.986
1630504440,+3.49,+29.329,+10.387,+0.985
1630504500,+3.48,+29.346,+10.383,+0.986
1630504560,+3.49,+29.320,+10.352,+0.985
1630504620,+3.49,+29.337,+10.304,+0.987
1630504680,+3.48,+29.320,+10.054,+0.986
1630504740,+3.49,+29.329, +9.940,+0.985
1630504800,+3.49,+29.329,+10.074,+0.985
1630504860,+3.48,+29.346,+10.090,+0.985
1630504920,+3.48,+29.346,+10.047,+0.985
1630504980,+3.49,+29.329, +9.929,+0.985
1630505040,+3.49,+29.337, +9.818,+0.984
1630505100,+3.48,+29.346, +9.770,+0.985
1630505160,+3.48,+29.346, +9.747,+0.985
1630505220,+3.48,+29.320, +9.744,+0.986
1630505280,+3.48,+29.346, +9.653,+0.985
1630505340,+3.48,+29.346, +9.516,+0.984
1630505400,+3.48,+29.337, +9.390,+0.984
1630505460,+3.48,+29.346, +9.284,+0.984
1630505520,+3.49,+29.337, +9.186,+0.985
1630505580,+3.48,+29.354, +9.114,+0.984
1630505640,+3.48,+29.389, +9.095,+0.984
1630505700,+3.48,+29.363, +9.119,+0.985
1630505760,+3.48,+29.380, +9.024,+0.984
1630505820,+3.48,+29.354, +8.974,+0.983
1630505880,+3.48,+29.363, +8.971,+0.984
1630505940,+3.48,+29.372, +9.015,+0.985
1630506000,+3.48,+29.380, +9.010,+0.984
1630506060,+3.48,+29.372, +9.049,+0.984
1630506120,+3.48,+29.397, +9.074,+0.985
1630506180,+3.48,+29.397, +9.098,+0.984
1630506240,+3.48,+29.389, +9.130,+0.985
1630506300,+3.48,+29.389, +9.136,+0.985
1630506360,+3.48,+29.397, +9.130,+0.984
1630506420,+3.48,+29.380, +9.169,+0.985
1630506480,+3.48,+29.397, +9.136,+0.984
1630506540,+3.48,+29.415, +9.241,+0.985
1630506600,+3.48,+29.406, +9.268,+0.984
1630506660,+3.48,+29.415, +9.324,+0.984
1630506720,+3.48,+29.423, +9.393,+0.984
1630506780,+3.48,+29.415, +9.452,+0.984
1630506840,+3.48,+29.432, +9.507,+0.984
1630506900,+3.48,+29.449, +9.543,+0.984
1630506960,+3.48,+29.440, +9.573,+0.985
1630507020,+3.48,+29.458, +9.650,+0.984
1630507080,+3.48,+29.440, +9.825,+0.985
1630507140,+3.48,+29.475, +9.892,+0.985
1630507200,+3.48,+29.466, +9.892,+0.983
1630507260,+3.48,+29.449,+10.034,+0.985
1630507320,+3.48,+29.466,+10.117,+0.984
1630507380,+3.48,+29.475,+10.192,+0.985
1630507440,+3.48,+29.475,+10.326,+0.985
1630507500,+3.48,+29.501,+10.388,+0.984
1630507560,+3.48,+29.501,+10.556,+0.985
1630507620,+3.48,+29.509,+10.708,+0.985
1630507680,+3.48,+29.492,+10.870,+0.985
1630507740,+3.48,+29.518,+10.961,+0.985
1630507800,+3.48,+29.509,+10.994,+0.984
1630507860,+3.48,+29.526,+11.097,+0.985
1630507920,+3.48,+29.501,+11.104,+0.986
1630507980,+3.48,+29.509,+11.109,+0.984
1630508040,+3.48,+29.501,+11.126,+0.985
1630508100,+3.48,+29.501,+11.107,+0.985
1630508160,+3.48,+29.518,+10.995,+0.984
1630508220,+3.48,+29.518,+10.936,+0.985
1630508280,+3.48,+29.535,+10.907,+0.985
1630508340,+3.48,+29.526,+10.881,+0.985
1630508400,+3.48,+29.544,+10.884,+0.985
1630508460,+3.48,+29.535,+10.805,+0.985
1630508520,+3.48,+29.544,+10.832,+0.985
1630508580,+3.48,+29.552,+10.861,+0.985
1630508640,+3.48,+29.552,+10.909,+0.986
1630508700,+3.48,+29.561,+10.876,+0.984
1630508760,+3.48,+29.578,+10.952,+0.984
1630508820,+3.48,+29.544,+11.055,+0.984
1630508880,+3.48,+29.569,+11.097,+0.984
1630508940,+3.48,+29.578,+11.127,+0.984
1630509000,+3.48,+29.595,+11.324,+0.985
1630509060,+3.48,+29.613,+11.546,+0.985
1630509120,+3.48,+29.613,+11.914,+0.985
1630509180,+3.48,+29.638,+12.091,+0.985
1630509240,+3.48,+29.638,+12.187,+0.984
1630509300,+3.48,+29.638,+12.332,+0.987
1630509360,+3.48,+29.647,+12.396,+0.985
1630509420,+3.48,+29.664,+12.557,+0.986
1630509480,+3.48,+29.656,+12.727,+0.985
1630509540,+3.48,+29.664,+12.935,+0.985
1630509600,+3.48,+29.664,+12.975,+0.984
1630509660,+3.48,+29.681,+13.087,+0.986
1630509720,+3.48,+29.690,+13.120,+0.985
1630509780,+3.48,+29.690,+13.229,+0.986
1630509840,+3.48,+29.690,+13.255,+0.985
1630509900,+3.48,+29.681,+13.343,+0.986
1630509960,+3.48,+29.707,+13.474,+0.986
1630510020,+3.48,+29.733,+13.475,+0.985
1630510080,+3.48,+29.733,+13.561,+0.986
1630510140,+3.48,+29.733,+13.627,+0.986
1630510200,+3.48,+29.742,+13.668,+0.986
1630510260,+3.48,+29.742,+13.688,+0.986
1630510320,+3.48,+29.759,+13.722,+0.985
1630510380,+3.48,+29.742,+13.787,+0.985
1630510440,+3.49,+29.750,+13.820,+0.986
1630510500,+3.48,+29.768,+13.855,+0.986
1630510560,+3.48,+29.768,+13.944,+0.987
1630510620,+3.48,+29.759,+13.971,+0.986
1630510680,+3.48,+29.802,+14.113,+0.985
1630510740,+3.48,+29.793,+14.205,+0.984
1630510800,+3.49,+29.802,+14.264,+0.986
1630510860,+3.49,+29.811,+14.290,+0.985
1630510920,+3.49,+29.819,+14.368,+0.987
1630510980,+3.49,+29.811,+14.439,+0.985
1630511040,+3.48,+29.785,+14.556,+0.987
1630511100,+3.48,+29.785,+14.460,+0.985
1630511160,+3.49,+29.811,+14.389,+0.984
1630511220,+3.49,+29.828,+14.399,+0.985
1630511280,+3.49,+29.828,+14.447,+0.986
1630511340,+3.49,+29.819,+14.497,+0.986
1630511400,+3.49,+29.802,+14.458,+0.985
1630511460,+3.49,+29.793,+14.402,+0.984
1630511520,+3.49,+29.811,+14.337,+0.987
1630511580,+3.49,+29.802,+14.232,+0.985
1630511640,+3.49,+29.802,+14.248,+0.985
1630511700,+3.49,+29.819,+14.273,+0.985
1630511760,+3.49,+29.836,+14.328,+0.986
1630511820,+3.49,+29.845,+14.461,+0.986
1630511880,+3.49,+29.862,+14.622,+0.986
1630511940,+3.49,+29.862,+14.749,+0.985
1630512000,+3.49,+29.836,+14.754,+0.985
1630512060,+3.49,+29.828,+14.619,+0.986
1630512120,+3.49,+29.828,+14.567,+0.987
1630512180,+3.49,+29.828,+14.491,+0.986
1630512240,+3.49,+29.828,+14.398,+0.985
1630512300,+3.49,+29.828,+14.302,+0.985
1630512360,+3.49,+29.845,+14.277,+0.984
1630512420,+3.49,+29.880,+14.306,+0.984
1630512480,+3.49,+29.888,+14.463,+0.986
1630512540,+3.49,+29.905,+14.633,+0.986
1630512600,+3.49,+29.914,+14.671,+0.986
1630512660,+3.49,+29.914,+14.779,+0.987
1630512720,+3.49,+29.923,+14.843,+0.986
1630512780,+3.49,+29.957,+14.940,+0.985
1630512840,+3.49,+29.966,+15.148,+0.987
1630512900,+3.49,+29.992,+15.284,+0.986
1630512960,+3.49,+29.983,+15.413,+0.987
1630513020,+3.49,+29.983,+15.500,+0.986
1630513080,+3.49,+30.000,+15.592,+0.987
1630513140,+3.49,+30.026,+15.628,+0.986
1630513200,+3.49,+30.018,+15.667,+0.986
1630513260,+3.49,+30.018,+15.651,+0.986
1630513320,+3.49,+30.018,+15.575,+0.984
1630513380,+3.49,+29.992,+15.614,+0.988
1630513440,+3.49,+30.018,+15.592,+0.983
1630513500,+3.49,+30.026,+15.612,+0.986
1630513560,+3.49,+30.035,+15.615,+0.985
1630513620,+3.49,+30.043,+15.611,+0.985
1630513680,+3.49,+30.043,+15.643,+0.987
1630513740,+3.49,+30.035,+15.604,+0.986
1630513800,+3.49,+30.052,+15.589,+0.986
1630513860,+3.49,+30.043,+15.480,+0.984
1630513920,+3.49,+30.035,+15.481,+0.985
1630513980,+3.49,+30.043,+15.457,+0.984
1630514040,+3.49,+30.043,+15.511,+0.986
1630514100,+3.49,+30.061,+15.504,+0.986
1630514160,+3.49,+30.078,+15.570,+0.987
1630514220,+3.49,+30.095,+15.587,+0.985
1630514280,+3.49,+30.113,+15.712,+0.987
1630514340,+3.49,+30.121,+15.683,+0.986
1630514400,+3.49,+30.121,+15.703,+0.986
1630514460,+3.49,+30.138,+15.683,+0.984
1630514520,+3.49,+30.156,+15.693,+0.985
1630514580,+3.49,+30.156,+15.720,+0.985
1630514640,+3.49,+30.164,+15.759,+0.987
1630514700,+3.49,+30.156,+15.773,+0.986
1630514760,+3.49,+30.147,+15.721,+0.985
1630514820,+3.49,+30.156,+15.884,+0.986
1630514880,+3.49,+30.130,+15.960,+0.984
1630514940,+3.49,+30.147,+15.974,+0.985
1630515000,+3.49,+30.147,+15.866,+0.985
1630515060,+3.49,+30.147,+15.846,+0.985
1630515120,+3.49,+30.138,+15.874,+0.984
1630515180,+3.49,+30.156,+15.975,+0.987
1630515240,+3.49,+30.173,+15.912,+0.985
1630515300,+3.49,+30.190,+15.863,+0.984
1630515360,+3.49,+30.208,+15.856,+0.985
1630515420,+3.49,+30.242,+15.929,+0.985
1630515480,+3.49,+30.242,+15.994,+0.985
1630515540,+3.48,+30.277,+16.068,+0.986
1630515600,+3.48,+30.277,+16.179,+0.986
1630515660,+3.48,+30.294,+16.295,+0.986
1630515720,+3.49,+30.320,+16.515,+0.986
1630515780,+3.48,+30.329,+16.668,+0.984
1630515840,+3.48,+30.329,+16.808,+0.982
1630515900,+3.49,+30.320,+16.882,+0.986
1630515960,+3.48,+30.337,+16.829,+0.985
1630516020,+3.48,+30.346,+16.848,+0.985
1630516080,+3.48,+30.337,+16.902,+0.988
1630516140,+3.48,+30.363,+17.013,+0.986
1630516200,+3.48,+30.372,+17.038,+0.985
1630516260,+3.48,+30.389,+17.043,+0.985
1630516320,+3.48,+30.398,+17.055,+0.984
1630516380,+3.48,+30.406,+17.080,+0.984
1630516440,+3.48,+30.406,+17.203,+0.985
1630516500,+3.48,+30.441,+17.265,+0.985
1630516560,+3.48,+30.415,+17.239,+0.984
1630516620,+3.48,+30.406,+17.194,+0.985
1630516680,+3.48,+30.415,+17.291,+0.987
1630516740,+3.48,+30.424,+17.253,+0.985
1630516800,+3.48,+30.467,+17.300,+0.985
1630516860,+3.48,+30.484,+17.411,+0.985
1630516920,+3.48,+30.510,+17.550,+0.986
1630516980,+3.48,+30.510,+17.713,+0.985
1630517040,+3.48,+30.528,+17.855,+0.986
1630517100,+3.48,+30.545,+17.932,+0.986
1630517160,+3.48,+30.545,+17.994,+0.985
1630517220,+3.48,+30.510,+17.898,+0.984
1630517280,+3.48,+30.536,+17.951,+0.987
1630517340,+3.48,+30.545,+17.923,+0.985
1630517400,+3.48,+30.562,+18.248,+0.985
1630517460,+3.48,+30.580,+18.517,+0.986
1630517520,+3.48,+30.588,+18.547,+0.985
1630517580,+3.48,+30.606,+18.679,+0.987
1630517640,+3.48,+30.632,+18.718,+0.985
1630517700,+3.48,+30.640,+18.760,+0.985
1630517760,+3.48,+30.649,+18.849,+0.985
1630517820,+3.48,+30.658,+18.909,+0.984
1630517880,+3.48,+30.675,+19.031,+0.986
1630517940,+3.48,+30.692,+19.135,+0.986
1630518000,+3.48,+30.701,+19.106,+0.985
1630518060,+3.48,+30.684,+19.330,+0.988
1630518120,+3.48,+30.710,+19.453,+0.986
1630518180,+3.48,+30.710,+19.592,+0.989
1630518240,+3.48,+30.727,+19.488,+0.985
1630518300,+3.48,+30.744,+19.746,+0.985
1630518360,+3.48,+30.762,+19.674,+0.987
1630518420,+3.48,+30.753,+19.466,+0.986
1630518480,+3.48,+30.744,+19.440,+0.984
1630518540,+3.48,+30.727,+19.715,+0.987
1630518600,+3.48,+30.727,+19.647,+0.984
1630518660,+3.48,+30.762,+19.806,+0.986
1630518720,+3.48,+30.796,+20.020,+0.985
1630518780,+3.48,+30.848,+20.117,+0.987
1630518840,+3.48,+30.883,+20.112,+0.986
1630518900,+3.48,+30.874,+20.159,+0.986
1630518960,+3.48,+30.857,+20.073,+0.986
1630519020,+3.48,+30.840,+20.025,+0.983
1630519080,+3.48,+30.840,+20.038,+0.986
1630519140,+3.48,+30.831,+19.869,+0.986
1630519200,+3.48,+30.840,+19.738,+0.986
1630519260,+3.48,+30.788,+19.675,+0.985
1630519320,+3.48,+30.788,+19.664,+0.985
1630519380,+3.48,+30.848,+19.654,+0.988
1630519440,+3.48,+30.857,+19.553,+0.985
1630519500,+3.48,+30.848,+19.660,+0.986
1630519560,+3.48,+30.874,+19.603,+0.983
1630519620,+3.48,+30.866,+19.843,+0.984
1630519680,+3.48,+30.900,+19.989,+0.986
1630519740,+3.49,+30.927,+20.017,+0.984
1630519800,+3.49,+30.944,+20.048,+0.984
1630519860,+3.49,+30.935,+20.264,+0.984
1630519920,+3.49,+30.918,+20.350,+0.982
1630519980,+3.49,+30.927,+20.447,+0.984
1630520040,+3.49,+30.935,+20.433,+0.986
1630520100,+3.49,+30.927,+20.432,+0.985
1630520160,+3.49,+30.970,+20.600,+0.985
1630520220,+3.49,+31.057,+20.792,+0.985
1630520280,+3.49,+31.092,+20.828,+0.983
1630520340,+3.49,+31.118,+21.155,+0.987
1630520400,+3.49,+31.144,+21.191,+0.985
1630520460,+3.49,+31.152,+21.202,+0.987
1630520520,+3.49,+31.161,+21.320,+0.985
1630520580,+3.49,+31.196,+21.385,+0.987
1630520640,+3.49,+31.179,+21.317,+0.986
1630520700,+3.49,+31.161,+21.174,+0.985
1630520760,+3.49,+31.161,+21.009,+0.985
1630520820,+3.49,+31.144,+21.060,+0.985
1630520880,+3.49,+31.152,+21.112,+0.986
1630520940,+3.49,+31.152,+21.154,+0.982
1630521000,+3.49,+31.187,+21.210,+0.983
1630521060,+3.49,+31.187,+21.245,+0.984
1630521120,+3.49,+31.213,+21.293,+0.984
1630521180,+3.49,+31.231,+21.327,+0.986
1630521240,+3.49,+31.239,+21.269,+0.984
1630521300,+3.49,+31.213,+21.356,+0.984
1630521360,+3.49,+31.231,+21.651,+0.985
1630521420,+3.49,+31.257,+21.906,+0.987
1630521480,+3.49,+31.257,+21.889,+0.984
1630521540,+3.49,+31.283,+21.948,+0.984
1630521600,+3.49,+31.309,+21.963,+0.985
1630521660,+3.49,+31.326,+21.974,+0.984
1630521720,+3.49,+31.361,+22.013,+0.983
1630521780,+3.49,+31.361,+22.131,+0.983
1630521840,+3.49,+31.379,+22.231,+0.985
1630521900,+3.49,+31.361,+22.218,+0.984
1630521960,+3.49,+31.370,+22.302,+0.986
1630522020,+3.49,+31.405,+22.255,+0.986
1630522080,+3.49,+31.422,+22.227,+0.985
1630522140,+3.48,+31.457,+22.300,+0.986
1630522200,+3.48,+31.483,+22.414,+0.986
1630522260,+3.48,+31.483,+22.242,+0.983
1630522320,+3.48,+31.483,+22.299,+0.985
1630522380,+3.48,+31.466,+22.278,+0.984
1630522440,+3.48,+31.457,+22.300,+0.983
1630522500,+3.48,+31.457,+22.382,+0.984
1630522560,+3.48,+31.448,+22.129,+0.984
1630522620,+3.48,+31.475,+21.877,+0.982
1630522680,+3.48,+31.483,+21.803,+0.984
1630522740,+3.49,+31.501,+21.633,+0.983
1630522800,+3.48,+31.518,+21.570,+0.984
1630522860,+3.49,+31.483,+21.547,+0.983
1630522920,+3.49,+31.483,+21.654,+0.986
1630522980,+3.48,+31.483,+21.712,+0.984
1630523040,+3.48,+31.527,+21.875,+0.984
1630523100,+3.48,+31.544,+22.067,+0.986
1630523160,+3.48,+31.579,+22.099,+0.983
1630523220,+3.48,+31.570,+21.992,+0.980
1630523280,+3.48,+31.570,+22.257,+0.983
1630523340,+3.48,+31.553,+22.334,+0.984
1630523400,+3.49,+31.553,+22.417,+0.985
1630523460,+3.48,+31.553,+22.375,+0.983
1630523520,+3.48,+31.562,+22.394,+0.983
1630523580,+3.48,+31.579,+22.407,+0.983
1630523640,+3.48,+31.579,+22.465,+0.983
1630523700,+3.48,+31.562,+22.536,+0.984
1630523760,+3.49,+31.518,+22.590,+0.985
1630523820,+3.49,+31.483,+22.546,+0.985
1630523880,+3.49,+31.492,+22.482,+0.986
1630523940,+3.48,+31.509,+22.298,+0.982
1630524000,+3.48,+31.518,+22.235,+0.983
1630524060,+3.49,+31.518,+22.146,+0.980
1630524120,+3.48,+31.501,+22.222,+0.981
1630524180,+3.49,+31.527,+22.418,+0.985
1630524240,+3.48,+31.562,+22.411,+0.985
1630524300,+3.48,+31.562,+22.427,+0.985
1630524360,+3.48,+31.536,+22.478,+0.984
1630524420,+3.48,+31.597,+22.537,+0.984
1630524480,+3.48,+31.666,+22.601,+0.984
1630524540,+3.48,+31.719,+22.849,+0.986
1630524600,+3.48,+31.771,+23.110,+0.984
1630524660,+3.48,+31.815,+23.335,+0.986
1630524720,+3.48,+31.920,+23.387,+0.984
1630524780,+3.49,+31.990,+23.262,+0.984
1630524840,+3.49,+32.033,+23.059,+0.981
1630524900,+3.49,+32.086,+23.184,+0.985
1630524960,+3.49,+32.077,+23.155,+0.984
1630525020,+3.49,+32.042,+23.088,+0.983
1630525080,+3.48,+32.016,+23.151,+0.984
1630525140,+3.48,+31.998,+23.017,+0.983
1630525200,+3.49,+32.051,+22.803,+0.980
1630525260,+3.49,+32.068,+22.904,+0.985
1630525320,+3.49,+32.086,+22.670,+0.985
1630525380,+3.49,+32.086,+22.161,+0.983
1630525440,+3.49,+32.086,+21.950,+0.985
1630525500,+3.49,+32.103,+21.842,+0.982
1630525560,+3.49,+32.077,+21.602,+0.982
1630525620,+3.49,+32.033,+21.646,+0.982
1630525680,+3.49,+32.051,+21.689,+0.984
1630525740,+3.49,+32.095,+21.684,+0.984
1630525800,+3.49,+32.095,+21.723,+0.984
1630525860,+3.49,+32.130,+21.724,+0.985
1630525920,+3.49,+32.147,+21.533,+0.982
1630525980,+3.49,+32.182,+21.526,+0.982
1630526040,+3.49,+32.191,+21.605,+0.983
1630526100,+3.49,+32.200,+21.670,+0.984
1630526160,+3.49,+32.165,+21.575,+0.981
1630526220,+3.49,+32.209,+21.656,+0.983
1630526280,+3.49,+32.200,+21.772,+0.984
1630526340,+3.49,+32.147,+21.743,+0.984
1630526400,+3.49,+32.103,+21.795,+0.984
1630526460,+3.49,+32.068,+21.819,+0.986
1630526520,+3.49,+32.086,+21.666,+0.983
1630526580,+3.49,+32.051,+21.790,+0.983
1630526640,+3.49,+32.060,+21.713,+0.981
1630526700,+3.49,+32.068,+21.922,+0.986
1630526760,+3.49,+32.033,+21.762,+0.981
1630526820,+3.49,+32.051,+21.853,+0.984
1630526880,+3.49,+32.077,+21.836,+0.983
1630526940,+3.49,+32.042,+21.954,+0.982
1630527000,+3.49,+32.086,+22.038,+0.983
1630527060,+3.49,+32.086,+22.112,+0.983
1630527120,+3.49,+32.095,+22.230,+0.982
1630527180,+3.49,+32.095,+22.415,+0.982
1630527240,+3.49,+32.095,+22.518,+0.982
1630527300,+3.49,+32.103,+22.703,+0.983
1630527360,+3.49,+32.139,+22.750,+0.982
1630527420,+3.49,+32.217,+22.820,+0.984
1630527480,+3.49,+32.252,+22.814,+0.984
1630527540,+3.49,+32.287,+22.808,+0.983
1630527600,+3.49,+32.296,+22.768,+0.981
1630527660,+3.49,+32.340,+23.015,+0.986
1630527720,+3.49,+32.349,+22.919,+0.984
1630527780,+3.49,+32.358,+22.988,+0.984
1630527840,+3.49,+32.358,+23.017,+0.982
1630527900,+3.49,+32.401,+22.996,+0.982
1630527960,+3.49,+32.437,+23.230,+0.986
1630528020,+3.49,+32.480,+23.152,+0.985
1630528080,+3.49,+32.489,+22.937,+0.980
1630528140,+3.49,+32.498,+23.063,+0.986
1630528200,+3.49,+32.480,+22.832,+0.980
1630528260,+3.49,+32.480,+22.865,+0.984
1630528320,+3.49,+32.489,+22.840,+0.985
1630528380,+3.49,+32.480,+22.875,+0.983
1630528440,+3.49,+32.454,+23.050,+0.984
1630528500,+3.49,+32.401,+23.057,+0.986
1630528560,+3.49,+32.331,+23.118,+0.984
1630528620,+3.49,+32.349,+23.183,+0.982
1630528680,+3.49,+32.445,+23.284,+0.984
1630528740,+3.49,+32.524,+23.247,+0.984
1630528800,+3.49,+32.568,+23.077,+0.981
1630528860,+3.49,+32.639,+23.096,+0.980
1630528920,+3.49,+32.621,+23.067,+0.982
1630528980,+3.49,+32.621,+22.937,+0.981
1630529040,+3.49,+32.595,+22.843,+0.982
1630529100,+3.49,+32.568,+22.743,+0.981
1630529160,+3.49,+32.577,+22.649,+0.979
1630529220,+3.49,+32.533,+22.739,+0.982
1630529280,+3.49,+32.516,+22.706,+0.983
1630529340,+3.49,+32.507,+22.675,+0.983
1630529400,+3.49,+32.524,+22.753,+0.984
1630529460,+3.49,+32.542,+22.902,+0.987
1630529520,+3.49,+32.524,+22.736,+0.983
1630529580,+3.49,+32.533,+22.712,+0.982
1630529640,+3.49,+32.603,+22.774,+0.981
1630529700,+3.49,+32.656,+22.965,+0.983
1630529760,+3.49,+32.682,+22.832,+0.979
1630529820,+3.48,+32.762,+22.885,+0.981
1630529880,+3.48,+32.797,+22.850,+0.982
1630529940,+3.48,+32.770,+22.789,+0.978
1630530000,+3.49,+32.797,+22.905,+0.983
1630530060,+3.49,+32.779,+22.764,+0.979
1630530120,+3.49,+32.744,+22.856,+0.984
1630530180,+3.49,+32.735,+22.827,+0.983
1630530240,+3.49,+32.744,+22.803,+0.982
1630530300,+3.49,+32.735,+22.835,+0.983
1630530360,+3.49,+32.744,+22.889,+0.980
1630530420,+3.49,+32.709,+22.931,+0.982
1630530480,+3.49,+32.647,+23.116,+0.982
1630530540,+3.49,+32.603,+23.212,+0.983
1630530600,+3.49,+32.612,+23.169,+0.982
1630530660,+3.49,+32.612,+23.262,+0.984
1630530720,+3.49,+32.621,+23.296,+0.983
1630530780,+3.49,+32.674,+23.288,+0.983
1630530840,+3.49,+32.700,+23.118,+0.981
1630530900,+3.49,+32.691,+23.158,+0.984
1630530960,+3.49,+32.718,+23.011,+0.980
1630531020,+3.49,+32.735,+23.101,+0.982
1630531080,+3.49,+32.762,+23.058,+0.979
1630531140,+3.48,+32.806,+23.214,+0.983
1630531200,+3.48,+32.841,+23.149,+0.984
1630531260,+3.48,+32.832,+23.184,+0.984
1630531320,+3.49,+32.841,+23.277,+0.983
1630531380,+3.48,+32.858,+23.220,+0.980
1630531440,+3.48,+32.858,+23.266,+0.982
1630531500,+3.48,+32.858,+23.313,+0.983
1630531560,+3.48,+32.858,+23.353,+0.983
1630531620,+3.48,+32.850,+23.332,+0.982
1630531680,+3.49,+32.832,+23.188,+0.981
1630531740,+3.49,+32.814,+23.324,+0.984
1630531800,+3.49,+32.770,+23.194,+0.981
1630531860,+3.49,+32.770,+23.308,+0.982
1630531920,+3.49,+32.797,+23.129,+0.979
1630531980,+3.49,+32.841,+23.391,+0.980
1630532040,+3.48,+32.902,+23.477,+0.981
1630532100,+3.48,+32.929,+23.262,+0.978
1630532160,+3.48,+32.911,+23.445,+0.983
1630532220,+3.48,+32.938,+23.302,+0.980
1630532280,+3.48,+32.938,+23.354,+0.984
1630532340,+3.48,+32.982,+23.162,+0.980
1630532400,+3.48,+32.982,+23.236,+0.982
1630532460,+3.48,+33.043,+23.085,+0.982
1630532520,+3.48,+32.999,+23.068,+0.982
1630532580,+3.48,+32.991,+23.084,+0.982
1630532640,+3.48,+32.973,+23.100,+0.980
1630532700,+3.48,+32.973,+22.948,+0.979
1630532760,+3.48,+32.946,+22.908,+0.980
1630532820,+3.49,+32.929,+22.939,+0.980
1630532880,+3.49,+32.938,+22.902,+0.981
1630532940,+3.49,+32.902,+22.965,+0.981
1630533000,+3.48,+32.946,+22.950,+0.983
1630533060,+3.49,+32.929,+22.796,+0.981
1630533120,+3.49,+32.911,+22.928,+0.983
1630533180,+3.48,+32.938,+22.921,+0.982
1630533240,+3.48,+32.929,+22.823,+0.982
1630533300,+3.48,+32.938,+22.808,+0.981
1630533360,+3.49,+32.911,+22.874,+0.981
1630533420,+3.48,+32.991,+22.834,+0.983
1630533480,+3.48,+33.026,+22.856,+0.983
1630533540,+3.48,+33.052,+22.770,+0.985
1630533600,+3.48,+33.070,+22.697,+0.981
1630533660,+3.49,+33.140,+22.474,+0.980
1630533720,+3.49,+33.184,+22.443,+0.981
1630533780,+3.49,+33.193,+22.510,+0.980
1630533840,+3.49,+33.140,+22.890,+0.982
1630533900,+3.49,+33.123,+22.896,+0.980
1630533960,+3.49,+33.070,+23.042,+0.979
1630534020,+3.48,+32.991,+23.066,+0.981
1630534080,+3.49,+32.929,+23.023,+0.981
1630534140,+3.49,+32.929,+23.242,+0.983
1630534200,+3.49,+32.832,+23.364,+0.982
1630534260,+3.49,+32.867,+23.512,+0.981
1630534320,+3.49,+32.929,+23.616,+0.983
1630534380,+3.49,+32.929,+23.548,+0.981
1630534440,+3.49,+32.929,+23.615,+0.983
1630534500,+3.48,+32.991,+23.720,+0.986
1630534560,+3.49,+33.008,+23.552,+0.981
1630534620,+3.49,+33.052,+23.540,+0.981
1630534680,+3.49,+33.105,+23.412,+0.980
1630534740,+3.49,+33.140,+23.305,+0.980
1630534800,+3.49,+33.132,+23.387,+0.983
1630534860,+3.49,+33.167,+23.317,+0.980
1630534920,+3.49,+33.149,+23.227,+0.981
1630534980,+3.49,+33.096,+23.333,+0.982
1630535040,+3.49,+33.061,+23.498,+0.983
1630535100,+3.49,+32.955,+23.588,+0.982
1630535160,+3.49,+32.964,+23.845,+0.981
1630535220,+3.49,+32.982,+23.979,+0.982
1630535280,+3.48,+32.964,+24.077,+0.983
1630535340,+3.49,+32.938,+23.998,+0.983
1630535400,+3.49,+32.911,+23.892,+0.982
1630535460,+3.49,+32.982,+24.043,+0.982
1630535520,+3.49,+33.052,+23.991,+0.983
1630535580,+3.49,+33.026,+23.707,+0.980
1630535640,+3.49,+32.999,+23.559,+0.981
1630535700,+3.49,+32.973,+23.600,+0.980
1630535760,+3.49,+32.982,+23.849,+0.983
1630535820,+3.49,+33.087,+23.825,+0.983
1630535880,+3.49,+33.105,+23.890,+0.981
1630535940,+3.49,+33.176,+23.815,+0.982
1630536000,+3.49,+33.193,+23.738,+0.982
1630536060,+3.49,+33.202,+23.546,+0.980
1630536120,+3.49,+33.229,+23.374,+0.980
1630536180,+3.49,+33.220,+23.130,+0.980
1630536240,+3.49,+33.211,+23.422,+0.982
1630536300,+3.49,+33.193,+23.425,+0.982
1630536360,+3.49,+33.149,+23.436,+0.978
1630536420,+3.49,+33.140,+23.651,+0.982
1630536480,+3.49,+33.140,+23.694,+0.981
1630536540,+3.49,+33.193,+23.733,+0.984
1630536600,+3.49,+33.149,+23.780,+0.982
1630536660,+3.49,+33.193,+24.746,+0.983
1630536720,+3.49,+33.193,+24.910,+0.982
1630536780,+3.49,+33.202,+24.937,+0.979
1630536840,+3.49,+33.255,+25.064,+0.983
1630536900,+3.49,+33.290,+25.050,+0.985
1630536960,+3.49,+33.352,+24.931,+0.982
1630537020,+3.49,+33.396,+24.837,+0.982
1630537080,+3.49,+33.423,+24.689,+0.980
1630537140,+3.49,+33.396,+24.808,+0.983
1630537200,+3.49,+33.396,+24.812,+0.982
1630537260,+3.49,+33.396,+24.776,+0.982
1630537320,+3.49,+33.317,+25.148,+0.982
1630537380,+3.49,+33.352,+25.225,+0.981
1630537440,+3.49,+33.308,+25.126,+0.980
1630537500,+3.49,+33.361,+25.232,+0.981
1630537560,+3.49,+33.343,+25.229,+0.984
1630537620,+3.49,+33.246,+25.001,+0.982
1630537680,+3.49,+33.184,+25.029,+0.978
1630537740,+3.49,+33.202,+25.243,+0.981
1630537800,+3.49,+33.167,+25.129,+0.981
1630537860,+3.49,+33.114,+25.022,+0.981
1630537920,+3.49,+33.096,+25.066,+0.983
1630537980,+3.49,+33.114,+24.838,+0.982
1630538040,+3.49,+33.114,+25.236,+0.983
1630538100,+3.49,+33.132,+25.132,+0.981
1630538160,+3.49,+33.123,+25.016,+0.981
1630538220,+3.49,+33.114,+24.814,+0.979
1630538280,+3.49,+33.061,+24.606,+0.979
1630538340,+3.49,+33.035,+24.551,+0.980
1630538400,+3.49,+32.999,+24.623,+0.984
1630538460,+3.49,+33.008,+24.458,+0.983
1630538520,+3.49,+33.043,+24.332,+0.982
1630538580,+3.49,+33.087,+24.396,+0.983
1630538640,+3.49,+33.105,+24.409,+0.982
1630538700,+3.49,+33.140,+24.381,+0.979
1630538760,+3.49,+33.167,+24.510,+0.982
1630538820,+3.49,+33.193,+24.522,+0.980
1630538880,+3.49,+33.211,+24.565,+0.981
1630538940,+3.49,+33.193,+24.555,+0.981
1630539000,+3.49,+33.149,+24.445,+0.979
1630539060,+3.49,+33.158,+24.587,+0.982
1630539120,+3.49,+33.176,+24.559,+0.980
1630539180,+3.49,+33.167,+24.546,+0.982
1630539240,+3.49,+33.140,+24.624,+0.982
1630539300,+3.49,+33.114,+24.537,+0.983
1630539360,+3.49,+33.079,+24.462,+0.983
1630539420,+3.49,+33.105,+24.329,+0.982
1630539480,+3.49,+33.149,+24.067,+0.980
1630539540,+3.49,+33.140,+24.113,+0.982
1630539600,+3.49,+33.140,+24.195,+0.984
1630539660,+3.49,+33.158,+24.313,+0.979
1630539720,+3.49,+33.123,+24.673,+0.983
1630539780,+3.49,+33.114,+25.132,+0.982
1630539840,+3.49,+33.123,+25.119,+0.980
1630539900,+3.49,+33.123,+25.148,+0.982
1630539960,+3.49,+33.132,+25.078,+0.982
1630540020,+3.49,+33.167,+25.020,+0.984
1630540080,+3.49,+33.176,+24.785,+0.980
1630540140,+3.49,+33.176,+24.851,+0.979
1630540200,+3.49,+33.202,+24.969,+0.983
1630540260,+3.49,+33.220,+24.733,+0.981
1630540320,+3.49,+33.202,+24.679,+0.981
1630540380,+3.49,+33.193,+24.458,+0.979
1630540440,+3.49,+33.158,+24.516,+0.983
1630540500,+3.49,+33.149,+24.433,+0.982
1630540560,+3.49,+33.140,+24.343,+0.984
1630540620,+3.49,+33.132,+24.363,+0.983
1630540680,+3.49,+33.105,+24.311,+0.981
1630540740,+3.49,+33.123,+24.296,+0.981
1630540800,+3.49,+33.105,+24.340,+0.982
1630540860,+3.49,+33.123,+24.352,+0.982
1630540920,+3.49,+33.114,+24.296,+0.980
1630540980,+3.49,+33.132,+24.442,+0.983
1630541040,+3.49,+33.158,+24.403,+0.982
1630541100,+3.49,+33.184,+24.546,+0.982
1630541160,+3.49,+33.202,+24.672,+0.982
1630541220,+3.49,+33.176,+24.606,+0.983
1630541280,+3.49,+33.184,+24.417,+0.982
1630541340,+3.49,+33.193,+24.363,+0.982
1630541400,+3.49,+33.158,+24.369,+0.985
1630541460,+3.49,+33.167,+24.301,+0.983
1630541520,+3.49,+33.140,+24.458,+0.983
1630541580,+3.49,+33.096,+24.454,+0.978
1630541640,+3.49,+33.105,+24.606,+0.982
1630541700,+3.49,+33.087,+24.517,+0.981
1630541760,+3.49,+33.079,+24.594,+0.984
1630541820,+3.49,+33.087,+24.412,+0.982
1630541880,+3.49,+33.087,+24.415,+0.984
1630541940,+3.49,+33.096,+24.219,+0.980
1630542000,+3.49,+33.132,+24.157,+0.981
1630542060,+3.49,+33.114,+24.249,+0.984
1630542120,+3.49,+33.105,+24.025,+0.980
1630542180,+3.49,+33.114,+24.096,+0.983
1630542240,+3.49,+33.123,+23.934,+0.980
1630542300,+3.49,+33.140,+23.835,+0.980
1630542360,+3.49,+33.140,+23.851,+0.982
1630542420,+3.49,+33.140,+23.889,+0.984
1630542480,+3.49,+33.140,+23.705,+0.981
1630542540,+3.49,+33.123,+23.714,+0.983
1630542600,+3.49,+33.132,+23.600,+0.979
1630542660,+3.49,+33.158,+23.718,+0.983
1630542720,+3.49,+33.114,+23.559,+0.981
1630542780,+3.49,+33.123,+23.725,+0.986
1630542840,+3.49,+33.105,+23.475,+0.979
1630542900,+3.49,+33.114,+23.575,+0.982
1630542960,+3.49,+33.114,+23.534,+0.982
1630543020,+3.49,+33.105,+23.451,+0.981
1630543080,+3.49,+33.079,+23.313,+0.979
1630543140,+3.49,+33.043,+23.276,+0.980
1630543200,+3.49,+33.043,+23.329,+0.983
1630543260,+3.49,+33.052,+23.256,+0.981
1630543320,+3.49,+33.035,+23.303,+0.985
1630543380,+3.49,+33.026,+23.192,+0.984
1630543440,+3.49,+33.035,+23.173,+0.985
1630543500,+3.49,+33.035,+22.977,+0.981
1630543560,+3.49,+33.043,+23.003,+0.984
1630543620,+3.49,+33.052,+22.926,+0.981
1630543680,+3.49,+33.043,+23.503,+0.982
1630543740,+3.49,+33.061,+23.563,+0.982
1630543800,+3.49,+33.061,+23.538,+0.984
1630543860,+3.49,+33.070,+23.429,+0.984
1630543920,+3.49,+33.070,+23.312,+0.982
1630543980,+3.49,+33.061,+23.249,+0.982
1630544040,+3.49,+33.096,+23.138,+0.980
1630544100,+3.49,+33.052,+23.191,+0.985
1630544160,+3.49,+33.052,+23.144,+0.983
1630544220,+3.49,+33.043,+23.105,+0.982
1630544280,+3.49,+33.043,+23.121,+0.983
1630544340,+3.49,+33.043,+23.192,+0.982
1630544400,+3.49,+33.052,+23.156,+0.982
1630544460,+3.49,+33.035,+23.205,+0.984
1630544520,+3.49,+33.052,+23.192,+0.984
1630544580,+3.49,+33.070,+22.969,+0.982
1630544640,+3.49,+33.052,+22.952,+0.983
1630544700,+3.49,+33.026,+23.741,+0.983
1630544760,+3.49,+33.017,+24.022,+0.984
1630544820,+3.49,+33.052,+23.976,+0.984
1630544880,+3.49,+33.052,+23.838,+0.984
1630544940,+3.49,+33.043,+23.621,+0.980
