7450-387970
OS REV: 1.05 Sensor Cal: 1615486469
Time (sec),  BV (Volts),  T (deg C),  DO (mg/l),  Q ()
1630113000,+3.49,+32.516,+14.596,+0.984
1630113060,+3.49,+32.595,+15.136,+0.984
1630113120,+3.49,+32.621,+15.641,+0.985
1630113180,+3.49,+32.682,+16.284,+0.984
1630113240,+3.49,+32.700,+16.740,+0.985
1630113300,+3.49,+32.718,+16.613,+0.983
1630113360,+3.49,+32.639,+15.132,+0.984
1630113420,+3.49,+32.524,+13.280,+0.981
1630113480,+3.49,+32.533,+13.280,+0.982
1630113540,+3.49,+32.507,+13.221,+0.982
1630113600,+3.49,+32.551,+14.390,+0.984
1630113660,+3.49,+32.559,+14.876,+0.983
1630113720,+3.49,+32.533,+14.675,+0.984
1630113780,+3.49,+32.533,+14.993,+0.983
1630113840,+3.49,+32.542,+15.335,+0.982
1630113900,+3.49,+32.533,+14.918,+0.981
1630113960,+3.49,+32.472,+13.814,+0.983
1630114020,+3.49,+32.454,+12.771,+0.981
1630114080,+3.49,+32.401,+11.990,+0.984
1630114140,+3.49,+32.401,+11.876,+0.982
1630114200,+3.49,+32.401,+11.701,+0.982
1630114260,+3.49,+32.428,+11.733,+0.982
1630114320,+3.49,+32.437,+12.035,+0.982
1630114380,+3.49,+32.445,+12.793,+0.983
1630114440,+3.49,+32.445,+12.375,+0.983
1630114500,+3.49,+32.410,+11.876,+0.981
1630114560,+3.49,+32.375,+11.657,+0.981
1630114620,+3.49,+32.384,+11.637,+0.981
1630114680,+3.49,+32.384,+11.581,+0.983
1630114740,+3.49,+32.393,+11.867,+0.981
1630114800,+3.49,+32.410,+12.391,+0.982
1630114860,+3.49,+32.419,+12.690,+0.982
1630114920,+3.49,+32.384,+12.719,+0.983
1630114980,+3.49,+32.366,+12.070,+0.983
1630115040,+3.49,+32.375,+12.163,+0.982
1630115100,+3.49,+32.366,+11.844,+0.982
1630115160,+3.49,+32.375,+12.293,+0.983
1630115220,+3.49,+32.366,+12.272,+0.983
1630115280,+3.49,+32.331,+11.928,+0.983
1630115340,+3.49,+32.340,+11.773,+0.982
1630115400,+3.49,+32.358,+13.192,+0.983
1630115460,+3.49,+32.358,+13.198,+0.983
1630115520,+3.49,+32.358,+12.879,+0.982
1630115580,+3.49,+32.358,+12.403,+0.984
1630115640,+3.49,+32.358,+12.281,+0.983
1630115700,+3.49,+32.366,+12.494,+0.982
1630115760,+3.49,+32.340,+12.013,+0.982
1630115820,+3.49,+32.340,+11.823,+0.982
1630115880,+3.49,+32.314,+11.773,+0.982
1630115940,+3.49,+32.314,+11.781,+0.982
1630116000,+3.49,+32.340,+11.860,+0.983
1630116060,+3.49,+32.331,+12.175,+0.982
1630116120,+3.49,+32.366,+13.027,+0.982
1630116180,+3.49,+32.401,+14.229,+0.985
1630116240,+3.49,+32.358,+14.484,+0.984
1630116300,+3.49,+32.340,+13.822,+0.982
1630116360,+3.49,+32.323,+13.384,+0.982
1630116420,+3.49,+32.323,+12.943,+0.983
1630116480,+3.49,+32.296,+12.086,+0.982
1630116540,+3.49,+32.296,+12.968,+0.983
1630116600,+3.49,+32.305,+14.412,+0.984
1630116660,+3.49,+32.323,+14.638,+0.983
1630116720,+3.49,+32.323,+14.873,+0.985
1630116780,+3.49,+32.323,+15.042,+0.984
1630116840,+3.49,+32.331,+15.096,+0.983
1630116900,+3.49,+32.314,+15.033,+0.982
1630116960,+3.49,+32.314,+14.726,+0.984
1630117020,+3.49,+32.296,+14.432,+0.984
1630117080,+3.49,+32.296,+14.042,+0.983
1630117140,+3.49,+32.287,+13.823,+0.983
1630117200,+3.49,+32.279,+13.666,+0.983
1630117260,+3.49,+32.287,+13.436,+0.983
1630117320,+3.49,+32.252,+13.118,+0.983
1630117380,+3.49,+32.261,+12.734,+0.983
1630117440,+3.49,+32.244,+12.675,+0.982
1630117500,+3.49,+32.226,+13.228,+0.984
1630117560,+3.49,+32.235,+13.845,+0.983
1630117620,+3.49,+32.217,+14.135,+0.984
1630117680,+3.49,+32.226,+14.163,+0.982
1630117740,+3.49,+32.209,+14.328,+0.984
1630117800,+3.49,+32.191,+14.355,+0.984
1630117860,+3.49,+32.182,+14.237,+0.984
1630117920,+3.49,+32.200,+14.126,+0.983
1630117980,+3.49,+32.182,+13.973,+0.984
1630118040,+3.49,+32.174,+13.638,+0.981
1630118100,+3.49,+32.165,+13.493,+0.983
1630118160,+3.49,+32.165,+13.673,+0.982
1630118220,+3.49,+32.147,+13.765,+0.983
1630118280,+3.49,+32.139,+13.746,+0.984
1630118340,+3.49,+32.121,+13.713,+0.984
1630118400,+3.49,+32.121,+14.099,+0.983
1630118460,+3.49,+32.112,+14.221,+0.984
1630118520,+3.49,+32.103,+14.331,+0.984
1630118580,+3.49,+32.103,+14.305,+0.984
1630118640,+3.50,+32.077,+14.339,+0.985
1630118700,+3.49,+32.077,+14.334,+0.985
1630118760,+3.49,+32.060,+14.343,+0.985
1630118820,+3.49,+32.068,+14.179,+0.983
1630118880,+3.49,+32.060,+14.046,+0.985
1630118940,+3.49,+32.051,+13.921,+0.983
1630119000,+3.49,+32.051,+13.652,+0.984
1630119060,+3.49,+32.025,+13.735,+0.984
1630119120,+3.49,+32.025,+13.884,+0.984
1630119180,+3.49,+32.007,+13.967,+0.983
1630119240,+3.49,+32.016,+13.982,+0.984
1630119300,+3.49,+32.016,+13.714,+0.985
1630119360,+3.49,+31.990,+13.779,+0.984
1630119420,+3.49,+31.990,+13.951,+0.983
1630119480,+3.49,+31.981,+13.964,+0.985
1630119540,+3.49,+31.990,+13.941,+0.985
1630119600,+3.49,+31.963,+13.883,+0.984
1630119660,+3.49,+31.972,+13.896,+0.983
1630119720,+3.49,+31.963,+13.969,+0.984
1630119780,+3.49,+31.955,+13.923,+0.985
1630119840,+3.49,+31.937,+13.838,+0.984
1630119900,+3.49,+31.946,+13.804,+0.984
1630119960,+3.49,+31.928,+13.835,+0.984
1630120020,+3.49,+31.920,+13.831,+0.984
1630120080,+3.49,+31.911,+13.829,+0.984
1630120140,+3.49,+31.911,+13.730,+0.984
1630120200,+3.49,+31.902,+13.647,+0.984
1630120260,+3.49,+31.894,+13.625,+0.983
1630120320,+3.49,+31.894,+13.230,+0.983
1630120380,+3.49,+31.894,+13.321,+0.985
1630120440,+3.49,+31.894,+13.349,+0.984
1630120500,+3.49,+31.885,+13.402,+0.985
1630120560,+3.49,+31.885,+13.389,+0.985
1630120620,+3.49,+31.867,+13.402,+0.984
1630120680,+3.49,+31.867,+13.297,+0.982
1630120740,+3.49,+31.859,+13.322,+0.982
1630120800,+3.49,+31.859,+13.473,+0.985
1630120860,+3.49,+31.832,+13.506,+0.983
1630120920,+3.49,+31.832,+13.481,+0.983
1630120980,+3.49,+31.832,+13.444,+0.985
1630121040,+3.49,+31.824,+13.464,+0.985
1630121100,+3.49,+31.824,+13.432,+0.983
1630121160,+3.49,+31.815,+13.406,+0.984
1630121220,+3.49,+31.815,+13.339,+0.985
1630121280,+3.49,+31.780,+13.162,+0.984
1630121340,+3.49,+31.780,+13.055,+0.984
1630121400,+3.49,+31.780,+13.008,+0.984
1630121460,+3.49,+31.771,+12.936,+0.985
1630121520,+3.49,+31.762,+12.719,+0.984
1630121580,+3.49,+31.762,+12.687,+0.984
1630121640,+3.49,+31.754,+12.729,+0.984
1630121700,+3.49,+31.736,+12.810,+0.985
1630121760,+3.49,+31.719,+12.879,+0.986
1630121820,+3.49,+31.719,+12.879,+0.984
1630121880,+3.49,+31.719,+12.873,+0.984
1630121940,+3.49,+31.719,+12.801,+0.985
1630122000,+3.49,+31.710,+12.691,+0.984
1630122060,+3.49,+31.701,+12.649,+0.983
1630122120,+3.49,+31.710,+12.688,+0.984
1630122180,+3.49,+31.710,+12.617,+0.984
1630122240,+3.49,+31.675,+12.631,+0.984
1630122300,+3.49,+31.675,+12.682,+0.985
1630122360,+3.49,+31.658,+12.647,+0.985
1630122420,+3.49,+31.658,+12.565,+0.984
1630122480,+3.49,+31.623,+12.604,+0.985
1630122540,+3.49,+31.632,+12.629,+0.985
1630122600,+3.49,+31.623,+12.652,+0.984
1630122660,+3.49,+31.623,+12.641,+0.984
1630122720,+3.49,+31.632,+12.583,+0.984
1630122780,+3.49,+31.623,+12.510,+0.984
1630122840,+3.49,+31.632,+12.425,+0.984
1630122900,+3.49,+31.623,+12.408,+0.984
1630122960,+3.49,+31.623,+12.360,+0.985
1630123020,+3.49,+31.605,+12.278,+0.984
1630123080,+3.49,+31.597,+12.085,+0.985
1630123140,+3.49,+31.588,+11.800,+0.983
1630123200,+3.49,+31.588,+11.745,+0.984
1630123260,+3.49,+31.588,+11.744,+0.984
1630123320,+3.49,+31.579,+11.722,+0.983
1630123380,+3.49,+31.588,+11.580,+0.983
1630123440,+3.49,+31.562,+11.542,+0.984
1630123500,+3.49,+31.536,+11.506,+0.984
1630123560,+3.49,+31.553,+11.503,+0.984
1630123620,+3.49,+31.536,+11.746,+0.984
1630123680,+3.49,+31.536,+11.862,+0.985
1630123740,+3.49,+31.527,+11.818,+0.985
1630123800,+3.49,+31.527,+11.767,+0.984
1630123860,+3.49,+31.518,+11.697,+0.983
1630123920,+3.49,+31.527,+11.655,+0.984
1630123980,+3.49,+31.501,+11.712,+0.984
1630124040,+3.49,+31.492,+11.745,+0.985
1630124100,+3.49,+31.492,+11.623,+0.983
1630124160,+3.49,+31.483,+11.542,+0.984
1630124220,+3.49,+31.475,+11.590,+0.984
1630124280,+3.49,+31.475,+11.552,+0.983
1630124340,+3.49,+31.466,+11.634,+0.985
1630124400,+3.49,+31.457,+11.638,+0.984
1630124460,+3.49,+31.466,+11.547,+0.984
1630124520,+3.49,+31.448,+11.468,+0.984
1630124580,+3.49,+31.457,+11.344,+0.983
1630124640,+3.49,+31.448,+11.259,+0.984
1630124700,+3.49,+31.440,+11.204,+0.983
1630124760,+3.49,+31.440,+11.242,+0.984
1630124820,+3.49,+31.422,+11.276,+0.984
1630124880,+3.49,+31.422,+11.318,+0.985
1630124940,+3.49,+31.431,+11.288,+0.983
1630125000,+3.49,+31.414,+11.280,+0.985
1630125060,+3.49,+31.414,+11.277,+0.984
1630125120,+3.49,+31.387,+11.296,+0.984
1630125180,+3.49,+31.396,+11.357,+0.984
1630125240,+3.49,+31.405,+11.373,+0.984
1630125300,+3.49,+31.387,+11.327,+0.984
1630125360,+3.49,+31.379,+11.270,+0.984
1630125420,+3.49,+31.370,+11.237,+0.985
1630125480,+3.49,+31.361,+11.138,+0.984
1630125540,+3.49,+31.361,+11.212,+0.986
1630125600,+3.49,+31.361,+11.147,+0.984
1630125660,+3.49,+31.379,+11.038,+0.983
1630125720,+3.49,+31.361,+11.033,+0.984
1630125780,+3.49,+31.335,+10.990,+0.986
1630125840,+3.49,+31.361,+10.850,+0.984
1630125900,+3.49,+31.353,+10.845,+0.983
1630125960,+3.49,+31.335,+10.914,+0.985
1630126020,+3.49,+31.326,+10.853,+0.984
1630126080,+3.49,+31.326,+10.875,+0.983
1630126140,+3.49,+31.318,+10.878,+0.985
1630126200,+3.49,+31.309,+10.877,+0.985
1630126260,+3.49,+31.300,+10.843,+0.984
1630126320,+3.49,+31.292,+10.811,+0.984
1630126380,+3.49,+31.292,+10.730,+0.984
1630126440,+3.49,+31.283,+10.702,+0.984
1630126500,+3.49,+31.318,+10.605,+0.984
1630126560,+3.49,+31.292,+10.522,+0.984
1630126620,+3.49,+31.283,+10.527,+0.985
1630126680,+3.49,+31.274,+10.544,+0.984
1630126740,+3.49,+31.266,+10.460,+0.984
1630126800,+3.49,+31.257,+10.385,+0.984
1630126860,+3.49,+31.266,+10.390,+0.985
1630126920,+3.49,+31.274,+10.354,+0.984
1630126980,+3.49,+31.257,+10.334,+0.985
1630127040,+3.49,+31.266,+10.144,+0.984
1630127100,+3.49,+31.239,+10.194,+0.985
1630127160,+3.49,+31.257,+10.122,+0.983
1630127220,+3.49,+31.239,+10.214,+0.984
1630127280,+3.49,+31.231,+10.207,+0.983
1630127340,+3.49,+31.239,+10.002,+0.984
1630127400,+3.49,+31.213, +9.818,+0.984
1630127460,+3.49,+31.222, +9.698,+0.984
1630127520,+3.49,+31.231, +9.708,+0.985
1630127580,+3.49,+31.213, +9.623,+0.984
1630127640,+3.49,+31.213, +9.734,+0.984
1630127700,+3.49,+31.205, +9.759,+0.984
1630127760,+3.49,+31.222, +9.834,+0.984
1630127820,+3.49,+31.205, +9.774,+0.984
1630127880,+3.49,+31.187, +9.729,+0.984
1630127940,+3.49,+31.187, +9.790,+0.984
1630128000,+3.49,+31.170, +9.635,+0.983
1630128060,+3.49,+31.196, +9.582,+0.984
1630128120,+3.49,+31.187, +9.487,+0.983
1630128180,+3.49,+31.179, +9.392,+0.984
1630128240,+3.49,+31.179, +9.360,+0.983
1630128300,+3.49,+31.187, +9.339,+0.983
1630128360,+3.49,+31.161, +9.310,+0.984
1630128420,+3.49,+31.170, +9.290,+0.984
1630128480,+3.49,+31.152, +9.270,+0.984
1630128540,+3.49,+31.161, +9.188,+0.983
1630128600,+3.49,+31.144, +9.180,+0.984
1630128660,+3.49,+31.126, +9.067,+0.984
1630128720,+3.49,+31.152, +9.000,+0.983
1630128780,+3.49,+31.135, +9.113,+0.984
1630128840,+3.49,+31.118, +9.257,+0.984
1630128900,+3.49,+31.126, +9.376,+0.984
1630128960,+3.49,+31.109, +9.438,+0.984
1630129020,+3.49,+31.118, +9.375,+0.985
1630129080,+3.49,+31.109, +9.301,+0.984
1630129140,+3.49,+31.092, +9.344,+0.984
1630129200,+3.49,+31.092, +9.250,+0.984
1630129260,+3.49,+31.074, +9.188,+0.984
1630129320,+3.49,+31.083, +9.308,+0.985
1630129380,+3.49,+31.083, +9.278,+0.984
1630129440,+3.49,+31.074, +9.263,+0.984
1630129500,+3.49,+31.057, +9.211,+0.983
1630129560,+3.49,+31.065, +9.209,+0.984
1630129620,+3.49,+31.057, +9.185,+0.984
1630129680,+3.49,+31.057, +9.119,+0.983
1630129740,+3.50,+31.057, +9.082,+0.984
1630129800,+3.49,+31.057, +9.052,+0.984
1630129860,+3.50,+31.031, +8.949,+0.983
1630129920,+3.50,+31.022, +8.804,+0.982
1630129980,+3.50,+31.031, +8.821,+0.983
1630130040,+3.50,+31.039, +8.822,+0.984
1630130100,+3.50,+31.022, +8.963,+0.985
1630130160,+3.50,+31.013, +8.998,+0.983
1630130220,+3.50,+31.005, +8.986,+0.983
1630130280,+3.49,+31.005, +8.939,+0.983
1630130340,+3.49,+30.996, +8.936,+0.983
1630130400,+3.49,+30.979, +8.929,+0.984
1630130460,+3.49,+30.979, +8.982,+0.984
1630130520,+3.49,+30.987, +8.951,+0.984
1630130580,+3.49,+30.987, +8.983,+0.983
1630130640,+3.49,+30.987, +8.955,+0.984
1630130700,+3.49,+30.970, +8.927,+0.984
1630130760,+3.50,+30.970, +8.780,+0.984
1630130820,+3.49,+30.970, +8.825,+0.984
1630130880,+3.50,+30.961, +8.772,+0.983
1630130940,+3.49,+30.961, +8.662,+0.984
1630131000,+3.49,+30.953, +8.558,+0.984
1630131060,+3.49,+30.953, +8.515,+0.984
1630131120,+3.49,+30.935, +8.527,+0.983
1630131180,+3.49,+30.944, +8.605,+0.984
1630131240,+3.49,+30.961, +8.591,+0.983
1630131300,+3.49,+30.953, +8.542,+0.984
1630131360,+3.49,+30.927, +8.576,+0.984
1630131420,+3.49,+30.918, +8.555,+0.984
1630131480,+3.49,+30.918, +8.528,+0.983
1630131540,+3.49,+30.909, +8.510,+0.983
1630131600,+3.49,+30.927, +8.481,+0.985
1630131660,+3.49,+30.909, +8.429,+0.983
1630131720,+3.49,+30.909, +8.430,+0.983
1630131780,+3.49,+30.909, +8.351,+0.984
1630131840,+3.49,+30.900, +8.327,+0.984
1630131900,+3.49,+30.900, +8.336,+0.983
1630131960,+3.49,+30.892, +8.243,+0.984
1630132020,+3.49,+30.883, +8.064,+0.983
1630132080,+3.49,+30.900, +7.971,+0.984
1630132140,+3.49,+30.883, +7.961,+0.983
1630132200,+3.49,+30.857, +7.968,+0.983
1630132260,+3.49,+30.874, +7.794,+0.984
1630132320,+3.49,+30.866, +7.839,+0.984
1630132380,+3.49,+30.874, +7.893,+0.983
1630132440,+3.49,+30.857, +7.897,+0.985
1630132500,+3.49,+30.857, +7.950,+0.983
1630132560,+3.49,+30.857, +7.948,+0.984
1630132620,+3.49,+30.857, +7.856,+0.984
1630132680,+3.49,+30.857, +7.714,+0.984
1630132740,+3.49,+30.840, +7.542,+0.983
1630132800,+3.49,+30.831, +7.390,+0.983
1630132860,+3.49,+30.822, +7.257,+0.983
1630132920,+3.49,+30.822, +7.314,+0.983
1630132980,+3.49,+30.814, +7.222,+0.983
1630133040,+3.49,+30.814, +7.175,+0.983
1630133100,+3.49,+30.805, +7.274,+0.984
1630133160,+3.49,+30.805, +7.277,+0.983
1630133220,+3.49,+30.805, +7.282,+0.984
1630133280,+3.49,+30.805, +7.264,+0.983
1630133340,+3.49,+30.788, +7.213,+0.984
1630133400,+3.49,+30.779, +7.129,+0.984
1630133460,+3.49,+30.788, +7.073,+0.983
1630133520,+3.49,+30.762, +6.964,+0.983
1630133580,+3.49,+30.770, +6.875,+0.983
1630133640,+3.49,+30.770, +6.748,+0.984
1630133700,+3.49,+30.779, +6.681,+0.983
1630133760,+3.49,+30.753, +6.698,+0.984
1630133820,+3.49,+30.753, +6.690,+0.984
1630133880,+3.49,+30.762, +6.627,+0.983
1630133940,+3.49,+30.753, +6.588,+0.983
1630134000,+3.49,+30.762, +6.500,+0.983
1630134060,+3.49,+30.753, +6.458,+0.984
1630134120,+3.49,+30.753, +6.325,+0.983
1630134180,+3.49,+30.744, +6.317,+0.984
1630134240,+3.49,+30.744, +6.329,+0.983
1630134300,+3.49,+30.736, +6.250,+0.983
1630134360,+3.49,+30.727, +6.122,+0.983
1630134420,+3.49,+30.727, +6.041,+0.984
1630134480,+3.49,+30.701, +5.981,+0.983
1630134540,+3.49,+30.718, +5.963,+0.984
1630134600,+3.49,+30.710, +6.022,+0.983
1630134660,+3.49,+30.701, +6.041,+0.984
1630134720,+3.49,+30.718, +5.976,+0.984
1630134780,+3.49,+30.701, +5.825,+0.984
1630134840,+3.49,+30.701, +5.720,+0.983
1630134900,+3.49,+30.675, +5.818,+0.984
1630134960,+3.49,+30.666, +5.864,+0.984
1630135020,+3.49,+30.666, +5.883,+0.983
1630135080,+3.49,+30.692, +5.902,+0.983
1630135140,+3.49,+30.684, +5.868,+0.983
1630135200,+3.49,+30.675, +5.720,+0.984
1630135260,+3.49,+30.666, +5.697,+0.984
1630135320,+3.49,+30.666, +5.644,+0.984
1630135380,+3.49,+30.658, +5.468,+0.984
1630135440,+3.49,+30.675, +5.422,+0.983
1630135500,+3.49,+30.649, +5.279,+0.983
1630135560,+3.49,+30.632, +5.162,+0.984
1630135620,+3.49,+30.640, +5.055,+0.983
1630135680,+3.49,+30.658, +5.099,+0.984
1630135740,+3.49,+30.632, +5.137,+0.984
1630135800,+3.49,+30.649, +5.153,+0.983
1630135860,+3.49,+30.640, +5.251,+0.984
1630135920,+3.49,+30.649, +5.255,+0.983
1630135980,+3.49,+30.640, +5.205,+0.984
1630136040,+3.49,+30.614, +5.180,+0.984
1630136100,+3.49,+30.632, +5.049,+0.984
1630136160,+3.49,+30.632, +4.967,+0.984
1630136220,+3.49,+30.614, +4.984,+0.984
1630136280,+3.49,+30.632, +4.858,+0.984
1630136340,+3.49,+30.623, +4.898,+0.984
1630136400,+3.49,+30.614, +4.921,+0.984
1630136460,+3.49,+30.623, +4.853,+0.984
1630136520,+3.49,+30.606, +4.779,+0.984
1630136580,+3.49,+30.606, +4.737,+0.984
1630136640,+3.49,+30.614, +4.642,+0.984
1630136700,+3.49,+30.588, +4.579,+0.984
1630136760,+3.49,+30.606, +4.572,+0.984
1630136820,+3.49,+30.588, +4.528,+0.984
1630136880,+3.49,+30.571, +4.498,+0.984
1630136940,+3.49,+30.588, +4.479,+0.984
1630137000,+3.49,+30.580, +4.436,+0.984
1630137060,+3.49,+30.562, +4.406,+0.984
1630137120,+3.49,+30.562, +4.384,+0.983
1630137180,+3.49,+30.562, +4.357,+0.984
1630137240,+3.49,+30.554, +4.401,+0.984
1630137300,+3.49,+30.554, +4.195,+0.984
1630137360,+3.49,+30.545, +4.277,+0.984
1630137420,+3.49,+30.545, +4.251,+0.984
1630137480,+3.49,+30.536, +4.176,+0.984
1630137540,+3.49,+30.528, +4.232,+0.984
1630137600,+3.49,+30.554, +4.074,+0.984
1630137660,+3.49,+30.536, +4.051,+0.984
1630137720,+3.49,+30.545, +4.080,+0.984
1630137780,+3.49,+30.536, +4.150,+0.985
1630137840,+3.49,+30.545, +4.179,+0.985
1630137900,+3.49,+30.528, +4.167,+0.984
1630137960,+3.49,+30.528, +4.197,+0.985
1630138020,+3.49,+30.519, +4.074,+0.984
1630138080,+3.49,+30.519, +3.982,+0.985
1630138140,+3.49,+30.519, +3.845,+0.985
1630138200,+3.49,+30.519, +3.751,+0.984
1630138260,+3.49,+30.502, +3.747,+0.985
1630138320,+3.49,+30.510, +3.720,+0.984
1630138380,+3.49,+30.502, +3.605,+0.985
1630138440,+3.49,+30.502, +3.519,+0.985
1630138500,+3.49,+30.502, +3.479,+0.985
1630138560,+3.49,+30.493, +3.506,+0.985
1630138620,+3.49,+30.493, +3.527,+0.985
1630138680,+3.49,+30.484, +3.363,+0.985
1630138740,+3.49,+30.484, +3.285,+0.985
1630138800,+3.49,+30.467, +3.270,+0.985
1630138860,+3.49,+30.467, +3.221,+0.985
1630138920,+3.49,+30.467, +3.199,+0.985
1630138980,+3.49,+30.476, +3.198,+0.985
1630139040,+3.49,+30.458, +3.058,+0.985
1630139100,+3.49,+30.476, +3.089,+0.985
1630139160,+3.49,+30.467, +3.039,+0.985
1630139220,+3.49,+30.441, +2.971,+0.985
1630139280,+3.49,+30.432, +2.851,+0.985
1630139340,+3.49,+30.432, +2.907,+0.985
1630139400,+3.49,+30.415, +2.884,+0.985
1630139460,+3.49,+30.450, +2.872,+0.985
1630139520,+3.49,+30.432, +2.902,+0.986
1630139580,+3.49,+30.424, +2.868,+0.986
1630139640,+3.49,+30.424, +2.789,+0.986
1630139700,+3.49,+30.424, +2.869,+0.985
1630139760,+3.49,+30.406, +2.819,+0.986
1630139820,+3.49,+30.415, +2.700,+0.986
1630139880,+3.49,+30.415, +2.650,+0.986
1630139940,+3.49,+30.406, +2.588,+0.986
1630140000,+3.49,+30.415, +2.620,+0.986
1630140060,+3.49,+30.406, +2.667,+0.985
1630140120,+3.49,+30.398, +2.544,+0.986
1630140180,+3.49,+30.406, +2.457,+0.986
1630140240,+3.49,+30.398, +2.363,+0.986
1630140300,+3.49,+30.398, +2.393,+0.986
1630140360,+3.49,+30.389, +2.368,+0.986
1630140420,+3.49,+30.372, +2.437,+0.986
1630140480,+3.49,+30.372, +2.471,+0.986
1630140540,+3.49,+30.389, +2.481,+0.986
1630140600,+3.49,+30.380, +2.529,+0.986
1630140660,+3.49,+30.363, +2.473,+0.986
1630140720,+3.49,+30.363, +2.423,+0.986
1630140780,+3.49,+30.346, +2.453,+0.986
1630140840,+3.49,+30.355, +2.540,+0.986
1630140900,+3.49,+30.337, +2.543,+0.986
1630140960,+3.49,+30.346, +2.526,+0.986
1630141020,+3.49,+30.337, +2.525,+0.986
1630141080,+3.49,+30.355, +2.459,+0.986
1630141140,+3.49,+30.346, +2.413,+0.985
1630141200,+3.49,+30.337, +2.373,+0.986
1630141260,+3.49,+30.329, +2.287,+0.986
1630141320,+3.49,+30.337, +2.219,+0.986
1630141380,+3.49,+30.320, +2.265,+0.986
1630141440,+3.49,+30.337, +2.229,+0.986
1630141500,+3.49,+30.311, +2.191,+0.986
1630141560,+3.49,+30.311, +2.085,+0.986
1630141620,+3.49,+30.311, +2.068,+0.986
1630141680,+3.49,+30.311, +2.084,+0.986
1630141740,+3.49,+30.320, +2.154,+0.986
1630141800,+3.49,+30.294, +2.163,+0.986
1630141860,+3.49,+30.294, +2.185,+0.986
1630141920,+3.49,+30.294, +2.194,+0.986
1630141980,+3.49,+30.294, +2.056,+0.986
1630142040,+3.49,+30.285, +2.082,+0.986
1630142100,+3.49,+30.294, +2.173,+0.986
1630142160,+3.49,+30.285, +2.148,+0.986
1630142220,+3.49,+30.285, +2.091,+0.986
1630142280,+3.49,+30.277, +2.103,+0.986
1630142340,+3.49,+30.285, +2.048,+0.986
1630142400,+3.49,+30.277, +2.010,+0.986
1630142460,+3.49,+30.259, +1.998,+0.986
1630142520,+3.49,+30.268, +2.001,+0.986
1630142580,+3.49,+30.251, +1.996,+0.986
1630142640,+3.49,+30.259, +1.987,+0.986
1630142700,+3.49,+30.259, +1.937,+0.986
1630142760,+3.49,+30.251, +2.033,+0.986
1630142820,+3.49,+30.242, +1.964,+0.986
1630142880,+3.49,+30.259, +1.893,+0.986
1630142940,+3.49,+30.251, +1.900,+0.986
1630143000,+3.49,+30.259, +1.862,+0.986
1630143060,+3.49,+30.242, +1.842,+0.986
1630143120,+3.49,+30.242, +1.817,+0.986
1630143180,+3.49,+30.251, +1.823,+0.986
1630143240,+3.49,+30.234, +1.810,+0.986
1630143300,+3.49,+30.234, +1.782,+0.986
1630143360,+3.49,+30.242, +1.780,+0.986
1630143420,+3.49,+30.242, +1.801,+0.986
1630143480,+3.49,+30.216, +1.841,+0.986
1630143540,+3.49,+30.225, +1.851,+0.986
1630143600,+3.49,+30.199, +1.820,+0.986
1630143660,+3.49,+30.199, +1.776,+0.986
1630143720,+3.49,+30.216, +1.716,+0.986
1630143780,+3.49,+30.199, +1.581,+0.985
1630143840,+3.49,+30.216, +1.471,+0.985
1630143900,+3.49,+30.190, +1.410,+0.985
1630143960,+3.49,+30.208, +1.432,+0.986
1630144020,+3.49,+30.190, +1.502,+0.986
1630144080,+3.49,+30.182, +1.541,+0.986
1630144140,+3.49,+30.190, +1.553,+0.986
1630144200,+3.49,+30.182, +1.513,+0.986
1630144260,+3.49,+30.182, +1.485,+0.986
1630144320,+3.49,+30.173, +1.526,+0.986
1630144380,+3.49,+30.164, +1.541,+0.985
1630144440,+3.49,+30.164, +1.533,+0.986
1630144500,+3.49,+30.156, +1.519,+0.986
1630144560,+3.49,+30.164, +1.519,+0.986
1630144620,+3.49,+30.164, +1.518,+0.986
1630144680,+3.49,+30.147, +1.443,+0.985
1630144740,+3.49,+30.138, +1.448,+0.986
1630144800,+3.49,+30.147, +1.436,+0.986
1630144860,+3.49,+30.138, +1.435,+0.986
1630144920,+3.49,+30.164, +1.427,+0.985
1630144980,+3.49,+30.130, +1.388,+0.985
1630145040,+3.49,+30.130, +1.473,+0.985
1630145100,+3.49,+30.113, +1.413,+0.985
1630145160,+3.49,+30.113, +1.343,+0.986
1630145220,+3.49,+30.095, +1.279,+0.985
1630145280,+3.49,+30.095, +1.224,+0.985
1630145340,+3.49,+30.087, +1.179,+0.985
1630145400,+3.49,+30.095, +1.185,+0.985
1630145460,+3.49,+30.104, +1.198,+0.984
1630145520,+3.49,+30.087, +1.140,+0.985
1630145580,+3.49,+30.095, +1.115,+0.984
1630145640,+3.49,+30.095, +1.180,+0.984
1630145700,+3.49,+30.087, +1.263,+0.985
1630145760,+3.49,+30.069, +1.275,+0.985
1630145820,+3.49,+30.087, +1.214,+0.985
1630145880,+3.49,+30.078, +1.215,+0.985
1630145940,+3.49,+30.078, +1.231,+0.985
1630146000,+3.49,+30.078, +1.200,+0.985
1630146060,+3.49,+30.087, +1.081,+0.984
1630146120,+3.49,+30.069, +0.998,+0.983
1630146180,+3.49,+30.078, +0.968,+0.983
1630146240,+3.49,+30.078, +0.933,+0.983
1630146300,+3.49,+30.078, +0.884,+0.983
1630146360,+3.49,+30.069, +0.869,+0.983
1630146420,+3.49,+30.061, +0.869,+0.983
1630146480,+3.49,+30.069, +0.942,+0.983
1630146540,+3.49,+30.061, +1.010,+0.984
1630146600,+3.49,+30.061, +0.983,+0.984
1630146660,+3.49,+30.052, +0.948,+0.983
1630146720,+3.49,+30.043, +0.873,+0.982
1630146780,+3.49,+30.052, +0.860,+0.982
1630146840,+3.49,+30.043, +0.818,+0.982
1630146900,+3.49,+30.035, +0.749,+0.981
1630146960,+3.49,+30.043, +0.776,+0.982
1630147020,+3.49,+30.043, +0.837,+0.982
1630147080,+3.49,+30.043, +0.813,+0.982
1630147140,+3.49,+30.043, +0.867,+0.983
1630147200,+3.49,+30.026, +0.889,+0.983
1630147260,+3.49,+30.026, +0.925,+0.983
1630147320,+3.49,+30.018, +0.909,+0.983
1630147380,+3.49,+30.035, +0.846,+0.982
1630147440,+3.49,+30.009, +0.793,+0.982
1630147500,+3.49,+30.018, +0.815,+0.982
1630147560,+3.49,+30.000, +0.906,+0.983
1630147620,+3.49,+30.009, +0.898,+0.983
1630147680,+3.49,+30.000, +0.887,+0.983
1630147740,+3.49,+30.000, +0.878,+0.983
1630147800,+3.49,+30.000, +0.851,+0.983
1630147860,+3.49,+30.000, +0.859,+0.983
1630147920,+3.49,+30.009, +0.873,+0.983
1630147980,+3.49,+29.992, +0.843,+0.983
1630148040,+3.49,+29.992, +0.805,+0.983
1630148100,+3.49,+29.957, +0.773,+0.982
1630148160,+3.49,+29.974, +0.780,+0.982
1630148220,+3.49,+29.966, +0.781,+0.982
1630148280,+3.49,+29.983, +0.736,+0.981
1630148340,+3.49,+29.966, +0.716,+0.981
1630148400,+3.49,+29.949, +0.729,+0.981
1630148460,+3.49,+29.957, +0.654,+0.981
1630148520,+3.49,+29.974, +0.618,+0.979
1630148580,+3.49,+29.940, +0.596,+0.979
1630148640,+3.49,+29.957, +0.625,+0.980
1630148700,+3.49,+29.949, +0.641,+0.979
1630148760,+3.49,+29.940, +0.602,+0.979
1630148820,+3.49,+29.949, +0.581,+0.979
1630148880,+3.49,+29.940, +0.626,+0.979
1630148940,+3.49,+29.949, +0.621,+0.980
1630149000,+3.49,+29.957, +0.663,+0.980
1630149060,+3.49,+29.923, +0.654,+0.980
1630149120,+3.49,+29.940, +0.556,+0.979
1630149180,+3.49,+29.940, +0.615,+0.980
1630149240,+3.49,+29.923, +0.570,+0.979
1630149300,+3.49,+29.914, +0.587,+0.979
1630149360,+3.49,+29.923, +0.652,+0.980
1630149420,+3.49,+29.905, +0.684,+0.981
1630149480,+3.49,+29.905, +0.656,+0.980
1630149540,+3.49,+29.914, +0.624,+0.980
1630149600,+3.49,+29.888, +0.619,+0.980
1630149660,+3.49,+29.888, +0.610,+0.980
1630149720,+3.49,+29.897, +0.683,+0.981
1630149780,+3.49,+29.880, +0.694,+0.981
1630149840,+3.49,+29.862, +0.753,+0.982
1630149900,+3.49,+29.871, +0.754,+0.982
1630149960,+3.49,+29.880, +0.702,+0.981
1630150020,+3.49,+29.888, +0.685,+0.981
1630150080,+3.49,+29.871, +0.721,+0.981
1630150140,+3.49,+29.862, +0.616,+0.980
1630150200,+3.49,+29.871, +0.541,+0.979
1630150260,+3.49,+29.871, +0.579,+0.979
1630150320,+3.49,+29.862, +0.543,+0.978
1630150380,+3.49,+29.854, +0.504,+0.978
1630150440,+3.49,+29.871, +0.652,+0.980
1630150500,+3.49,+29.862, +0.758,+0.981
1630150560,+3.49,+29.854, +0.709,+0.980
1630150620,+3.49,+29.862, +0.570,+0.979
1630150680,+3.49,+29.854, +0.598,+0.979
1630150740,+3.49,+29.845, +0.483,+0.978
1630150800,+3.49,+29.828, +0.492,+0.978
1630150860,+3.49,+29.828, +0.549,+0.979
1630150920,+3.49,+29.811, +0.636,+0.981
1630150980,+3.49,+29.819, +0.675,+0.981
1630151040,+3.49,+29.802, +0.677,+0.981
1630151100,+3.49,+29.802, +0.630,+0.980
1630151160,+3.49,+29.819, +0.635,+0.981
1630151220,+3.49,+29.811, +0.619,+0.980
1630151280,+3.49,+29.811, +0.624,+0.980
1630151340,+3.49,+29.819, +0.594,+0.980
1630151400,+3.49,+29.802, +0.611,+0.980
1630151460,+3.49,+29.802, +0.642,+0.980
1630151520,+3.49,+29.802, +0.650,+0.981
1630151580,+3.49,+29.793, +0.715,+0.981
1630151640,+3.49,+29.793, +0.672,+0.981
1630151700,+3.49,+29.793, +0.652,+0.981
1630151760,+3.49,+29.785, +0.781,+0.982
1630151820,+3.49,+29.785, +0.711,+0.981
1630151880,+3.49,+29.802, +0.645,+0.981
1630151940,+3.49,+29.776, +0.677,+0.981
1630152000,+3.49,+29.785, +0.809,+0.982
1630152060,+3.49,+29.768, +1.072,+0.985
1630152120,+3.49,+29.776, +1.057,+0.985
1630152180,+3.49,+29.759, +0.941,+0.984
1630152240,+3.49,+29.776, +0.878,+0.983
1630152300,+3.49,+29.768, +0.925,+0.984
1630152360,+3.49,+29.768, +0.823,+0.983
1630152420,+3.49,+29.759, +1.011,+0.985
1630152480,+3.49,+29.759, +0.942,+0.984
1630152540,+3.49,+29.750, +1.016,+0.985
1630152600,+3.49,+29.750, +0.976,+0.984
1630152660,+3.49,+29.750, +0.863,+0.983
1630152720,+3.49,+29.733, +0.967,+0.984
1630152780,+3.49,+29.750, +0.850,+0.983
1630152840,+3.49,+29.742, +0.763,+0.982
1630152900,+3.49,+29.742, +0.832,+0.983
1630152960,+3.49,+29.750, +0.810,+0.982
1630153020,+3.49,+29.724, +0.970,+0.984
1630153080,+3.49,+29.724, +0.875,+0.983
1630153140,+3.49,+29.733, +0.812,+0.982
1630153200,+3.49,+29.716, +0.750,+0.982
1630153260,+3.49,+29.716, +0.773,+0.982
1630153320,+3.49,+29.724, +0.788,+0.982
1630153380,+3.49,+29.742, +0.791,+0.982
1630153440,+3.49,+29.716, +0.767,+0.982
1630153500,+3.49,+29.707, +0.802,+0.982
1630153560,+3.49,+29.690, +0.826,+0.982
1630153620,+3.49,+29.699, +0.916,+0.984
1630153680,+3.49,+29.690, +1.004,+0.984
1630153740,+3.49,+29.690, +0.881,+0.983
1630153800,+3.49,+29.699, +0.936,+0.984
1630153860,+3.49,+29.707, +0.863,+0.983
1630153920,+3.49,+29.673, +0.781,+0.982
1630153980,+3.49,+29.690, +0.735,+0.981
1630154040,+3.49,+29.690, +0.690,+0.981
1630154100,+3.49,+29.681, +0.640,+0.980
1630154160,+3.49,+29.681, +0.581,+0.979
1630154220,+3.49,+29.690, +0.594,+0.979
1630154280,+3.49,+29.690, +0.622,+0.980
1630154340,+3.49,+29.664, +0.596,+0.980
1630154400,+3.49,+29.681, +0.590,+0.980
1630154460,+3.49,+29.664, +0.517,+0.979
1630154520,+3.49,+29.656, +0.501,+0.978
1630154580,+3.49,+29.664, +0.504,+0.978
1630154640,+3.49,+29.681, +0.536,+0.979
1630154700,+3.49,+29.664, +0.574,+0.979
1630154760,+3.49,+29.656, +0.596,+0.980
1630154820,+3.49,+29.656, +0.599,+0.980
1630154880,+3.49,+29.673, +0.597,+0.980
1630154940,+3.49,+29.664, +0.588,+0.980
1630155000,+3.49,+29.656, +0.576,+0.980
1630155060,+3.49,+29.673, +0.554,+0.979
1630155120,+3.49,+29.664, +0.605,+0.980
1630155180,+3.49,+29.647, +0.636,+0.980
1630155240,+3.49,+29.638, +0.686,+0.981
1630155300,+3.49,+29.630, +0.669,+0.981
1630155360,+3.49,+29.638, +0.638,+0.980
1630155420,+3.49,+29.656, +0.627,+0.980
1630155480,+3.49,+29.647, +0.570,+0.979
1630155540,+3.49,+29.656, +0.625,+0.980
1630155600,+3.49,+29.647, +0.679,+0.981
1630155660,+3.49,+29.656, +0.669,+0.981
1630155720,+3.49,+29.647, +0.623,+0.980
1630155780,+3.49,+29.656, +0.626,+0.980
1630155840,+3.49,+29.638, +0.642,+0.980
1630155900,+3.49,+29.647, +0.654,+0.980
1630155960,+3.49,+29.630, +0.643,+0.980
1630156020,+3.49,+29.638, +0.695,+0.981
1630156080,+3.49,+29.630, +0.733,+0.982
1630156140,+3.49,+29.630, +0.719,+0.981
1630156200,+3.49,+29.647, +0.614,+0.980
1630156260,+3.49,+29.630, +0.590,+0.980
1630156320,+3.49,+29.638, +0.630,+0.980
1630156380,+3.49,+29.647, +0.648,+0.980
1630156440,+3.49,+29.630, +0.661,+0.981
1630156500,+3.49,+29.638, +0.805,+0.982
1630156560,+3.49,+29.630, +0.768,+0.982
1630156620,+3.49,+29.630, +0.782,+0.982
1630156680,+3.49,+29.647, +0.763,+0.982
1630156740,+3.49,+29.630, +0.751,+0.982
1630156800,+3.49,+29.647, +0.687,+0.981
1630156860,+3.49,+29.630, +0.719,+0.982
1630156920,+3.49,+29.664, +0.696,+0.981
1630156980,+3.49,+29.630, +0.721,+0.981
1630157040,+3.49,+29.638, +0.721,+0.981
1630157100,+3.49,+29.656, +0.736,+0.982
1630157160,+3.49,+29.630, +0.763,+0.982
1630157220,+3.49,+29.638, +0.950,+0.984
1630157280,+3.49,+29.630, +0.954,+0.984
1630157340,+3.49,+29.638, +0.917,+0.983
1630157400,+3.49,+29.656, +0.890,+0.983
1630157460,+3.49,+29.638, +0.908,+0.983
1630157520,+3.49,+29.647, +0.948,+0.984
1630157580,+3.49,+29.647, +0.975,+0.984
1630157640,+3.49,+29.647, +0.953,+0.984
1630157700,+3.49,+29.647, +0.963,+0.984
1630157760,+3.49,+29.656, +0.941,+0.983
1630157820,+3.49,+29.647, +0.933,+0.983
1630157880,+3.49,+29.656, +0.939,+0.984
1630157940,+3.48,+29.638, +0.956,+0.983
1630158000,+3.48,+29.664, +0.976,+0.984
1630158060,+3.49,+29.664, +0.989,+0.984
1630158120,+3.49,+29.656, +1.024,+0.984
1630158180,+3.49,+29.673, +1.199,+0.985
1630158240,+3.49,+29.656, +1.215,+0.985
1630158300,+3.49,+29.664, +1.215,+0.985
1630158360,+3.49,+29.690, +1.226,+0.985
1630158420,+3.48,+29.673, +1.271,+0.985
1630158480,+3.49,+29.681, +1.279,+0.985
1630158540,+3.48,+29.673, +1.370,+0.986
1630158600,+3.48,+29.673, +1.409,+0.986
1630158660,+3.49,+29.656, +1.428,+0.986
1630158720,+3.49,+29.673, +1.355,+0.986
1630158780,+3.49,+29.681, +1.337,+0.986
1630158840,+3.49,+29.681, +1.372,+0.986
1630158900,+3.48,+29.690, +1.391,+0.986
1630158960,+3.49,+29.673, +1.415,+0.986
1630159020,+3.49,+29.690, +1.488,+0.986
1630159080,+3.48,+29.673, +1.585,+0.986
1630159140,+3.49,+29.664, +1.439,+0.986
1630159200,+3.48,+29.673, +1.252,+0.985
1630159260,+3.48,+29.673, +1.110,+0.984
1630159320,+3.49,+29.690, +1.006,+0.984
1630159380,+3.49,+29.690, +0.914,+0.983
1630159440,+3.48,+29.690, +0.990,+0.983
1630159500,+3.49,+29.673, +1.053,+0.984
1630159560,+3.48,+29.707, +1.125,+0.985
1630159620,+3.49,+29.690, +1.137,+0.985
1630159680,+3.49,+29.699, +1.125,+0.985
1630159740,+3.48,+29.707, +1.094,+0.984
1630159800,+3.49,+29.707, +1.090,+0.984
1630159860,+3.49,+29.699, +1.146,+0.984
1630159920,+3.48,+29.699, +1.197,+0.985
1630159980,+3.48,+29.733, +1.235,+0.985
1630160040,+3.48,+29.707, +1.309,+0.985
1630160100,+3.49,+29.707, +1.344,+0.985
1630160160,+3.49,+29.707, +1.435,+0.986
1630160220,+3.48,+29.707, +1.437,+0.986
1630160280,+3.49,+29.707, +1.401,+0.986
1630160340,+3.49,+29.716, +1.343,+0.985
1630160400,+3.49,+29.724, +1.333,+0.985
1630160460,+3.49,+29.707, +1.317,+0.985
1630160520,+3.48,+29.707, +1.353,+0.985
1630160580,+3.49,+29.716, +1.381,+0.985
1630160640,+3.49,+29.716, +1.407,+0.986
1630160700,+3.49,+29.733, +1.424,+0.986
1630160760,+3.48,+29.724, +1.457,+0.986
1630160820,+3.49,+29.733, +1.507,+0.986
1630160880,+3.49,+29.750, +1.566,+0.986
1630160940,+3.49,+29.759, +1.594,+0.986
1630161000,+3.49,+29.742, +1.595,+0.986
1630161060,+3.49,+29.750, +1.587,+0.986
1630161120,+3.49,+29.733, +1.604,+0.986
1630161180,+3.49,+29.733, +1.576,+0.986
1630161240,+3.49,+29.742, +1.598,+0.986
1630161300,+3.49,+29.768, +1.603,+0.986
1630161360,+3.49,+29.750, +1.704,+0.986
1630161420,+3.49,+29.759, +1.751,+0.986
1630161480,+3.49,+29.750, +1.807,+0.986
1630161540,+3.49,+29.768, +1.756,+0.986
1630161600,+3.49,+29.768, +1.732,+0.986
1630161660,+3.49,+29.768, +1.776,+0.986
1630161720,+3.49,+29.785, +1.807,+0.986
1630161780,+3.49,+29.768, +1.769,+0.985
1630161840,+3.49,+29.776, +1.746,+0.986
1630161900,+3.49,+29.776, +1.766,+0.986
1630161960,+3.49,+29.776, +1.764,+0.986
1630162020,+3.49,+29.776, +1.783,+0.986
1630162080,+3.49,+29.785, +1.818,+0.986
1630162140,+3.49,+29.793, +1.844,+0.986
1630162200,+3.49,+29.785, +1.912,+0.986
1630162260,+3.49,+29.785, +1.916,+0.986
1630162320,+3.49,+29.793, +1.856,+0.986
1630162380,+3.49,+29.793, +1.822,+0.986
1630162440,+3.49,+29.785, +1.831,+0.986
1630162500,+3.49,+29.793, +1.856,+0.986
1630162560,+3.49,+29.811, +1.894,+0.986
1630162620,+3.49,+29.802, +1.913,+0.986
1630162680,+3.49,+29.793, +1.966,+0.986
1630162740,+3.49,+29.811, +1.985,+0.985
1630162800,+3.49,+29.819, +2.045,+0.986
1630162860,+3.49,+29.793, +2.104,+0.986
1630162920,+3.49,+29.828, +2.183,+0.986
1630162980,+3.49,+29.828, +2.363,+0.986
1630163040,+3.49,+29.793, +2.561,+0.986
1630163100,+3.49,+29.811, +2.542,+0.986
1630163160,+3.49,+29.828, +2.503,+0.986
1630163220,+3.49,+29.819, +2.520,+0.986
1630163280,+3.49,+29.836, +2.655,+0.985
1630163340,+3.49,+29.854, +2.788,+0.985
1630163400,+3.49,+29.854, +2.860,+0.985
1630163460,+3.49,+29.854, +2.922,+0.985
1630163520,+3.49,+29.862, +2.930,+0.985
1630163580,+3.49,+29.854, +2.964,+0.985
1630163640,+3.49,+29.845, +3.089,+0.985
1630163700,+3.49,+29.880, +3.104,+0.985
1630163760,+3.49,+29.880, +3.079,+0.985
1630163820,+3.49,+29.862, +3.120,+0.985
1630163880,+3.49,+29.888, +3.034,+0.985
1630163940,+3.49,+29.897, +2.969,+0.985
1630164000,+3.49,+29.897, +2.971,+0.985
1630164060,+3.49,+29.888, +2.972,+0.985
1630164120,+3.49,+29.880, +2.921,+0.985
1630164180,+3.49,+29.914, +2.978,+0.985
1630164240,+3.49,+29.897, +3.053,+0.985
1630164300,+3.49,+29.914, +3.075,+0.985
1630164360,+3.49,+29.897, +2.970,+0.985
1630164420,+3.49,+29.905, +2.979,+0.985
1630164480,+3.49,+29.931, +2.964,+0.985
1630164540,+3.49,+29.923, +2.958,+0.985
1630164600,+3.49,+29.940, +2.983,+0.985
1630164660,+3.49,+29.931, +2.966,+0.985
1630164720,+3.49,+29.957, +3.069,+0.985
1630164780,+3.49,+29.940, +3.082,+0.985
1630164840,+3.49,+29.957, +3.086,+0.985
1630164900,+3.49,+29.966, +3.105,+0.985
1630164960,+3.49,+29.974, +3.144,+0.985
1630165020,+3.49,+29.966, +3.140,+0.984
1630165080,+3.49,+29.974, +3.129,+0.985
1630165140,+3.49,+30.009, +3.104,+0.985
1630165200,+3.49,+29.992, +3.115,+0.985
1630165260,+3.49,+29.992, +3.144,+0.985
1630165320,+3.49,+29.974, +3.119,+0.985
1630165380,+3.49,+29.974, +3.228,+0.985
1630165440,+3.49,+29.974, +3.215,+0.985
1630165500,+3.49,+29.992, +3.197,+0.985
1630165560,+3.49,+30.009, +3.189,+0.985
1630165620,+3.49,+30.000, +3.262,+0.985
1630165680,+3.49,+30.026, +3.294,+0.985
1630165740,+3.49,+30.035, +3.304,+0.984
1630165800,+3.49,+30.035, +3.344,+0.984
1630165860,+3.49,+30.035, +3.387,+0.985
1630165920,+3.49,+30.043, +3.377,+0.984
1630165980,+3.49,+30.043, +3.350,+0.984
1630166040,+3.49,+30.043, +3.352,+0.984
1630166100,+3.49,+30.061, +3.424,+0.984
1630166160,+3.49,+30.069, +3.358,+0.984
1630166220,+3.49,+30.061, +3.273,+0.984
1630166280,+3.49,+30.061, +3.316,+0.984
1630166340,+3.49,+30.043, +3.355,+0.984
1630166400,+3.49,+30.052, +3.407,+0.984
1630166460,+3.49,+30.078, +3.421,+0.984
1630166520,+3.49,+30.095, +3.465,+0.984
1630166580,+3.49,+30.104, +3.510,+0.984
1630166640,+3.49,+30.104, +3.545,+0.984
1630166700,+3.49,+30.113, +3.810,+0.984
1630166760,+3.49,+30.138, +3.839,+0.984
1630166820,+3.49,+30.147, +3.908,+0.984
1630166880,+3.49,+30.156, +3.924,+0.984
1630166940,+3.49,+30.182, +3.970,+0.984
1630167000,+3.49,+30.190, +3.976,+0.984
1630167060,+3.49,+30.173, +3.956,+0.983
1630167120,+3.49,+30.182, +3.854,+0.983
1630167180,+3.49,+30.147, +3.893,+0.984
1630167240,+3.49,+30.147, +3.896,+0.984
1630167300,+3.49,+30.173, +3.853,+0.984
1630167360,+3.49,+30.164, +3.979,+0.984
1630167420,+3.49,+30.121, +3.759,+0.984
1630167480,+3.49,+30.156, +3.724,+0.984
1630167540,+3.49,+30.182, +3.807,+0.984
1630167600,+3.49,+30.190, +3.822,+0.984
1630167660,+3.49,+30.190, +3.831,+0.983
1630167720,+3.49,+30.182, +3.944,+0.984
1630167780,+3.49,+30.199, +3.978,+0.984
1630167840,+3.49,+30.182, +4.017,+0.984
1630167900,+3.49,+30.173, +3.958,+0.983
1630167960,+3.49,+30.173, +3.940,+0.984
1630168020,+3.49,+30.173, +3.876,+0.984
1630168080,+3.49,+30.164, +3.873,+0.984
1630168140,+3.49,+30.164, +3.877,+0.984
1630168200,+3.49,+30.190, +4.037,+0.984
1630168260,+3.49,+30.190, +4.200,+0.984
1630168320,+3.49,+30.216, +4.214,+0.984
1630168380,+3.49,+30.225, +4.281,+0.984
1630168440,+3.49,+30.216, +4.356,+0.983
1630168500,+3.49,+30.259, +4.363,+0.983
1630168560,+3.49,+30.234, +4.495,+0.983
1630168620,+3.49,+30.251, +4.562,+0.984
1630168680,+3.49,+30.268, +4.560,+0.983
1630168740,+3.49,+30.268, +4.464,+0.984
1630168800,+3.49,+30.251, +4.437,+0.984
1630168860,+3.49,+30.251, +4.442,+0.983
1630168920,+3.49,+30.234, +4.501,+0.984
1630168980,+3.49,+30.234, +4.473,+0.984
1630169040,+3.49,+30.225, +4.501,+0.983
1630169100,+3.49,+30.242, +4.544,+0.984
1630169160,+3.49,+30.251, +4.606,+0.983
1630169220,+3.49,+30.259, +4.703,+0.983
1630169280,+3.49,+30.268, +4.759,+0.983
1630169340,+3.49,+30.277, +4.775,+0.983
1630169400,+3.49,+30.303, +4.871,+0.983
1630169460,+3.49,+30.337, +4.931,+0.983
1630169520,+3.49,+30.346, +4.972,+0.983
1630169580,+3.49,+30.346, +5.109,+0.983
1630169640,+3.49,+30.372, +5.238,+0.983
1630169700,+3.49,+30.372, +5.193,+0.983
1630169760,+3.49,+30.389, +5.174,+0.983
1630169820,+3.49,+30.398, +5.172,+0.983
1630169880,+3.49,+30.415, +5.177,+0.982
1630169940,+3.49,+30.415, +5.201,+0.982
1630170000,+3.49,+30.380, +5.104,+0.982
1630170060,+3.49,+30.380, +5.050,+0.983
1630170120,+3.49,+30.346, +5.049,+0.983
1630170180,+3.49,+30.372, +5.108,+0.983
1630170240,+3.49,+30.398, +5.182,+0.983
1630170300,+3.49,+30.415, +5.258,+0.983
1630170360,+3.49,+30.432, +5.311,+0.983
1630170420,+3.49,+30.415, +5.277,+0.983
1630170480,+3.49,+30.380, +5.336,+0.983
1630170540,+3.49,+30.398, +5.492,+0.983
1630170600,+3.49,+30.398, +5.508,+0.983
1630170660,+3.49,+30.406, +5.504,+0.983
1630170720,+3.49,+30.406, +5.582,+0.983
1630170780,+3.49,+30.406, +5.612,+0.983
1630170840,+3.49,+30.389, +5.594,+0.983
1630170900,+3.49,+30.398, +5.604,+0.983
1630170960,+3.49,+30.389, +5.749,+0.983
1630171020,+3.49,+30.398, +5.765,+0.984
1630171080,+3.49,+30.415, +5.753,+0.983
1630171140,+3.49,+30.398, +5.714,+0.982
1630171200,+3.49,+30.406, +5.733,+0.982
1630171260,+3.49,+30.424, +5.760,+0.983
1630171320,+3.49,+30.441, +5.816,+0.983
1630171380,+3.49,+30.458, +5.789,+0.982
1630171440,+3.49,+30.467, +5.832,+0.983
1630171500,+3.49,+30.467, +5.844,+0.983
1630171560,+3.49,+30.458, +5.856,+0.983
1630171620,+3.49,+30.450, +5.821,+0.983
1630171680,+3.49,+30.432, +5.758,+0.984
1630171740,+3.49,+30.415, +5.751,+0.983
1630171800,+3.49,+30.415, +5.733,+0.983
1630171860,+3.49,+30.424, +5.705,+0.983
1630171920,+3.49,+30.415, +5.668,+0.983
1630171980,+3.49,+30.415, +5.662,+0.983
1630172040,+3.49,+30.441, +5.675,+0.983
1630172100,+3.49,+30.476, +5.742,+0.983
1630172160,+3.49,+30.510, +5.835,+0.983
1630172220,+3.49,+30.536, +5.957,+0.982
1630172280,+3.49,+30.528, +6.019,+0.982
1630172340,+3.48,+30.536, +5.974,+0.983
1630172400,+3.49,+30.519, +5.822,+0.982
1630172460,+3.48,+30.528, +5.712,+0.983
1630172520,+3.49,+30.519, +5.620,+0.982
1630172580,+3.49,+30.510, +5.694,+0.983
1630172640,+3.49,+30.502, +5.697,+0.982
1630172700,+3.49,+30.510, +5.655,+0.983
1630172760,+3.49,+30.519, +5.592,+0.983
1630172820,+3.49,+30.510, +5.601,+0.982
1630172880,+3.49,+30.545, +5.603,+0.983
1630172940,+3.48,+30.571, +5.643,+0.982
1630173000,+3.49,+30.597, +5.753,+0.982
1630173060,+3.49,+30.580, +5.825,+0.983
1630173120,+3.48,+30.588, +5.896,+0.982
1630173180,+3.49,+30.571, +5.952,+0.983
1630173240,+3.49,+30.580, +5.838,+0.983
1630173300,+3.48,+30.562, +5.901,+0.982
1630173360,+3.49,+30.562, +6.019,+0.982
1630173420,+3.49,+30.580, +6.021,+0.983
1630173480,+3.49,+30.588, +6.073,+0.982
1630173540,+3.48,+30.606, +6.071,+0.982
1630173600,+3.48,+30.632, +6.167,+0.982
1630173660,+3.48,+30.658, +6.359,+0.983
1630173720,+3.48,+30.692, +6.485,+0.983
1630173780,+3.48,+30.701, +6.555,+0.982
1630173840,+3.48,+30.701, +6.715,+0.982
1630173900,+3.48,+30.710, +6.825,+0.983
1630173960,+3.48,+30.710, +6.866,+0.982
1630174020,+3.48,+30.684, +6.834,+0.982
1630174080,+3.48,+30.701, +6.733,+0.982
1630174140,+3.48,+30.710, +6.596,+0.982
1630174200,+3.48,+30.684, +6.593,+0.983
1630174260,+3.48,+30.675, +6.655,+0.982
1630174320,+3.48,+30.658, +6.602,+0.983
1630174380,+3.48,+30.632, +6.458,+0.982
1630174440,+3.48,+30.614, +6.336,+0.982
1630174500,+3.48,+30.606, +6.261,+0.982
1630174560,+3.49,+30.614, +6.257,+0.983
1630174620,+3.49,+30.597, +6.268,+0.983
1630174680,+3.49,+30.597, +6.286,+0.983
1630174740,+3.48,+30.606, +6.295,+0.981
1630174800,+3.48,+30.614, +6.274,+0.982
1630174860,+3.48,+30.640, +6.287,+0.983
1630174920,+3.48,+30.623, +6.232,+0.983
1630174980,+3.48,+30.623, +6.286,+0.982
1630175040,+3.48,+30.640, +6.504,+0.982
1630175100,+3.48,+30.675, +6.936,+0.983
1630175160,+3.48,+30.666, +6.950,+0.982
1630175220,+3.49,+30.684, +6.904,+0.982
1630175280,+3.48,+30.675, +6.822,+0.983
1630175340,+3.48,+30.666, +6.729,+0.983
1630175400,+3.48,+30.692, +6.666,+0.983
1630175460,+3.48,+30.692, +6.666,+0.983
1630175520,+3.48,+30.692, +6.610,+0.983
1630175580,+3.48,+30.684, +6.557,+0.983
1630175640,+3.48,+30.684, +6.535,+0.982
1630175700,+3.48,+30.684, +6.469,+0.983
1630175760,+3.48,+30.675, +6.525,+0.983
1630175820,+3.48,+30.710, +6.561,+0.983
1630175880,+3.48,+30.692, +6.567,+0.983
1630175940,+3.48,+30.692, +6.534,+0.983
1630176000,+3.48,+30.710, +6.978,+0.983
1630176060,+3.48,+30.744, +7.102,+0.982
1630176120,+3.48,+30.753, +7.189,+0.982
1630176180,+3.48,+30.762, +7.197,+0.983
1630176240,+3.48,+30.736, +7.315,+0.983
1630176300,+3.48,+30.762, +7.303,+0.983
1630176360,+3.48,+30.770, +7.257,+0.982
1630176420,+3.48,+30.753, +7.362,+0.982
1630176480,+3.48,+30.796, +7.553,+0.982
1630176540,+3.48,+30.805, +7.816,+0.983
1630176600,+3.48,+30.814, +7.754,+0.982
1630176660,+3.48,+30.814, +7.792,+0.982
1630176720,+3.48,+30.831, +7.769,+0.982
1630176780,+3.48,+30.840, +7.713,+0.983
1630176840,+3.49,+30.866, +7.641,+0.982
1630176900,+3.49,+30.900, +7.806,+0.982
1630176960,+3.49,+30.918, +7.912,+0.982
1630177020,+3.49,+30.909, +7.996,+0.982
1630177080,+3.49,+30.953, +8.037,+0.983
1630177140,+3.49,+30.961, +8.055,+0.982
1630177200,+3.49,+30.953, +8.094,+0.983
1630177260,+3.49,+30.935, +8.087,+0.983
1630177320,+3.49,+30.927, +7.964,+0.983
1630177380,+3.49,+30.927, +7.914,+0.981
1630177440,+3.49,+30.883, +7.839,+0.982
1630177500,+3.49,+30.874, +7.966,+0.982
1630177560,+3.49,+30.857, +8.009,+0.982
1630177620,+3.49,+30.883, +7.987,+0.982
1630177680,+3.49,+30.883, +8.120,+0.982
1630177740,+3.49,+30.909, +8.043,+0.981
1630177800,+3.49,+30.909, +8.413,+0.983
1630177860,+3.49,+30.944, +8.449,+0.982
1630177920,+3.49,+30.944, +8.471,+0.983
1630177980,+3.49,+30.961, +8.366,+0.982
1630178040,+3.49,+30.970, +8.303,+0.983
1630178100,+3.49,+31.005, +8.365,+0.982
1630178160,+3.49,+31.039, +8.397,+0.982
1630178220,+3.49,+31.083, +8.779,+0.982
1630178280,+3.49,+31.126, +8.879,+0.982
1630178340,+3.49,+31.135, +9.024,+0.982
1630178400,+3.49,+31.152, +9.103,+0.982
1630178460,+3.49,+31.152, +9.459,+0.983
1630178520,+3.49,+31.135, +9.524,+0.982
1630178580,+3.49,+31.118, +9.357,+0.982
1630178640,+3.49,+31.152, +9.384,+0.982
1630178700,+3.49,+31.135, +9.523,+0.983
1630178760,+3.49,+31.170, +9.581,+0.983
1630178820,+3.49,+31.135, +9.528,+0.983
1630178880,+3.49,+31.126, +9.479,+0.983
1630178940,+3.49,+31.109, +9.445,+0.983
1630179000,+3.49,+31.109, +9.643,+0.982
1630179060,+3.49,+31.109, +9.876,+0.981
1630179120,+3.49,+31.118, +9.990,+0.983
1630179180,+3.49,+31.083, +9.836,+0.982
1630179240,+3.49,+31.083, +9.715,+0.982
1630179300,+3.49,+31.100, +9.668,+0.983
1630179360,+3.49,+31.109, +9.572,+0.982
1630179420,+3.49,+31.074, +9.486,+0.983
1630179480,+3.49,+31.057, +9.319,+0.981
1630179540,+3.49,+31.013, +9.175,+0.982
1630179600,+3.49,+31.031, +9.177,+0.982
1630179660,+3.49,+31.039, +9.213,+0.982
1630179720,+3.49,+31.022, +9.197,+0.982
1630179780,+3.49,+31.031, +9.219,+0.982
1630179840,+3.49,+31.039, +9.592,+0.983
1630179900,+3.49,+31.065,+10.345,+0.983
1630179960,+3.49,+31.179,+10.994,+0.984
1630180020,+3.49,+31.161,+10.742,+0.983
1630180080,+3.49,+31.179,+10.490,+0.982
1630180140,+3.49,+31.205,+10.369,+0.981
1630180200,+3.49,+31.179,+10.241,+0.983
1630180260,+3.49,+31.100, +9.799,+0.984
1630180320,+3.49,+31.083, +9.288,+0.981
1630180380,+3.49,+31.039, +8.979,+0.982
1630180440,+3.49,+31.048, +8.713,+0.982
1630180500,+3.49,+31.065, +8.655,+0.982
1630180560,+3.49,+31.039, +8.716,+0.982
1630180620,+3.49,+31.057, +8.647,+0.982
1630180680,+3.49,+31.074, +8.592,+0.982
1630180740,+3.49,+31.118, +8.519,+0.981
1630180800,+3.49,+31.144, +8.601,+0.982
1630180860,+3.49,+31.144, +8.862,+0.981
1630180920,+3.49,+31.179, +9.025,+0.982
1630180980,+3.49,+31.257, +9.373,+0.983
1630181040,+3.49,+31.283, +9.524,+0.981
1630181100,+3.49,+31.309, +9.580,+0.983
1630181160,+3.49,+31.387,+10.043,+0.983
1630181220,+3.49,+31.440,+10.818,+0.983
1630181280,+3.49,+31.457,+10.971,+0.983
1630181340,+3.49,+31.448,+10.616,+0.983
1630181400,+3.49,+31.414,+10.257,+0.982
1630181460,+3.49,+31.431,+10.581,+0.983
1630181520,+3.49,+31.396,+10.454,+0.983
1630181580,+3.49,+31.387,+10.248,+0.982
1630181640,+3.49,+31.344,+10.506,+0.983
1630181700,+3.49,+31.326,+10.579,+0.982
1630181760,+3.49,+31.292,+10.583,+0.983
1630181820,+3.49,+31.257,+10.438,+0.983
1630181880,+3.49,+31.274,+10.361,+0.983
1630181940,+3.49,+31.318,+10.366,+0.982
1630182000,+3.49,+31.344,+10.405,+0.983
1630182060,+3.49,+31.396,+10.583,+0.983
1630182120,+3.49,+31.448,+10.865,+0.982
1630182180,+3.49,+31.440,+10.958,+0.982
1630182240,+3.49,+31.457,+10.965,+0.982
1630182300,+3.49,+31.475,+10.992,+0.983
1630182360,+3.49,+31.553,+11.364,+0.981
1630182420,+3.49,+31.570,+11.664,+0.983
1630182480,+3.49,+31.544,+11.608,+0.981
1630182540,+3.49,+31.527,+11.462,+0.982
1630182600,+3.49,+31.483,+11.313,+0.981
1630182660,+3.49,+31.448,+11.125,+0.983
1630182720,+3.49,+31.379,+10.909,+0.983
1630182780,+3.49,+31.318,+10.631,+0.982
1630182840,+3.49,+31.257,+10.429,+0.982
1630182900,+3.49,+31.231,+10.355,+0.983
1630182960,+3.49,+31.222,+10.409,+0.984
1630183020,+3.49,+31.187,+10.342,+0.982
1630183080,+3.49,+31.205,+10.447,+0.982
1630183140,+3.49,+31.231,+10.900,+0.983
1630183200,+3.49,+31.257,+10.968,+0.983
1630183260,+3.49,+31.292,+11.314,+0.985
1630183320,+3.49,+31.300,+11.223,+0.984
1630183380,+3.49,+31.318,+11.145,+0.983
1630183440,+3.49,+31.309,+11.128,+0.984
1630183500,+3.49,+31.266,+10.918,+0.982
1630183560,+3.49,+31.266,+10.808,+0.983
1630183620,+3.49,+31.283,+10.806,+0.983
1630183680,+3.49,+31.231,+10.432,+0.983
1630183740,+3.49,+31.213,+10.421,+0.984
1630183800,+3.49,+31.266,+10.631,+0.982
1630183860,+3.49,+31.283,+10.820,+0.984
1630183920,+3.49,+31.300,+11.072,+0.983
1630183980,+3.49,+31.326,+11.288,+0.983
1630184040,+3.49,+31.326,+11.427,+0.984
1630184100,+3.49,+31.335,+11.434,+0.983
1630184160,+3.49,+31.326,+11.313,+0.983
1630184220,+3.49,+31.318,+11.238,+0.983
1630184280,+3.49,+31.326,+11.165,+0.983
1630184340,+3.49,+31.309,+11.101,+0.983
1630184400,+3.49,+31.300,+11.115,+0.984
1630184460,+3.49,+31.344,+11.358,+0.983
1630184520,+3.49,+31.414,+12.103,+0.983
1630184580,+3.49,+31.448,+12.622,+0.984
1630184640,+3.49,+31.466,+12.784,+0.984
1630184700,+3.49,+31.475,+12.782,+0.984
1630184760,+3.49,+31.518,+12.890,+0.985
1630184820,+3.49,+31.536,+12.930,+0.983
1630184880,+3.49,+31.536,+13.045,+0.984
1630184940,+3.49,+31.553,+13.099,+0.984
1630185000,+3.49,+31.544,+12.853,+0.983
1630185060,+3.49,+31.588,+13.326,+0.985
1630185120,+3.49,+31.562,+13.566,+0.985
1630185180,+3.49,+31.579,+13.355,+0.983
1630185240,+3.49,+31.597,+13.190,+0.984
1630185300,+3.49,+31.632,+13.168,+0.983
1630185360,+3.49,+31.623,+12.928,+0.983
1630185420,+3.49,+31.597,+12.660,+0.983
1630185480,+3.49,+31.570,+12.341,+0.982
1630185540,+3.49,+31.597,+12.416,+0.983
1630185600,+3.49,+31.693,+13.536,+0.983
1630185660,+3.49,+31.632,+13.389,+0.984
1630185720,+3.49,+31.605,+12.907,+0.984
1630185780,+3.49,+31.614,+12.769,+0.984
1630185840,+3.49,+31.614,+12.739,+0.984
1630185900,+3.49,+31.649,+12.716,+0.981
1630185960,+3.49,+31.640,+12.808,+0.983
1630186020,+3.49,+31.588,+12.493,+0.983
1630186080,+3.49,+31.562,+12.322,+0.982
1630186140,+3.49,+31.501,+11.856,+0.982
1630186200,+3.49,+31.501,+11.646,+0.982
1630186260,+3.49,+31.483,+11.624,+0.983
1630186320,+3.49,+31.448,+11.446,+0.983
1630186380,+3.49,+31.422,+11.193,+0.981
1630186440,+3.49,+31.422,+11.084,+0.982
1630186500,+3.49,+31.396,+11.107,+0.982
1630186560,+3.49,+31.422,+11.425,+0.983
1630186620,+3.49,+31.448,+11.579,+0.984
1630186680,+3.49,+31.492,+11.867,+0.983
1630186740,+3.49,+31.544,+12.912,+0.984
1630186800,+3.49,+31.597,+13.551,+0.983
1630186860,+3.49,+31.579,+13.990,+0.983
1630186920,+3.49,+31.562,+13.902,+0.982
1630186980,+3.49,+31.536,+13.714,+0.983
1630187040,+3.49,+31.536,+13.815,+0.983
1630187100,+3.49,+31.544,+13.728,+0.984
1630187160,+3.49,+31.597,+14.385,+0.985
1630187220,+3.49,+31.623,+15.243,+0.986
1630187280,+3.49,+31.684,+15.856,+0.984
1630187340,+3.49,+31.675,+16.159,+0.985
1630187400,+3.49,+31.640,+15.821,+0.982
1630187460,+3.49,+31.605,+15.263,+0.986
1630187520,+3.49,+31.579,+14.649,+0.983
1630187580,+3.49,+31.579,+14.328,+0.984
1630187640,+3.49,+31.579,+14.656,+0.984
1630187700,+3.49,+31.570,+14.840,+0.985
1630187760,+3.49,+31.579,+14.885,+0.985
1630187820,+3.49,+31.597,+14.990,+0.984
1630187880,+3.49,+31.605,+15.280,+0.983
1630187940,+3.49,+31.666,+15.632,+0.985
1630188000,+3.49,+31.745,+16.157,+0.983
1630188060,+3.49,+31.797,+16.844,+0.985
1630188120,+3.49,+31.780,+16.552,+0.984
1630188180,+3.48,+31.841,+16.754,+0.984
1630188240,+3.48,+31.867,+17.101,+0.984
1630188300,+3.48,+31.920,+17.334,+0.984
1630188360,+3.48,+31.876,+16.562,+0.983
1630188420,+3.48,+31.885,+16.301,+0.984
1630188480,+3.48,+31.876,+16.027,+0.986
1630188540,+3.48,+31.841,+14.313,+0.985
1630188600,+3.48,+31.832,+13.888,+0.983
1630188660,+3.49,+31.789,+13.311,+0.982
1630188720,+3.48,+31.780,+12.830,+0.982
1630188780,+3.49,+31.815,+12.810,+0.983
1630188840,+3.49,+31.832,+13.087,+0.983
1630188900,+3.49,+31.789,+12.824,+0.981
1630188960,+3.49,+31.762,+13.166,+0.983
1630189020,+3.49,+31.762,+13.287,+0.983
1630189080,+3.49,+31.762,+13.223,+0.983
1630189140,+3.49,+31.762,+12.958,+0.984
1630189200,+3.49,+31.710,+12.560,+0.984
1630189260,+3.49,+31.693,+12.302,+0.983
1630189320,+3.49,+31.762,+12.338,+0.983
1630189380,+3.49,+31.728,+12.297,+0.982
1630189440,+3.49,+31.675,+12.063,+0.982
1630189500,+3.49,+31.623,+11.821,+0.984
1630189560,+3.49,+31.640,+11.653,+0.983
1630189620,+3.49,+31.658,+11.941,+0.983
1630189680,+3.49,+31.684,+12.160,+0.983
1630189740,+3.49,+31.701,+12.820,+0.983
1630189800,+3.49,+31.728,+13.233,+0.982
1630189860,+3.49,+31.736,+13.128,+0.982
1630189920,+3.49,+31.736,+13.018,+0.984
1630189980,+3.49,+31.736,+12.940,+0.984
1630190040,+3.49,+31.701,+12.688,+0.983
1630190100,+3.49,+31.719,+12.542,+0.984
1630190160,+3.49,+31.728,+12.511,+0.983
1630190220,+3.49,+31.710,+13.031,+0.984
1630190280,+3.49,+31.728,+13.200,+0.983
1630190340,+3.49,+31.771,+13.416,+0.984
1630190400,+3.49,+31.780,+13.722,+0.983
1630190460,+3.49,+31.762,+13.428,+0.982
1630190520,+3.49,+31.771,+13.912,+0.985
1630190580,+3.49,+31.745,+14.333,+0.984
1630190640,+3.49,+31.728,+14.213,+0.983
1630190700,+3.49,+31.780,+14.377,+0.983
1630190760,+3.49,+31.832,+14.841,+0.985
1630190820,+3.49,+31.824,+14.915,+0.983
1630190880,+3.49,+31.815,+15.021,+0.983
1630190940,+3.49,+31.824,+15.478,+0.984
1630191000,+3.49,+31.806,+15.588,+0.985
1630191060,+3.49,+31.806,+15.811,+0.985
1630191120,+3.49,+31.754,+15.538,+0.985
1630191180,+3.49,+31.736,+15.225,+0.982
1630191240,+3.49,+31.736,+15.410,+0.984
1630191300,+3.49,+31.754,+15.927,+0.986
1630191360,+3.49,+31.754,+15.892,+0.985
1630191420,+3.49,+31.780,+16.222,+0.985
1630191480,+3.49,+31.832,+17.044,+0.986
1630191540,+3.49,+31.762,+16.527,+0.987
1630191600,+3.49,+31.754,+16.175,+0.985
1630191660,+3.49,+31.745,+15.922,+0.984
1630191720,+3.49,+31.754,+15.769,+0.984
1630191780,+3.49,+31.762,+15.852,+0.983
1630191840,+3.49,+31.754,+15.939,+0.985
1630191900,+3.49,+31.780,+16.226,+0.985
1630191960,+3.49,+31.797,+16.383,+0.984
1630192020,+3.49,+31.789,+16.526,+0.986
1630192080,+3.49,+31.806,+16.515,+0.986
1630192140,+3.49,+31.841,+16.908,+0.984
1630192200,+3.49,+31.876,+17.564,+0.985
1630192260,+3.49,+31.920,+17.953,+0.985
1630192320,+3.49,+31.920,+17.958,+0.985
1630192380,+3.48,+31.928,+17.761,+0.985
1630192440,+3.48,+31.894,+17.216,+0.984
1630192500,+3.49,+31.885,+16.972,+0.984
1630192560,+3.48,+31.867,+16.684,+0.986
1630192620,+3.49,+31.815,+16.195,+0.984
1630192680,+3.49,+31.806,+15.711,+0.985
1630192740,+3.49,+31.797,+15.497,+0.984
1630192800,+3.49,+31.780,+15.056,+0.984
1630192860,+3.49,+31.780,+15.634,+0.985
1630192920,+3.49,+31.815,+16.203,+0.985
1630192980,+3.49,+31.859,+16.180,+0.985
1630193040,+3.49,+31.867,+16.211,+0.983
1630193100,+3.49,+31.911,+17.163,+0.984
1630193160,+3.49,+31.946,+17.553,+0.984
1630193220,+3.49,+31.981,+18.076,+0.985
1630193280,+3.49,+31.972,+18.164,+0.984
1630193340,+3.49,+31.990,+18.342,+0.985
1630193400,+3.49,+31.981,+17.991,+0.982
1630193460,+3.49,+31.998,+17.967,+0.984
1630193520,+3.49,+32.016,+18.119,+0.985
1630193580,+3.49,+32.007,+18.118,+0.985
1630193640,+3.49,+31.972,+17.837,+0.985
1630193700,+3.49,+31.972,+17.595,+0.986
1630193760,+3.49,+31.963,+17.373,+0.985
1630193820,+3.49,+31.946,+17.233,+0.983
1630193880,+3.49,+31.955,+17.295,+0.985
1630193940,+3.49,+31.963,+17.498,+0.986
1630194000,+3.49,+31.963,+17.934,+0.985
1630194060,+3.49,+31.963,+17.652,+0.981
1630194120,+3.49,+31.937,+16.876,+0.985
1630194180,+3.49,+31.920,+16.507,+0.985
1630194240,+3.49,+31.928,+16.837,+0.984
1630194300,+3.49,+31.920,+16.876,+0.986
1630194360,+3.48,+31.876,+16.573,+0.985
1630194420,+3.49,+31.885,+16.542,+0.986
1630194480,+3.49,+31.902,+16.659,+0.984
1630194540,+3.49,+31.911,+16.672,+0.984
1630194600,+3.49,+31.920,+16.700,+0.986
1630194660,+3.49,+31.911,+16.708,+0.982
1630194720,+3.48,+31.876,+16.724,+0.985
1630194780,+3.49,+31.911,+16.785,+0.984
1630194840,+3.49,+31.911,+16.620,+0.986
1630194900,+3.49,+31.937,+16.540,+0.985
1630194960,+3.49,+31.928,+16.456,+0.985
1630195020,+3.49,+31.902,+16.326,+0.984
1630195080,+3.49,+31.902,+16.175,+0.985
1630195140,+3.49,+31.885,+15.884,+0.983
1630195200,+3.49,+31.859,+15.763,+0.985
1630195260,+3.49,+31.894,+15.741,+0.985
1630195320,+3.49,+31.859,+15.777,+0.983
1630195380,+3.49,+31.876,+15.657,+0.983
1630195440,+3.49,+31.902,+15.657,+0.986
1630195500,+3.48,+31.928,+16.184,+0.983
1630195560,+3.49,+31.920,+16.292,+0.983
1630195620,+3.49,+31.920,+16.283,+0.986
1630195680,+3.49,+31.937,+16.075,+0.984
1630195740,+3.49,+31.911,+15.874,+0.984
1630195800,+3.49,+31.894,+15.683,+0.984
1630195860,+3.49,+31.920,+15.660,+0.984
1630195920,+3.49,+31.902,+15.897,+0.984
1630195980,+3.49,+31.920,+15.838,+0.984
1630196040,+3.49,+31.902,+15.666,+0.984
1630196100,+3.49,+31.902,+15.563,+0.985
1630196160,+3.49,+31.937,+15.461,+0.984
1630196220,+3.49,+31.937,+15.311,+0.984
1630196280,+3.49,+31.955,+15.240,+0.984
1630196340,+3.49,+31.928,+15.088,+0.982
1630196400,+3.49,+31.937,+14.956,+0.984
1630196460,+3.49,+31.937,+14.826,+0.984
1630196520,+3.49,+31.955,+14.678,+0.984
1630196580,+3.49,+31.894,+14.041,+0.986
1630196640,+3.49,+31.928,+14.159,+0.986
1630196700,+3.49,+31.955,+14.171,+0.983
1630196760,+3.49,+31.998,+14.374,+0.982
1630196820,+3.49,+32.025,+14.800,+0.984
1630196880,+3.49,+32.025,+14.973,+0.983
1630196940,+3.49,+31.990,+14.929,+0.985
1630197000,+3.49,+31.990,+14.841,+0.984
1630197060,+3.49,+31.990,+14.879,+0.983
1630197120,+3.49,+31.998,+15.060,+0.985
1630197180,+3.49,+31.990,+15.056,+0.984
1630197240,+3.49,+31.990,+14.987,+0.985
1630197300,+3.49,+31.972,+14.867,+0.985
1630197360,+3.49,+31.955,+14.730,+0.984
1630197420,+3.49,+31.937,+14.719,+0.984
1630197480,+3.49,+31.928,+14.803,+0.985
1630197540,+3.49,+31.955,+14.691,+0.983
1630197600,+3.49,+31.946,+14.664,+0.984
1630197660,+3.49,+31.981,+15.031,+0.986
1630197720,+3.49,+31.981,+15.013,+0.983
1630197780,+3.49,+31.981,+15.123,+0.985
1630197840,+3.49,+31.946,+14.733,+0.982
1630197900,+3.49,+31.972,+14.774,+0.985
1630197960,+3.49,+31.981,+14.763,+0.983
1630198020,+3.49,+31.972,+14.753,+0.983
1630198080,+3.49,+31.963,+14.652,+0.983
1630198140,+3.49,+31.963,+14.470,+0.984
1630198200,+3.49,+31.937,+14.248,+0.984
1630198260,+3.49,+31.946,+14.080,+0.983
1630198320,+3.49,+31.946,+13.976,+0.982
1630198380,+3.49,+31.955,+13.986,+0.984
1630198440,+3.49,+31.955,+14.066,+0.985
1630198500,+3.49,+31.963,+13.938,+0.984
1630198560,+3.49,+31.972,+13.880,+0.984
1630198620,+3.49,+31.955,+13.777,+0.984
1630198680,+3.49,+31.928,+13.743,+0.983
1630198740,+3.49,+31.946,+13.726,+0.984
1630198800,+3.49,+31.972,+13.739,+0.984
1630198860,+3.49,+31.972,+13.755,+0.984
1630198920,+3.49,+31.990,+13.679,+0.984
1630198980,+3.49,+31.972,+13.708,+0.984
1630199040,+3.49,+31.955,+13.465,+0.983
1630199100,+3.49,+31.920,+13.236,+0.984
1630199160,+3.49,+31.920,+13.088,+0.984
1630199220,+3.49,+31.928,+13.009,+0.983
1630199280,+3.49,+31.937,+13.119,+0.985
1630199340,+3.49,+31.955,+13.093,+0.983
