7450-387970
OS REV: 1.05 Sensor Cal: 1615486469
Time (sec),  BV (Volts),  T (deg C),  DO (mg/l),  Q ()
1631149800,+3.48,+31.422,+20.015,+0.986
1631149860,+3.48,+31.405,+19.973,+0.986
1631149920,+3.48,+31.414,+19.884,+0.986
1631149980,+3.48,+31.414,+19.803,+0.987
1631150040,+3.48,+31.405,+19.701,+0.986
1631150100,+3.48,+31.387,+19.624,+0.985
1631150160,+3.48,+31.396,+19.563,+0.986
1631150220,+3.48,+31.387,+19.493,+0.985
1631150280,+3.48,+31.370,+19.470,+0.988
1631150340,+3.48,+31.370,+19.315,+0.987
1631150400,+3.48,+31.361,+19.109,+0.985
1631150460,+3.48,+31.353,+19.079,+0.989
1631150520,+3.48,+31.353,+18.925,+0.988
1631150580,+3.48,+31.353,+18.737,+0.987
1631150640,+3.48,+31.344,+18.607,+0.986
1631150700,+3.48,+31.326,+18.471,+0.983
1631150760,+3.48,+31.326,+18.484,+0.984
1631150820,+3.48,+31.318,+18.566,+0.985
1631150880,+3.48,+31.300,+18.629,+0.985
1631150940,+3.48,+31.300,+18.634,+0.984
1631151000,+3.48,+31.292,+18.677,+0.984
1631151060,+3.49,+31.292,+18.699,+0.985
1631151120,+3.48,+31.292,+18.723,+0.987
1631151180,+3.48,+31.248,+18.737,+0.986
1631151240,+3.49,+31.274,+18.737,+0.986
1631151300,+3.49,+31.248,+18.850,+0.989
1631151360,+3.49,+31.239,+18.770,+0.986
1631151420,+3.49,+31.231,+18.793,+0.987
1631151480,+3.49,+31.231,+18.694,+0.986
1631151540,+3.49,+31.213,+18.629,+0.985
1631151600,+3.49,+31.196,+18.666,+0.988
1631151660,+3.49,+31.196,+18.579,+0.985
1631151720,+3.49,+31.170,+18.609,+0.987
1631151780,+3.49,+31.161,+18.599,+0.989
1631151840,+3.49,+31.161,+18.527,+0.986
1631151900,+3.49,+31.161,+18.443,+0.984
1631151960,+3.49,+31.135,+18.498,+0.986
1631152020,+3.49,+31.135,+18.450,+0.988
1631152080,+3.49,+31.135,+18.353,+0.987
1631152140,+3.49,+31.118,+18.243,+0.985
1631152200,+3.49,+31.109,+18.194,+0.986
1631152260,+3.49,+31.100,+18.106,+0.986
1631152320,+3.49,+31.109,+18.002,+0.986
1631152380,+3.49,+31.092,+17.957,+0.988
1631152440,+3.49,+31.074,+17.808,+0.987
1631152500,+3.49,+31.065,+17.650,+0.985
1631152560,+3.49,+31.048,+17.683,+0.988
1631152620,+3.49,+31.039,+17.537,+0.985
1631152680,+3.49,+31.048,+17.439,+0.985
1631152740,+3.49,+31.039,+17.416,+0.985
1631152800,+3.49,+31.031,+17.385,+0.985
1631152860,+3.49,+31.005,+17.423,+0.987
1631152920,+3.49,+30.996,+17.395,+0.986
1631152980,+3.49,+31.005,+17.378,+0.986
1631153040,+3.49,+30.987,+17.349,+0.985
1631153100,+3.49,+30.987,+17.317,+0.985
1631153160,+3.49,+30.979,+17.319,+0.986
1631153220,+3.49,+30.953,+17.350,+0.986
1631153280,+3.49,+30.953,+17.302,+0.985
1631153340,+3.49,+30.944,+17.327,+0.986
1631153400,+3.49,+30.944,+17.340,+0.987
1631153460,+3.49,+30.935,+17.368,+0.987
1631153520,+3.49,+30.900,+17.397,+0.985
1631153580,+3.48,+30.918,+17.447,+0.986
1631153640,+3.48,+30.900,+17.499,+0.987
1631153700,+3.48,+30.892,+17.401,+0.985
1631153760,+3.48,+30.866,+17.380,+0.986
1631153820,+3.48,+30.883,+17.288,+0.986
1631153880,+3.48,+30.857,+17.187,+0.986
1631153940,+3.48,+30.848,+17.169,+0.988
1631154000,+3.48,+30.848,+17.089,+0.986
1631154060,+3.48,+30.857,+17.028,+0.986
1631154120,+3.48,+30.822,+17.020,+0.988
1631154180,+3.48,+30.840,+16.870,+0.988
1631154240,+3.48,+30.805,+16.738,+0.988
1631154300,+3.48,+30.814,+16.556,+0.985
1631154360,+3.48,+30.796,+16.466,+0.987
1631154420,+3.48,+30.788,+16.338,+0.985
1631154480,+3.48,+30.770,+16.336,+0.988
1631154540,+3.48,+30.770,+16.207,+0.988
1631154600,+3.48,+30.762,+16.097,+0.987
1631154660,+3.48,+30.753,+15.871,+0.983
1631154720,+3.48,+30.744,+15.795,+0.986
1631154780,+3.48,+30.727,+15.671,+0.986
1631154840,+3.48,+30.718,+15.528,+0.985
1631154900,+3.48,+30.710,+15.431,+0.985
1631154960,+3.48,+30.692,+15.385,+0.986
1631155020,+3.48,+30.692,+15.271,+0.985
1631155080,+3.48,+30.675,+15.221,+0.986
1631155140,+3.48,+30.675,+15.156,+0.985
1631155200,+3.48,+30.684,+15.105,+0.985
1631155260,+3.48,+30.658,+15.040,+0.984
1631155320,+3.48,+30.640,+15.115,+0.987
1631155380,+3.48,+30.640,+15.070,+0.987
1631155440,+3.48,+30.623,+15.024,+0.986
1631155500,+3.48,+30.614,+15.062,+0.986
1631155560,+3.48,+30.623,+15.045,+0.987
1631155620,+3.48,+30.614,+14.932,+0.985
1631155680,+3.48,+30.606,+14.918,+0.984
1631155740,+3.48,+30.580,+14.917,+0.984
1631155800,+3.48,+30.571,+14.860,+0.985
1631155860,+3.48,+30.580,+14.795,+0.985
1631155920,+3.48,+30.554,+14.726,+0.984
1631155980,+3.48,+30.562,+14.671,+0.984
1631156040,+3.48,+30.554,+14.553,+0.984
1631156100,+3.48,+30.528,+14.520,+0.986
1631156160,+3.48,+30.528,+14.470,+0.985
1631156220,+3.48,+30.536,+14.499,+0.986
1631156280,+3.48,+30.519,+14.482,+0.985
1631156340,+3.48,+30.519,+14.432,+0.985
1631156400,+3.48,+30.502,+14.371,+0.984
1631156460,+3.48,+30.493,+14.382,+0.986
1631156520,+3.48,+30.467,+14.329,+0.985
1631156580,+3.48,+30.467,+14.288,+0.985
1631156640,+3.48,+30.450,+14.260,+0.984
1631156700,+3.48,+30.441,+14.247,+0.984
1631156760,+3.48,+30.450,+14.254,+0.985
1631156820,+3.48,+30.432,+14.232,+0.985
1631156880,+3.48,+30.441,+14.162,+0.984
1631156940,+3.48,+30.424,+14.201,+0.985
1631157000,+3.48,+30.415,+14.166,+0.984
1631157060,+3.48,+30.406,+14.189,+0.986
1631157120,+3.48,+30.380,+14.162,+0.986
1631157180,+3.48,+30.389,+14.123,+0.984
1631157240,+3.48,+30.372,+14.138,+0.984
1631157300,+3.48,+30.372,+14.157,+0.986
1631157360,+3.48,+30.363,+14.103,+0.985
1631157420,+3.48,+30.355,+14.071,+0.986
1631157480,+3.48,+30.337,+13.966,+0.984
1631157540,+3.48,+30.337,+13.925,+0.985
1631157600,+3.48,+30.329,+13.889,+0.985
1631157660,+3.48,+30.320,+13.846,+0.986
1631157720,+3.48,+30.320,+13.783,+0.986
1631157780,+3.48,+30.303,+13.770,+0.986
1631157840,+3.49,+30.303,+13.702,+0.985
1631157900,+3.49,+30.285,+13.652,+0.985
1631157960,+3.49,+30.277,+13.589,+0.985
1631158020,+3.49,+30.268,+13.577,+0.986
1631158080,+3.49,+30.259,+13.498,+0.985
1631158140,+3.49,+30.259,+13.389,+0.985
1631158200,+3.49,+30.259,+13.317,+0.985
1631158260,+3.49,+30.234,+13.255,+0.985
1631158320,+3.49,+30.242,+13.185,+0.985
1631158380,+3.49,+30.242,+13.152,+0.985
1631158440,+3.49,+30.225,+13.107,+0.985
1631158500,+3.49,+30.216,+12.985,+0.984
1631158560,+3.49,+30.208,+12.921,+0.986
1631158620,+3.49,+30.208,+12.829,+0.985
1631158680,+3.49,+30.190,+12.759,+0.985
1631158740,+3.49,+30.190,+12.672,+0.985
1631158800,+3.49,+30.190,+12.611,+0.985
1631158860,+3.49,+30.173,+12.535,+0.983
1631158920,+3.49,+30.182,+12.479,+0.984
1631158980,+3.49,+30.182,+12.447,+0.985
1631159040,+3.49,+30.164,+12.367,+0.985
1631159100,+3.49,+30.147,+12.324,+0.984
1631159160,+3.49,+30.130,+12.383,+0.985
1631159220,+3.49,+30.147,+12.413,+0.984
1631159280,+3.49,+30.147,+12.465,+0.985
1631159340,+3.49,+30.113,+12.495,+0.985
1631159400,+3.49,+30.113,+12.483,+0.984
1631159460,+3.49,+30.113,+12.520,+0.986
1631159520,+3.49,+30.104,+12.535,+0.985
1631159580,+3.49,+30.104,+12.555,+0.984
1631159640,+3.49,+30.087,+12.630,+0.985
1631159700,+3.49,+30.087,+12.703,+0.986
1631159760,+3.49,+30.069,+12.790,+0.984
1631159820,+3.49,+30.069,+12.922,+0.985
1631159880,+3.49,+30.052,+13.050,+0.985
1631159940,+3.49,+30.043,+13.070,+0.983
1631160000,+3.49,+30.035,+13.121,+0.984
1631160060,+3.49,+30.043,+13.180,+0.985
1631160120,+3.49,+30.026,+13.205,+0.986
1631160180,+3.49,+29.992,+13.174,+0.985
1631160240,+3.49,+30.018,+13.183,+0.986
1631160300,+3.49,+30.009,+13.167,+0.985
1631160360,+3.49,+30.009,+13.204,+0.986
1631160420,+3.49,+29.992,+13.232,+0.986
1631160480,+3.49,+29.974,+13.298,+0.987
1631160540,+3.49,+29.974,+13.319,+0.986
1631160600,+3.49,+29.974,+13.364,+0.986
1631160660,+3.49,+29.957,+13.386,+0.985
1631160720,+3.49,+29.957,+13.432,+0.986
1631160780,+3.49,+29.940,+13.453,+0.985
1631160840,+3.49,+29.923,+13.459,+0.985
1631160900,+3.49,+29.923,+13.464,+0.985
1631160960,+3.49,+29.923,+13.482,+0.985
1631161020,+3.49,+29.931,+13.496,+0.986
1631161080,+3.49,+29.905,+13.512,+0.986
1631161140,+3.49,+29.888,+13.485,+0.986
1631161200,+3.49,+29.888,+13.451,+0.986
1631161260,+3.49,+29.888,+13.430,+0.986
1631161320,+3.49,+29.880,+13.389,+0.985
1631161380,+3.49,+29.871,+13.396,+0.986
1631161440,+3.49,+29.862,+13.311,+0.984
1631161500,+3.49,+29.871,+13.301,+0.987
1631161560,+3.49,+29.862,+13.214,+0.984
1631161620,+3.49,+29.836,+13.127,+0.984
1631161680,+3.49,+29.862,+13.024,+0.985
1631161740,+3.49,+29.854,+12.904,+0.985
1631161800,+3.49,+29.811,+12.813,+0.986
1631161860,+3.49,+29.828,+12.675,+0.985
1631161920,+3.49,+29.828,+12.551,+0.985
1631161980,+3.48,+29.793,+12.434,+0.985
1631162040,+3.48,+29.793,+12.340,+0.984
1631162100,+3.48,+29.793,+12.286,+0.986
1631162160,+3.48,+29.793,+12.192,+0.986
1631162220,+3.48,+29.793,+12.076,+0.985
1631162280,+3.48,+29.759,+11.951,+0.984
1631162340,+3.48,+29.759,+11.871,+0.985
1631162400,+3.48,+29.768,+11.776,+0.986
1631162460,+3.48,+29.750,+11.651,+0.985
1631162520,+3.48,+29.742,+11.538,+0.986
1631162580,+3.48,+29.742,+11.405,+0.985
1631162640,+3.48,+29.742,+11.269,+0.984
1631162700,+3.48,+29.724,+11.156,+0.985
1631162760,+3.48,+29.742,+11.044,+0.986
1631162820,+3.48,+29.716,+10.907,+0.984
1631162880,+3.48,+29.707,+10.802,+0.984
1631162940,+3.48,+29.707,+10.714,+0.985
1631163000,+3.48,+29.690,+10.582,+0.985
1631163060,+3.48,+29.699,+10.441,+0.985
1631163120,+3.48,+29.690,+10.277,+0.985
1631163180,+3.48,+29.673,+10.070,+0.983
1631163240,+3.48,+29.647, +9.978,+0.984
1631163300,+3.48,+29.656, +9.873,+0.983
1631163360,+3.48,+29.647, +9.791,+0.983
1631163420,+3.48,+29.656, +9.740,+0.984
1631163480,+3.48,+29.638, +9.680,+0.983
1631163540,+3.48,+29.621, +9.607,+0.983
1631163600,+3.48,+29.621, +9.497,+0.983
1631163660,+3.48,+29.630, +9.373,+0.982
1631163720,+3.48,+29.630, +9.281,+0.982
1631163780,+3.48,+29.613, +9.198,+0.982
1631163840,+3.48,+29.604, +9.116,+0.983
1631163900,+3.48,+29.595, +8.990,+0.982
1631163960,+3.48,+29.587, +8.883,+0.982
1631164020,+3.48,+29.569, +8.786,+0.983
1631164080,+3.48,+29.569, +8.664,+0.983
1631164140,+3.48,+29.569, +8.599,+0.982
1631164200,+3.48,+29.552, +8.570,+0.982
1631164260,+3.48,+29.552, +8.560,+0.983
1631164320,+3.48,+29.544, +8.532,+0.982
1631164380,+3.48,+29.544, +8.516,+0.982
1631164440,+3.48,+29.544, +8.478,+0.982
1631164500,+3.48,+29.518, +8.434,+0.983
1631164560,+3.48,+29.526, +8.376,+0.983
1631164620,+3.48,+29.526, +8.383,+0.982
1631164680,+3.48,+29.509, +8.388,+0.982
1631164740,+3.48,+29.492, +8.442,+0.982
1631164800,+3.48,+29.492, +8.469,+0.981
1631164860,+3.48,+29.492, +8.494,+0.982
1631164920,+3.48,+29.466, +8.501,+0.982
1631164980,+3.48,+29.466, +8.514,+0.982
1631165040,+3.48,+29.466, +8.547,+0.982
1631165100,+3.48,+29.458, +8.583,+0.982
1631165160,+3.48,+29.449, +8.769,+0.981
1631165220,+3.48,+29.423, +9.068,+0.980
1631165280,+3.48,+29.449, +9.285,+0.981
1631165340,+3.48,+29.432, +9.398,+0.982
1631165400,+3.48,+29.423, +9.386,+0.981
1631165460,+3.48,+29.415, +9.331,+0.982
1631165520,+3.48,+29.406, +9.268,+0.983
1631165580,+3.48,+29.397, +9.142,+0.982
1631165640,+3.48,+29.380, +9.012,+0.982
1631165700,+3.48,+29.389, +8.892,+0.982
1631165760,+3.48,+29.363, +8.788,+0.983
1631165820,+3.48,+29.363, +8.844,+0.982
1631165880,+3.48,+29.346, +8.980,+0.982
1631165940,+3.48,+29.329, +9.225,+0.983
1631166000,+3.48,+29.337, +9.485,+0.982
1631166060,+3.48,+29.303, +9.669,+0.982
1631166120,+3.48,+29.312, +9.740,+0.982
1631166180,+3.48,+29.303, +9.749,+0.984
1631166240,+3.48,+29.303, +9.697,+0.984
1631166300,+3.48,+29.286, +9.605,+0.983
1631166360,+3.48,+29.286, +9.520,+0.982
1631166420,+3.48,+29.277, +9.564,+0.983
1631166480,+3.48,+29.243, +9.641,+0.983
1631166540,+3.48,+29.260, +9.645,+0.983
1631166600,+3.48,+29.243, +9.637,+0.983
1631166660,+3.48,+29.234, +9.590,+0.983
1631166720,+3.48,+29.243, +9.543,+0.982
1631166780,+3.48,+29.217, +9.471,+0.983
1631166840,+3.48,+29.226, +9.362,+0.982
1631166900,+3.48,+29.208, +9.256,+0.983
1631166960,+3.48,+29.208, +9.118,+0.983
1631167020,+3.48,+29.208, +8.975,+0.983
1631167080,+3.48,+29.191, +8.814,+0.983
1631167140,+3.48,+29.191, +8.642,+0.983
1631167200,+3.48,+29.191, +8.461,+0.982
1631167260,+3.48,+29.183, +8.312,+0.982
1631167320,+3.48,+29.166, +8.144,+0.982
1631167380,+3.49,+29.157, +8.000,+0.982
1631167440,+3.49,+29.148, +7.856,+0.982
1631167500,+3.48,+29.157, +7.704,+0.982
1631167560,+3.49,+29.140, +7.587,+0.982
1631167620,+3.49,+29.140, +7.487,+0.982
1631167680,+3.49,+29.131, +7.421,+0.983
1631167740,+3.49,+29.114, +7.377,+0.982
1631167800,+3.49,+29.114, +7.354,+0.983
1631167860,+3.49,+29.105, +7.313,+0.981
1631167920,+3.49,+29.097, +7.290,+0.982
1631167980,+3.49,+29.088, +7.264,+0.982
1631168040,+3.49,+29.097, +7.214,+0.982
1631168100,+3.49,+29.088, +7.204,+0.983
1631168160,+3.49,+29.071, +7.193,+0.982
1631168220,+3.49,+29.071, +7.182,+0.982
1631168280,+3.49,+29.063, +7.151,+0.982
1631168340,+3.49,+29.071, +7.092,+0.981
1631168400,+3.49,+29.054, +7.026,+0.982
1631168460,+3.49,+29.054, +6.939,+0.982
1631168520,+3.49,+29.045, +6.865,+0.982
1631168580,+3.49,+29.037, +6.785,+0.982
1631168640,+3.49,+29.037, +6.743,+0.982
1631168700,+3.49,+29.011, +6.734,+0.982
1631168760,+3.49,+29.011, +6.687,+0.981
1631168820,+3.49,+29.003, +6.659,+0.982
1631168880,+3.49,+29.011, +6.634,+0.982
1631168940,+3.49,+28.977, +6.589,+0.981
1631169000,+3.49,+28.994, +6.518,+0.982
1631169060,+3.49,+28.985, +6.449,+0.982
1631169120,+3.49,+28.977, +6.359,+0.982
1631169180,+3.49,+29.003, +6.292,+0.982
1631169240,+3.49,+28.977, +6.265,+0.983
1631169300,+3.49,+28.968, +6.247,+0.982
1631169360,+3.49,+28.977, +6.244,+0.982
1631169420,+3.49,+28.968, +6.229,+0.982
1631169480,+3.49,+28.960, +6.206,+0.982
1631169540,+3.49,+28.960, +6.123,+0.982
1631169600,+3.49,+28.968, +6.034,+0.983
1631169660,+3.49,+28.951, +5.936,+0.982
1631169720,+3.49,+28.942, +5.809,+0.982
1631169780,+3.49,+28.925, +5.747,+0.982
1631169840,+3.49,+28.925, +5.735,+0.981
1631169900,+3.49,+28.908, +5.765,+0.982
1631169960,+3.49,+28.917, +5.800,+0.981
1631170020,+3.49,+28.917, +5.844,+0.981
1631170080,+3.49,+28.900, +5.892,+0.981
1631170140,+3.49,+28.891, +5.867,+0.980
1631170200,+3.49,+28.900, +5.808,+0.981
1631170260,+3.49,+28.883, +5.735,+0.982
1631170320,+3.49,+28.883, +5.658,+0.982
1631170380,+3.49,+28.874, +5.604,+0.981
1631170440,+3.49,+28.874, +5.560,+0.981
1631170500,+3.49,+28.883, +5.475,+0.982
1631170560,+3.49,+28.874, +5.395,+0.982
1631170620,+3.49,+28.865, +5.298,+0.981
1631170680,+3.49,+28.857, +5.224,+0.981
1631170740,+3.49,+28.848, +5.180,+0.982
1631170800,+3.49,+28.840, +5.131,+0.982
1631170860,+3.49,+28.831, +5.090,+0.982
1631170920,+3.49,+28.840, +5.192,+0.980
1631170980,+3.49,+28.805, +5.437,+0.979
1631171040,+3.49,+28.814, +5.641,+0.980
1631171100,+3.49,+28.797, +5.718,+0.980
1631171160,+3.49,+28.797, +5.752,+0.980
1631171220,+3.49,+28.788, +5.772,+0.981
1631171280,+3.49,+28.797, +5.775,+0.980
1631171340,+3.49,+28.771, +5.886,+0.980
1631171400,+3.49,+28.771, +6.011,+0.979
1631171460,+3.49,+28.763, +6.099,+0.979
1631171520,+3.49,+28.754, +6.153,+0.979
1631171580,+3.49,+28.763, +6.259,+0.978
1631171640,+3.49,+28.754, +6.353,+0.978
1631171700,+3.49,+28.745, +6.426,+0.979
1631171760,+3.49,+28.745, +6.456,+0.979
1631171820,+3.49,+28.737, +6.470,+0.980
1631171880,+3.49,+28.737, +6.425,+0.980
1631171940,+3.49,+28.745, +6.393,+0.980
1631172000,+3.49,+28.728, +6.359,+0.980
1631172060,+3.49,+28.720, +6.297,+0.980
1631172120,+3.49,+28.720, +6.228,+0.981
1631172180,+3.49,+28.711, +6.122,+0.982
1631172240,+3.48,+28.711, +5.995,+0.981
1631172300,+3.49,+28.720, +5.897,+0.981
1631172360,+3.48,+28.694, +5.853,+0.981
1631172420,+3.48,+28.711, +5.816,+0.981
1631172480,+3.48,+28.686, +5.810,+0.980
1631172540,+3.48,+28.686, +5.762,+0.979
1631172600,+3.48,+28.677, +5.758,+0.979
1631172660,+3.48,+28.668, +5.772,+0.979
1631172720,+3.48,+28.668, +5.738,+0.979
1631172780,+3.48,+28.651, +5.683,+0.979
1631172840,+3.48,+28.668, +5.635,+0.979
1631172900,+3.48,+28.677, +5.602,+0.980
1631172960,+3.48,+28.651, +5.594,+0.980
1631173020,+3.48,+28.660, +5.534,+0.980
1631173080,+3.48,+28.660, +5.462,+0.981
1631173140,+3.48,+28.643, +5.371,+0.980
1631173200,+3.48,+28.643, +5.261,+0.981
1631173260,+3.48,+28.626, +5.173,+0.980
1631173320,+3.48,+28.651, +5.072,+0.981
1631173380,+3.48,+28.643, +4.948,+0.981
1631173440,+3.48,+28.634, +4.818,+0.981
1631173500,+3.48,+28.643, +4.665,+0.981
1631173560,+3.48,+28.651, +4.538,+0.981
1631173620,+3.48,+28.651, +4.410,+0.981
1631173680,+3.48,+28.634, +4.295,+0.981
1631173740,+3.48,+28.626, +4.147,+0.981
1631173800,+3.48,+28.626, +3.962,+0.982
1631173860,+3.48,+28.617, +3.783,+0.982
1631173920,+3.48,+28.609, +3.627,+0.982
1631173980,+3.48,+28.617, +3.464,+0.982
1631174040,+3.48,+28.609, +3.279,+0.982
1631174100,+3.48,+28.600, +3.137,+0.982
1631174160,+3.48,+28.583, +3.071,+0.981
1631174220,+3.48,+28.574, +3.041,+0.980
1631174280,+3.48,+28.574, +3.018,+0.979
1631174340,+3.48,+28.583, +2.963,+0.979
1631174400,+3.48,+28.583, +2.873,+0.980
1631174460,+3.48,+28.574, +2.739,+0.980
1631174520,+3.48,+28.566, +2.590,+0.981
1631174580,+3.48,+28.557, +2.472,+0.980
1631174640,+3.48,+28.549, +2.453,+0.977
1631174700,+3.48,+28.549, +2.486,+0.975
1631174760,+3.48,+28.549, +2.570,+0.975
1631174820,+3.48,+28.540, +2.654,+0.975
1631174880,+3.48,+28.540, +2.696,+0.975
1631174940,+3.48,+28.532, +2.699,+0.976
1631175000,+3.48,+28.514, +2.669,+0.977
1631175060,+3.48,+28.523, +2.600,+0.978
1631175120,+3.48,+28.523, +2.546,+0.978
1631175180,+3.48,+28.514, +2.478,+0.979
1631175240,+3.48,+28.506, +2.346,+0.980
1631175300,+3.48,+28.514, +2.192,+0.981
1631175360,+3.48,+28.506, +2.048,+0.981
1631175420,+3.48,+28.497, +1.898,+0.982
1631175480,+3.48,+28.506, +1.741,+0.982
1631175540,+3.48,+28.497, +1.598,+0.981
1631175600,+3.48,+28.489, +1.465,+0.981
1631175660,+3.48,+28.489, +1.362,+0.980
1631175720,+3.48,+28.489, +1.293,+0.978
1631175780,+3.48,+28.480, +1.251,+0.978
1631175840,+3.48,+28.480, +1.201,+0.978
1631175900,+3.48,+28.472, +1.127,+0.978
1631175960,+3.48,+28.455, +1.029,+0.978
1631176020,+3.48,+28.463, +0.892,+0.977
1631176080,+3.48,+28.472, +0.743,+0.975
1631176140,+3.48,+28.455, +0.590,+0.973
1631176200,+3.48,+28.472, +0.426,+0.970
1631176260,+3.48,+28.463, +0.308,+0.968
1631176320,+3.48,+28.455, +0.223,+0.968
1631176380,+3.48,+28.438, +0.188,+0.967
1631176440,+3.48,+28.429, +0.188,+0.967
1631176500,+3.48,+28.429, +0.196,+0.967
1631176560,+3.48,+28.446, +0.208,+0.968
1631176620,+3.48,+28.429, +0.227,+0.968
1631176680,+3.48,+28.438, +0.255,+0.969
1631176740,+3.48,+28.420, +0.273,+0.970
1631176800,+3.48,+28.420, +0.278,+0.969
1631176860,+3.48,+28.412, +0.260,+0.969
1631176920,+3.48,+28.403, +0.260,+0.968
1631176980,+3.48,+28.412, +0.257,+0.967
1631177040,+3.48,+28.412, +0.246,+0.967
1631177100,+3.48,+28.403, +0.262,+0.966
1631177160,+3.48,+28.403, +0.297,+0.966
1631177220,+3.48,+28.386, +0.338,+0.966
1631177280,+3.48,+28.378, +0.381,+0.966
1631177340,+3.48,+28.378, +0.427,+0.966
1631177400,+3.48,+28.378, +0.496,+0.967
1631177460,+3.48,+28.378, +0.601,+0.968
1631177520,+3.48,+28.378, +0.693,+0.969
1631177580,+3.48,+28.369, +0.784,+0.972
1631177640,+3.48,+28.369, +0.825,+0.974
1631177700,+3.48,+28.378, +0.821,+0.975
1631177760,+3.48,+28.369, +0.781,+0.974
1631177820,+3.48,+28.369, +0.735,+0.973
1631177880,+3.48,+28.352, +0.676,+0.972
1631177940,+3.48,+28.361, +0.630,+0.971
1631178000,+3.48,+28.352, +0.596,+0.970
1631178060,+3.48,+28.352, +0.568,+0.969
1631178120,+3.48,+28.335, +0.501,+0.968
1631178180,+3.48,+28.344, +0.404,+0.967
1631178240,+3.48,+28.344, +0.293,+0.967
1631178300,+3.48,+28.326, +0.193,+0.967
1631178360,+3.48,+28.326, +0.123,+0.967
1631178420,+3.48,+28.309, +0.087,+0.966
1631178480,+3.48,+28.326, +0.087,+0.966
1631178540,+3.48,+28.309, +0.105,+0.966
1631178600,+3.48,+28.309, +0.131,+0.966
1631178660,+3.48,+28.301, +0.177,+0.966
1631178720,+3.48,+28.318, +0.211,+0.966
1631178780,+3.48,+28.301, +0.213,+0.966
1631178840,+3.48,+28.318, +0.206,+0.967
1631178900,+3.48,+28.318, +0.177,+0.967
1631178960,+3.48,+28.292, +0.135,+0.967
1631179020,+3.48,+28.309, +0.105,+0.967
1631179080,+3.48,+28.284, +0.089,+0.966
1631179140,+3.48,+28.284, +0.097,+0.966
1631179200,+3.48,+28.275, +0.122,+0.966
1631179260,+3.48,+28.284, +0.141,+0.966
1631179320,+3.48,+28.267, +0.157,+0.966
1631179380,+3.48,+28.258, +0.160,+0.967
1631179440,+3.48,+28.267, +0.164,+0.967
1631179500,+3.48,+28.267, +0.160,+0.967
1631179560,+3.48,+28.267, +0.143,+0.967
1631179620,+3.48,+28.258, +0.141,+0.966
1631179680,+3.48,+28.258, +0.154,+0.966
1631179740,+3.48,+28.250, +0.176,+0.966
1631179800,+3.48,+28.250, +0.190,+0.967
1631179860,+3.48,+28.233, +0.185,+0.967
1631179920,+3.48,+28.241, +0.167,+0.968
1631179980,+3.48,+28.250, +0.136,+0.967
1631180040,+3.48,+28.250, +0.104,+0.967
1631180100,+3.48,+28.241, +0.084,+0.967
1631180160,+3.48,+28.215, +0.064,+0.967
1631180220,+3.48,+28.224, +0.054,+0.966
1631180280,+3.48,+28.233, +0.049,+0.966
1631180340,+3.48,+28.233, +0.047,+0.966
1631180400,+3.48,+28.224, +0.047,+0.966
1631180460,+3.48,+28.215, +0.046,+0.966
1631180520,+3.48,+28.224, +0.044,+0.966
1631180580,+3.48,+28.190, +0.042,+0.966
1631180640,+3.48,+28.224, +0.040,+0.966
1631180700,+3.48,+28.190, +0.039,+0.966
1631180760,+3.48,+28.207, +0.040,+0.966
1631180820,+3.48,+28.190, +0.039,+0.966
1631180880,+3.48,+28.190, +0.038,+0.966
1631180940,+3.48,+28.190, +0.038,+0.966
1631181000,+3.48,+28.181, +0.038,+0.966
1631181060,+3.48,+28.181, +0.039,+0.966
1631181120,+3.48,+28.173, +0.171,+0.963
1631181180,+3.48,+28.156, +0.230,+0.962
1631181240,+3.48,+28.164, +0.255,+0.962
1631181300,+3.48,+28.156, +0.271,+0.963
1631181360,+3.48,+28.164, +0.267,+0.963
1631181420,+3.48,+28.147, +0.258,+0.964
1631181480,+3.48,+28.156, +0.235,+0.965
1631181540,+3.48,+28.139, +0.215,+0.966
1631181600,+3.48,+28.147, +0.186,+0.966
1631181660,+3.48,+28.122, +0.157,+0.966
1631181720,+3.48,+28.122, +0.135,+0.966
1631181780,+3.48,+28.130, +0.110,+0.966
1631181840,+3.48,+28.122, +0.089,+0.966
1631181900,+3.48,+28.130, +0.077,+0.966
1631181960,+3.48,+28.122, +0.068,+0.966
1631182020,+3.48,+28.122, +0.062,+0.966
1631182080,+3.48,+28.122, +0.059,+0.966
1631182140,+3.48,+28.105, +0.058,+0.966
1631182200,+3.48,+28.105, +0.057,+0.966
1631182260,+3.48,+28.105, +0.053,+0.966
1631182320,+3.48,+28.122, +0.048,+0.966
1631182380,+3.48,+28.087, +0.045,+0.966
1631182440,+3.48,+28.087, +0.042,+0.967
1631182500,+3.48,+28.087, +0.037,+0.966
1631182560,+3.48,+28.079, +0.037,+0.966
1631182620,+3.48,+28.070, +0.038,+0.967
1631182680,+3.48,+28.062, +0.038,+0.966
1631182740,+3.48,+28.070, +0.038,+0.966
1631182800,+3.48,+28.079, +0.038,+0.966
1631182860,+3.48,+28.053, +0.038,+0.966
1631182920,+3.48,+28.045, +0.043,+0.967
1631182980,+3.48,+28.053, +0.043,+0.967
1631183040,+3.48,+28.062, +0.043,+0.966
1631183100,+3.48,+28.045, +0.050,+0.966
1631183160,+3.48,+28.036, +0.047,+0.967
1631183220,+3.48,+28.036, +0.047,+0.967
1631183280,+3.48,+28.036, +0.047,+0.967
1631183340,+3.48,+28.045, +0.045,+0.967
1631183400,+3.48,+28.028, +0.042,+0.967
1631183460,+3.48,+28.028, +0.041,+0.966
1631183520,+3.48,+28.028, +0.041,+0.966
1631183580,+3.48,+28.028, +0.041,+0.967
1631183640,+3.48,+28.019, +0.043,+0.967
1631183700,+3.48,+28.028, +0.044,+0.967
1631183760,+3.48,+28.028, +0.044,+0.967
1631183820,+3.48,+28.019, +0.043,+0.967
1631183880,+3.48,+28.011, +0.042,+0.967
1631183940,+3.48,+28.011, +0.045,+0.967
1631184000,+3.48,+28.002, +0.045,+0.967
1631184060,+3.48,+27.994, +0.043,+0.967
1631184120,+3.48,+28.002, +0.043,+0.967
1631184180,+3.48,+27.994, +0.043,+0.967
1631184240,+3.48,+28.002, +0.043,+0.967
1631184300,+3.48,+27.994, +0.042,+0.967
1631184360,+3.48,+27.968, +0.042,+0.967
1631184420,+3.48,+27.977, +0.041,+0.967
1631184480,+3.48,+27.968, +0.041,+0.967
1631184540,+3.48,+27.977, +0.040,+0.967
1631184600,+3.48,+27.968, +0.040,+0.967
1631184660,+3.48,+27.968, +0.039,+0.967
1631184720,+3.48,+27.968, +0.039,+0.967
1631184780,+3.48,+27.960, +0.040,+0.967
1631184840,+3.48,+27.951, +0.040,+0.967
1631184900,+3.48,+27.943, +0.039,+0.967
1631184960,+3.48,+27.951, +0.039,+0.967
1631185020,+3.48,+27.925, +0.042,+0.967
1631185080,+3.48,+27.925, +0.042,+0.967
1631185140,+3.48,+27.934, +0.045,+0.967
1631185200,+3.48,+27.925, +0.049,+0.967
1631185260,+3.48,+27.934, +0.064,+0.967
1631185320,+3.48,+27.917, +0.077,+0.966
1631185380,+3.48,+27.925, +0.092,+0.966
1631185440,+3.48,+27.917, +0.109,+0.966
1631185500,+3.48,+27.908, +0.120,+0.965
1631185560,+3.48,+27.891, +0.135,+0.965
1631185620,+3.48,+27.891, +0.130,+0.966
1631185680,+3.48,+27.900, +0.110,+0.966
1631185740,+3.48,+27.891, +0.094,+0.967
1631185800,+3.48,+27.891, +0.076,+0.967
1631185860,+3.48,+27.874, +0.066,+0.967
1631185920,+3.48,+27.874, +0.059,+0.967
1631185980,+3.48,+27.866, +0.089,+0.963
1631186040,+3.48,+27.866, +0.121,+0.961
1631186100,+3.48,+27.849, +0.142,+0.961
1631186160,+3.48,+27.849, +0.155,+0.961
1631186220,+3.48,+27.849, +0.161,+0.963
1631186280,+3.48,+27.849, +0.169,+0.964
1631186340,+3.48,+27.832, +0.175,+0.964
1631186400,+3.48,+27.832, +0.163,+0.964
1631186460,+3.48,+27.832, +0.154,+0.964
1631186520,+3.48,+27.823, +0.148,+0.965
1631186580,+3.48,+27.832, +0.139,+0.965
1631186640,+3.48,+27.823, +0.128,+0.965
1631186700,+3.48,+27.815, +0.120,+0.965
1631186760,+3.48,+27.815, +0.111,+0.965
1631186820,+3.48,+27.823, +0.099,+0.966
1631186880,+3.48,+27.815, +0.081,+0.966
1631186940,+3.48,+27.789, +0.066,+0.967
1631187000,+3.48,+27.815, +0.058,+0.967
1631187060,+3.48,+27.806, +0.051,+0.967
1631187120,+3.48,+27.798, +0.045,+0.967
1631187180,+3.48,+27.789, +0.042,+0.967
1631187240,+3.48,+27.789, +0.042,+0.967
1631187300,+3.48,+27.789, +0.040,+0.967
1631187360,+3.48,+27.789, +0.038,+0.967
1631187420,+3.48,+27.798, +0.039,+0.967
1631187480,+3.48,+27.781, +0.040,+0.967
1631187540,+3.48,+27.781, +0.041,+0.967
1631187600,+3.48,+27.772, +0.042,+0.967
1631187660,+3.48,+27.764, +0.040,+0.967
1631187720,+3.48,+27.755, +0.039,+0.967
1631187780,+3.48,+27.764, +0.041,+0.967
1631187840,+3.48,+27.764, +0.045,+0.967
1631187900,+3.48,+27.764, +0.047,+0.967
1631187960,+3.48,+27.747, +0.048,+0.967
1631188020,+3.48,+27.755, +0.048,+0.967
1631188080,+3.48,+27.747, +0.046,+0.967
1631188140,+3.48,+27.738, +0.043,+0.967
1631188200,+3.48,+27.747, +0.041,+0.967
1631188260,+3.48,+27.738, +0.041,+0.967
1631188320,+3.48,+27.738, +0.040,+0.967
1631188380,+3.48,+27.713, +0.041,+0.967
1631188440,+3.48,+27.730, +0.039,+0.967
1631188500,+3.48,+27.721, +0.038,+0.967
1631188560,+3.48,+27.704, +0.038,+0.967
1631188620,+3.48,+27.721, +0.037,+0.967
1631188680,+3.48,+27.721, +0.037,+0.967
1631188740,+3.48,+27.704, +0.037,+0.967
1631188800,+3.48,+27.713, +0.037,+0.967
1631188860,+3.48,+27.696, +0.037,+0.967
1631188920,+3.48,+27.696, +0.036,+0.967
1631188980,+3.48,+27.704, +0.038,+0.967
1631189040,+3.48,+27.696, +0.038,+0.967
1631189100,+3.48,+27.696, +0.038,+0.967
1631189160,+3.48,+27.687, +0.038,+0.967
1631189220,+3.48,+27.678, +0.037,+0.967
1631189280,+3.48,+27.670, +0.067,+0.966
1631189340,+3.48,+27.670, +0.101,+0.966
1631189400,+3.48,+27.653, +0.116,+0.967
1631189460,+3.48,+27.653, +0.128,+0.968
1631189520,+3.48,+27.661, +0.138,+0.968
1631189580,+3.48,+27.661, +0.146,+0.967
1631189640,+3.48,+27.653, +0.167,+0.967
1631189700,+3.48,+27.644, +0.182,+0.966
1631189760,+3.48,+27.644, +0.237,+0.965
1631189820,+3.48,+27.636, +0.282,+0.965
1631189880,+3.48,+27.644, +0.304,+0.965
1631189940,+3.48,+27.644, +0.312,+0.965
1631190000,+3.48,+27.644, +0.299,+0.965
1631190060,+3.48,+27.636, +0.255,+0.966
1631190120,+3.48,+27.619, +0.218,+0.966
1631190180,+3.48,+27.619, +0.173,+0.967
1631190240,+3.48,+27.610, +0.139,+0.967
1631190300,+3.48,+27.610, +0.124,+0.967
1631190360,+3.48,+27.602, +0.109,+0.967
1631190420,+3.48,+27.593, +0.101,+0.967
1631190480,+3.48,+27.602, +0.096,+0.967
1631190540,+3.48,+27.576, +0.092,+0.967
1631190600,+3.48,+27.585, +0.084,+0.967
1631190660,+3.48,+27.593, +0.079,+0.967
1631190720,+3.48,+27.585, +0.076,+0.967
1631190780,+3.48,+27.576, +0.073,+0.967
1631190840,+3.48,+27.576, +0.075,+0.967
1631190900,+3.48,+27.576, +0.073,+0.967
1631190960,+3.48,+27.576, +0.070,+0.967
1631191020,+3.48,+27.576, +0.069,+0.967
1631191080,+3.48,+27.576, +0.068,+0.967
1631191140,+3.48,+27.568, +0.062,+0.967
1631191200,+3.48,+27.576, +0.056,+0.967
1631191260,+3.48,+27.551, +0.051,+0.967
1631191320,+3.48,+27.559, +0.049,+0.967
1631191380,+3.48,+27.559, +0.048,+0.967
1631191440,+3.48,+27.568, +0.050,+0.967
1631191500,+3.48,+27.568, +0.050,+0.967
1631191560,+3.48,+27.559, +0.052,+0.967
1631191620,+3.48,+27.559, +0.055,+0.967
1631191680,+3.48,+27.551, +0.059,+0.967
1631191740,+3.48,+27.551, +0.057,+0.967
1631191800,+3.48,+27.542, +0.053,+0.967
1631191860,+3.48,+27.525, +0.074,+0.966
1631191920,+3.48,+27.534, +0.097,+0.966
1631191980,+3.48,+27.559, +0.123,+0.967
1631192040,+3.48,+27.534, +0.146,+0.967
1631192100,+3.48,+27.525, +0.158,+0.968
1631192160,+3.48,+27.525, +0.156,+0.968
1631192220,+3.48,+27.525, +0.142,+0.968
1631192280,+3.48,+27.508, +0.122,+0.968
1631192340,+3.48,+27.517, +0.105,+0.968
1631192400,+3.48,+27.517, +0.088,+0.968
1631192460,+3.48,+27.517, +0.074,+0.967
1631192520,+3.48,+27.508, +0.066,+0.967
1631192580,+3.48,+27.500, +0.065,+0.967
1631192640,+3.48,+27.508, +0.062,+0.967
1631192700,+3.48,+27.491, +0.057,+0.967
1631192760,+3.48,+27.491, +0.053,+0.967
1631192820,+3.48,+27.517, +0.051,+0.967
1631192880,+3.48,+27.517, +0.048,+0.967
1631192940,+3.48,+27.491, +0.048,+0.967
1631193000,+3.48,+27.500, +0.048,+0.967
1631193060,+3.48,+27.500, +0.050,+0.967
1631193120,+3.48,+27.483, +0.060,+0.967
1631193180,+3.48,+27.500, +0.078,+0.967
1631193240,+3.48,+27.474, +0.096,+0.967
1631193300,+3.48,+27.483, +0.112,+0.968
1631193360,+3.48,+27.474, +0.134,+0.968
1631193420,+3.48,+27.474, +0.181,+0.969
1631193480,+3.48,+27.491, +0.267,+0.971
1631193540,+3.48,+27.491, +0.353,+0.972
1631193600,+3.48,+27.483, +0.433,+0.974
1631193660,+3.48,+27.483, +0.499,+0.976
1631193720,+3.48,+27.483, +0.559,+0.976
1631193780,+3.48,+27.474, +0.632,+0.978
1631193840,+3.48,+27.474, +0.719,+0.979
1631193900,+3.48,+27.483, +0.797,+0.980
1631193960,+3.48,+27.474, +1.070,+0.982
1631194020,+3.48,+27.491, +1.450,+0.983
1631194080,+3.48,+27.483, +1.731,+0.983
1631194140,+3.48,+27.474, +1.934,+0.984
1631194200,+3.48,+27.474, +2.095,+0.984
1631194260,+3.48,+27.483, +2.222,+0.984
1631194320,+3.48,+27.508, +2.332,+0.984
1631194380,+3.48,+27.491, +2.453,+0.983
1631194440,+3.48,+27.491, +2.554,+0.983
1631194500,+3.48,+27.491, +2.665,+0.983
1631194560,+3.48,+27.500, +2.793,+0.982
1631194620,+3.48,+27.500, +2.934,+0.983
1631194680,+3.48,+27.500, +3.488,+0.984
1631194740,+3.48,+27.491, +3.829,+0.984
1631194800,+3.48,+27.491, +4.074,+0.984
1631194860,+3.48,+27.508, +4.263,+0.984
1631194920,+3.48,+27.491, +4.262,+0.984
1631194980,+3.48,+27.508, +4.448,+0.984
1631195040,+3.48,+27.508, +4.650,+0.984
1631195100,+3.47,+27.508, +4.814,+0.983
1631195160,+3.47,+27.508, +4.973,+0.983
1631195220,+3.48,+27.517, +5.119,+0.983
1631195280,+3.48,+27.534, +5.286,+0.983
1631195340,+3.48,+27.525, +5.458,+0.982
1631195400,+3.47,+27.508, +5.612,+0.982
1631195460,+3.48,+27.525, +5.772,+0.982
1631195520,+3.48,+27.525, +5.935,+0.982
1631195580,+3.48,+27.534, +6.109,+0.982
1631195640,+3.48,+27.534, +6.293,+0.981
1631195700,+3.48,+27.534, +6.492,+0.981
1631195760,+3.48,+27.542, +6.702,+0.982
1631195820,+3.48,+27.542, +6.903,+0.981
1631195880,+3.48,+27.534, +7.121,+0.982
1631195940,+3.48,+27.542, +7.334,+0.982
1631196000,+3.48,+27.551, +7.516,+0.981
1631196060,+3.48,+27.551, +7.699,+0.982
1631196120,+3.48,+27.568, +7.877,+0.981
1631196180,+3.48,+27.576, +8.054,+0.982
1631196240,+3.48,+27.568, +8.254,+0.982
1631196300,+3.48,+27.568, +8.443,+0.981
1631196360,+3.48,+27.568, +8.626,+0.982
1631196420,+3.48,+27.576, +8.775,+0.982
1631196480,+3.48,+27.593, +8.904,+0.981
1631196540,+3.48,+27.576, +9.096,+0.982
1631196600,+3.48,+27.585, +9.319,+0.983
1631196660,+3.48,+27.593, +9.556,+0.983
1631196720,+3.48,+27.602, +9.799,+0.983
1631196780,+3.48,+27.602,+10.026,+0.982
1631196840,+3.48,+27.593,+10.238,+0.983
1631196900,+3.48,+27.602,+10.419,+0.983
1631196960,+3.48,+27.610,+10.610,+0.983
1631197020,+3.48,+27.610,+10.818,+0.983
1631197080,+3.48,+27.610,+10.999,+0.983
1631197140,+3.48,+27.619,+11.179,+0.983
1631197200,+3.48,+27.602,+11.351,+0.984
1631197260,+3.48,+27.619,+11.484,+0.984
1631197320,+3.48,+27.619,+11.520,+0.983
1631197380,+3.48,+27.619,+11.445,+0.982
1631197440,+3.48,+27.627,+11.454,+0.982
1631197500,+3.48,+27.619,+11.508,+0.983
1631197560,+3.48,+27.627,+11.465,+0.981
1631197620,+3.48,+27.602,+11.477,+0.982
1631197680,+3.48,+27.610,+11.533,+0.983
1631197740,+3.48,+27.619,+11.640,+0.982
1631197800,+3.48,+27.619,+11.828,+0.983
1631197860,+3.48,+27.619,+11.981,+0.983
1631197920,+3.48,+27.636,+12.115,+0.984
1631197980,+3.48,+27.619,+12.247,+0.984
1631198040,+3.48,+27.627,+12.407,+0.983
1631198100,+3.48,+27.627,+12.582,+0.983
1631198160,+3.48,+27.636,+12.742,+0.983
1631198220,+3.48,+27.644,+12.896,+0.984
1631198280,+3.48,+27.653,+12.998,+0.983
1631198340,+3.48,+27.644,+13.122,+0.982
1631198400,+3.48,+27.653,+13.253,+0.983
1631198460,+3.48,+27.661,+13.353,+0.983
1631198520,+3.48,+27.661,+13.364,+0.983
1631198580,+3.48,+27.661,+13.394,+0.983
1631198640,+3.48,+27.670,+13.428,+0.984
1631198700,+3.48,+27.661,+13.476,+0.983
1631198760,+3.48,+27.661,+13.461,+0.983
1631198820,+3.48,+27.678,+13.464,+0.983
1631198880,+3.48,+27.678,+13.530,+0.983
1631198940,+3.48,+27.678,+13.689,+0.984
1631199000,+3.48,+27.678,+13.853,+0.985
1631199060,+3.48,+27.653,+14.001,+0.984
1631199120,+3.48,+27.661,+14.135,+0.984
1631199180,+3.48,+27.661,+14.259,+0.984
1631199240,+3.48,+27.678,+14.438,+0.984
1631199300,+3.48,+27.696,+14.558,+0.983
1631199360,+3.48,+27.678,+14.635,+0.983
1631199420,+3.48,+27.704,+14.726,+0.982
1631199480,+3.48,+27.721,+14.639,+0.982
1631199540,+3.48,+27.713,+14.438,+0.982
1631199600,+3.48,+27.713,+14.263,+0.981
1631199660,+3.48,+27.730,+14.289,+0.982
1631199720,+3.48,+27.738,+14.384,+0.980
1631199780,+3.48,+27.738,+14.793,+0.983
1631199840,+3.48,+27.755,+15.137,+0.982
1631199900,+3.48,+27.772,+15.593,+0.987
1631199960,+3.48,+27.781,+15.884,+0.985
1631200020,+3.48,+27.789,+16.160,+0.984
1631200080,+3.48,+27.798,+16.424,+0.984
1631200140,+3.48,+27.815,+16.588,+0.983
1631200200,+3.48,+27.823,+16.784,+0.983
1631200260,+3.48,+27.840,+17.041,+0.985
1631200320,+3.48,+27.823,+17.229,+0.983
1631200380,+3.48,+27.840,+17.402,+0.985
1631200440,+3.48,+27.849,+17.539,+0.985
1631200500,+3.48,+27.840,+17.678,+0.987
1631200560,+3.48,+27.874,+17.705,+0.984
1631200620,+3.48,+27.874,+17.814,+0.985
1631200680,+3.48,+27.883,+17.821,+0.985
1631200740,+3.48,+27.883,+17.841,+0.984
1631200800,+3.48,+27.908,+17.904,+0.985
1631200860,+3.48,+27.908,+17.960,+0.984
1631200920,+3.48,+27.908,+17.962,+0.986
1631200980,+3.48,+27.925,+17.902,+0.982
1631201040,+3.48,+27.925,+17.890,+0.983
1631201100,+3.48,+27.925,+17.966,+0.985
1631201160,+3.48,+27.934,+18.003,+0.984
1631201220,+3.48,+27.934,+18.107,+0.986
1631201280,+3.48,+27.934,+18.168,+0.987
1631201340,+3.48,+27.951,+18.253,+0.985
1631201400,+3.48,+27.951,+18.407,+0.986
1631201460,+3.48,+27.977,+18.496,+0.986
1631201520,+3.48,+27.977,+18.642,+0.987
1631201580,+3.48,+27.968,+18.761,+0.986
1631201640,+3.48,+27.977,+18.981,+0.988
1631201700,+3.48,+27.994,+18.991,+0.985
1631201760,+3.48,+28.002,+19.013,+0.984
1631201820,+3.48,+28.019,+18.966,+0.983
1631201880,+3.48,+28.019,+19.119,+0.985
1631201940,+3.48,+28.028,+19.284,+0.984
1631202000,+3.48,+28.045,+19.524,+0.986
1631202060,+3.48,+28.036,+19.549,+0.984
1631202120,+3.48,+28.036,+17.393,+0.984
1631202180,+3.48,+28.045,+15.689,+0.982
1631202240,+3.48,+28.062,+15.102,+0.982
1631202300,+3.48,+28.062,+15.203,+0.983
1631202360,+3.48,+28.079,+15.620,+0.986
1631202420,+3.48,+28.105,+16.180,+0.985
1631202480,+3.48,+28.105,+16.775,+0.986
1631202540,+3.48,+28.130,+17.308,+0.986
1631202600,+3.48,+28.156,+17.820,+0.984
1631202660,+3.48,+28.147,+18.298,+0.986
1631202720,+3.48,+28.173,+18.565,+0.985
1631202780,+3.48,+28.173,+18.848,+0.986
1631202840,+3.48,+28.173,+19.128,+0.985
1631202900,+3.48,+28.198,+19.422,+0.984
1631202960,+3.48,+28.207,+19.579,+0.982
1631203020,+3.48,+28.224,+19.774,+0.984
1631203080,+3.48,+28.241,+19.842,+0.984
1631203140,+3.48,+28.250,+20.032,+0.986
1631203200,+3.48,+28.275,+20.126,+0.987
1631203260,+3.47,+28.284,+20.040,+0.983
1631203320,+3.47,+28.292,+20.181,+0.984
1631203380,+3.47,+28.309,+20.244,+0.984
1631203440,+3.47,+28.318,+20.364,+0.986
1631203500,+3.47,+28.326,+20.396,+0.987
1631203560,+3.47,+28.335,+20.320,+0.984
1631203620,+3.47,+28.361,+20.251,+0.984
1631203680,+3.47,+28.352,+20.186,+0.984
1631203740,+3.47,+28.369,+20.191,+0.985
1631203800,+3.47,+28.369,+20.141,+0.984
1631203860,+3.47,+28.386,+20.151,+0.982
1631203920,+3.47,+28.403,+20.121,+0.982
1631203980,+3.47,+28.412,+20.177,+0.985
1631204040,+3.47,+28.403,+20.376,+0.985
1631204100,+3.47,+28.420,+20.610,+0.984
1631204160,+3.47,+28.455,+20.871,+0.986
1631204220,+3.47,+28.463,+20.984,+0.984
1631204280,+3.47,+28.463,+21.315,+0.988
1631204340,+3.47,+28.489,+21.445,+0.986
1631204400,+3.47,+28.480,+21.600,+0.985
1631204460,+3.47,+28.489,+20.277,+0.981
1631204520,+3.47,+28.489,+19.625,+0.983
1631204580,+3.47,+28.497,+19.551,+0.982
1631204640,+3.47,+28.506,+19.868,+0.987
1631204700,+3.47,+28.514,+20.157,+0.985
1631204760,+3.47,+28.514,+20.354,+0.983
1631204820,+3.47,+28.514,+20.660,+0.985
1631204880,+3.47,+28.532,+20.817,+0.985
1631204940,+3.47,+28.540,+20.902,+0.984
1631205000,+3.47,+28.549,+21.146,+0.986
1631205060,+3.47,+28.574,+21.312,+0.984
1631205120,+3.47,+28.566,+21.423,+0.984
1631205180,+3.47,+28.591,+21.555,+0.985
1631205240,+3.47,+28.574,+21.480,+0.984
1631205300,+3.47,+28.609,+21.392,+0.985
1631205360,+3.47,+28.617,+21.243,+0.985
1631205420,+3.47,+28.617,+21.240,+0.986
1631205480,+3.47,+28.634,+21.235,+0.985
1631205540,+3.47,+28.634,+21.195,+0.985
1631205600,+3.47,+28.643,+21.185,+0.987
1631205660,+3.48,+28.660,+21.010,+0.985
1631205720,+3.48,+28.686,+20.900,+0.985
1631205780,+3.48,+28.686,+21.069,+0.988
1631205840,+3.48,+28.703,+21.137,+0.987
1631205900,+3.48,+28.711,+21.111,+0.984
1631205960,+3.48,+28.720,+21.150,+0.985
1631206020,+3.48,+28.703,+21.189,+0.986
1631206080,+3.48,+28.737,+21.144,+0.987
1631206140,+3.48,+28.754,+20.773,+0.986
1631206200,+3.48,+28.771,+20.177,+0.984
1631206260,+3.48,+28.797,+19.747,+0.984
1631206320,+3.48,+28.797,+19.589,+0.986
1631206380,+3.48,+28.805,+19.424,+0.985
1631206440,+3.48,+28.840,+19.488,+0.985
1631206500,+3.48,+28.831,+19.821,+0.988
1631206560,+3.48,+28.840,+19.959,+0.986
1631206620,+3.48,+28.848,+20.055,+0.986
1631206680,+3.48,+28.874,+20.075,+0.985
1631206740,+3.48,+28.883,+20.096,+0.986
1631206800,+3.48,+28.891,+20.198,+0.987
1631206860,+3.48,+28.908,+20.291,+0.988
1631206920,+3.48,+28.908,+20.278,+0.984
1631206980,+3.48,+28.917,+20.374,+0.984
1631207040,+3.48,+28.925,+20.329,+0.984
1631207100,+3.48,+28.917,+20.317,+0.984
1631207160,+3.48,+28.934,+20.446,+0.986
1631207220,+3.48,+28.951,+20.668,+0.986
1631207280,+3.48,+28.960,+20.859,+0.987
1631207340,+3.48,+28.951,+20.980,+0.985
1631207400,+3.48,+28.977,+21.094,+0.986
1631207460,+3.48,+28.994,+21.162,+0.985
1631207520,+3.48,+29.011,+21.198,+0.986
1631207580,+3.48,+29.003,+21.178,+0.986
1631207640,+3.48,+29.037,+21.189,+0.986
1631207700,+3.48,+29.045,+21.319,+0.987
1631207760,+3.48,+29.063,+21.526,+0.987
1631207820,+3.48,+29.063,+21.786,+0.987
1631207880,+3.48,+29.063,+21.887,+0.984
1631207940,+3.48,+29.080,+22.046,+0.986
1631208000,+3.48,+29.097,+22.161,+0.986
1631208060,+3.48,+29.131,+22.196,+0.986
1631208120,+3.48,+29.123,+22.122,+0.989
1631208180,+3.48,+29.148,+21.686,+0.985
1631208240,+3.48,+29.166,+21.672,+0.987
1631208300,+3.48,+29.183,+21.836,+0.986
1631208360,+3.48,+29.200,+21.858,+0.985
1631208420,+3.48,+29.200,+21.712,+0.984
1631208480,+3.47,+29.217,+21.949,+0.988
1631208540,+3.48,+29.217,+22.064,+0.986
1631208600,+3.47,+29.251,+22.100,+0.987
1631208660,+3.47,+29.251,+21.950,+0.986
1631208720,+3.47,+29.277,+21.821,+0.988
1631208780,+3.47,+29.286,+21.706,+0.984
1631208840,+3.47,+29.312,+21.851,+0.987
1631208900,+3.47,+29.337,+21.859,+0.985
1631208960,+3.47,+29.320,+21.956,+0.986
1631209020,+3.47,+29.312,+21.986,+0.988
1631209080,+3.47,+29.320,+21.786,+0.984
1631209140,+3.47,+29.312,+21.224,+0.987
1631209200,+3.47,+29.303,+20.969,+0.986
1631209260,+3.47,+29.329,+21.072,+0.983
1631209320,+3.47,+29.329,+21.349,+0.984
1631209380,+3.47,+29.320,+21.586,+0.985
1631209440,+3.47,+29.337,+21.558,+0.983
1631209500,+3.47,+29.337,+21.623,+0.986
1631209560,+3.47,+29.363,+21.848,+0.987
1631209620,+3.47,+29.389,+22.120,+0.988
1631209680,+3.47,+29.415,+22.222,+0.986
1631209740,+3.47,+29.423,+22.241,+0.983
1631209800,+3.47,+29.449,+22.385,+0.987
1631209860,+3.47,+29.449,+22.564,+0.988
1631209920,+3.47,+29.458,+22.556,+0.986
1631209980,+3.47,+29.483,+22.407,+0.987
1631210040,+3.47,+29.466,+22.184,+0.987
1631210100,+3.47,+29.449,+22.092,+0.986
1631210160,+3.47,+29.440,+22.046,+0.985
1631210220,+3.47,+29.406,+22.008,+0.987
1631210280,+3.47,+29.389,+21.684,+0.985
1631210340,+3.47,+29.389,+21.556,+0.985
1631210400,+3.47,+29.397,+21.379,+0.985
1631210460,+3.47,+29.406,+20.756,+0.988
1631210520,+3.47,+29.432,+20.196,+0.987
1631210580,+3.47,+29.475,+20.147,+0.984
1631210640,+3.47,+29.501,+20.451,+0.986
1631210700,+3.47,+29.526,+20.670,+0.985
1631210760,+3.47,+29.552,+21.017,+0.985
1631210820,+3.47,+29.578,+21.403,+0.987
1631210880,+3.47,+29.595,+21.537,+0.986
1631210940,+3.47,+29.638,+21.537,+0.986
1631211000,+3.47,+29.673,+21.486,+0.985
1631211060,+3.47,+29.707,+21.600,+0.985
1631211120,+3.47,+29.733,+21.769,+0.985
1631211180,+3.47,+29.759,+22.022,+0.985
1631211240,+3.47,+29.776,+22.366,+0.988
1631211300,+3.48,+29.793,+22.476,+0.988
1631211360,+3.48,+29.811,+21.993,+0.984
1631211420,+3.48,+29.828,+21.630,+0.983
1631211480,+3.48,+29.845,+21.329,+0.983
1631211540,+3.48,+29.862,+21.346,+0.987
1631211600,+3.48,+29.880,+21.304,+0.985
1631211660,+3.48,+29.880,+21.522,+0.986
1631211720,+3.48,+29.880,+21.370,+0.985
1631211780,+3.48,+29.880,+20.614,+0.982
1631211840,+3.48,+29.897,+20.427,+0.984
1631211900,+3.48,+29.897,+20.286,+0.984
1631211960,+3.48,+29.914,+19.864,+0.982
1631212020,+3.48,+29.905,+19.705,+0.984
1631212080,+3.48,+29.888,+19.373,+0.984
1631212140,+3.48,+29.845,+19.277,+0.985
1631212200,+3.48,+29.828,+19.435,+0.985
1631212260,+3.48,+29.836,+19.628,+0.984
1631212320,+3.48,+29.845,+19.916,+0.986
1631212380,+3.48,+29.845,+20.189,+0.984
1631212440,+3.48,+29.854,+20.571,+0.985
1631212500,+3.48,+29.871,+20.867,+0.985
1631212560,+3.48,+29.888,+21.101,+0.987
1631212620,+3.48,+29.914,+21.293,+0.987
1631212680,+3.48,+29.931,+21.537,+0.986
1631212740,+3.48,+29.966,+21.710,+0.987
1631212800,+3.48,+30.018,+21.311,+0.985
1631212860,+3.48,+30.026,+21.244,+0.987
1631212920,+3.48,+30.069,+21.005,+0.985
1631212980,+3.48,+30.052,+20.980,+0.983
1631213040,+3.48,+30.035,+21.257,+0.986
1631213100,+3.48,+30.026,+21.412,+0.984
1631213160,+3.48,+30.026,+21.645,+0.988
1631213220,+3.48,+30.052,+21.508,+0.985
1631213280,+3.48,+30.078,+21.382,+0.985
1631213340,+3.48,+30.095,+21.271,+0.985
1631213400,+3.48,+30.113,+21.147,+0.985
1631213460,+3.48,+30.156,+21.134,+0.985
1631213520,+3.48,+30.164,+21.249,+0.986
1631213580,+3.48,+30.199,+21.205,+0.984
1631213640,+3.48,+30.225,+21.214,+0.983
1631213700,+3.48,+30.251,+21.289,+0.985
1631213760,+3.48,+30.277,+21.317,+0.984
1631213820,+3.48,+30.285,+21.145,+0.984
1631213880,+3.48,+30.303,+20.960,+0.982
1631213940,+3.48,+30.337,+21.022,+0.984
1631214000,+3.48,+30.355,+21.132,+0.986
1631214060,+3.48,+30.363,+21.218,+0.985
1631214120,+3.48,+30.363,+21.400,+0.984
1631214180,+3.48,+30.355,+21.660,+0.986
1631214240,+3.48,+30.346,+21.883,+0.988
1631214300,+3.48,+30.337,+21.892,+0.985
1631214360,+3.48,+30.346,+21.929,+0.985
1631214420,+3.48,+30.329,+22.061,+0.987
1631214480,+3.48,+30.337,+21.935,+0.985
1631214540,+3.48,+30.320,+21.933,+0.986
1631214600,+3.48,+30.311,+21.777,+0.985
1631214660,+3.48,+30.329,+21.512,+0.984
1631214720,+3.48,+30.311,+21.461,+0.985
1631214780,+3.48,+30.311,+21.497,+0.986
1631214840,+3.48,+30.320,+21.470,+0.985
1631214900,+3.48,+30.285,+21.231,+0.984
1631214960,+3.48,+30.251,+21.121,+0.985
1631215020,+3.48,+30.259,+20.973,+0.985
1631215080,+3.48,+30.268,+20.778,+0.983
1631215140,+3.48,+30.285,+20.784,+0.984
1631215200,+3.48,+30.303,+20.862,+0.987
1631215260,+3.48,+30.329,+20.809,+0.985
1631215320,+3.48,+30.355,+20.910,+0.986
1631215380,+3.48,+30.389,+20.961,+0.986
1631215440,+3.48,+30.432,+20.988,+0.987
1631215500,+3.47,+30.484,+21.029,+0.987
1631215560,+3.47,+30.519,+20.970,+0.984
1631215620,+3.47,+30.571,+20.952,+0.985
1631215680,+3.47,+30.580,+20.960,+0.985
1631215740,+3.47,+30.649,+20.904,+0.985
1631215800,+3.47,+30.640,+20.892,+0.986
1631215860,+3.47,+30.675,+20.865,+0.986
1631215920,+3.47,+30.710,+20.789,+0.984
1631215980,+3.47,+30.718,+20.849,+0.985
1631216040,+3.47,+30.753,+20.814,+0.985
1631216100,+3.47,+30.744,+20.840,+0.985
1631216160,+3.47,+30.770,+20.919,+0.987
1631216220,+3.47,+30.779,+20.843,+0.984
1631216280,+3.47,+30.831,+20.819,+0.985
1631216340,+3.47,+30.822,+20.813,+0.986
1631216400,+3.47,+30.822,+20.716,+0.986
1631216460,+3.47,+30.831,+20.646,+0.985
1631216520,+3.47,+30.805,+20.693,+0.985
1631216580,+3.47,+30.814,+20.713,+0.985
1631216640,+3.47,+30.848,+20.742,+0.984
1631216700,+3.47,+30.857,+20.800,+0.987
1631216760,+3.47,+30.866,+20.707,+0.985
1631216820,+3.48,+30.848,+20.738,+0.985
1631216880,+3.48,+30.857,+20.717,+0.984
1631216940,+3.47,+30.848,+20.753,+0.986
1631217000,+3.47,+30.840,+20.609,+0.982
1631217060,+3.47,+30.814,+20.617,+0.984
1631217120,+3.47,+30.805,+20.651,+0.986
1631217180,+3.47,+30.805,+20.637,+0.985
1631217240,+3.47,+30.796,+20.646,+0.984
1631217300,+3.47,+30.805,+20.656,+0.986
1631217360,+3.47,+30.814,+20.553,+0.984
1631217420,+3.47,+30.822,+20.649,+0.987
1631217480,+3.48,+30.857,+20.698,+0.987
1631217540,+3.48,+30.900,+20.729,+0.987
1631217600,+3.48,+30.909,+20.658,+0.983
1631217660,+3.48,+30.918,+20.824,+0.984
1631217720,+3.48,+30.927,+20.980,+0.986
1631217780,+3.48,+30.927,+21.081,+0.986
1631217840,+3.48,+30.944,+21.075,+0.985
1631217900,+3.48,+30.953,+21.097,+0.985
1631217960,+3.48,+30.961,+21.089,+0.983
1631218020,+3.48,+30.979,+21.249,+0.987
1631218080,+3.48,+30.987,+21.399,+0.989
1631218140,+3.48,+30.996,+21.390,+0.986
1631218200,+3.48,+31.039,+21.432,+0.985
1631218260,+3.48,+31.013,+21.571,+0.986
1631218320,+3.48,+31.048,+21.636,+0.986
1631218380,+3.48,+31.048,+21.695,+0.986
1631218440,+3.48,+31.057,+21.602,+0.986
1631218500,+3.48,+31.057,+21.513,+0.984
1631218560,+3.48,+31.065,+21.538,+0.986
1631218620,+3.48,+31.083,+21.374,+0.983
1631218680,+3.48,+31.083,+21.333,+0.984
1631218740,+3.48,+31.083,+21.224,+0.986
1631218800,+3.48,+31.118,+21.163,+0.988
1631218860,+3.48,+31.083,+21.188,+0.985
1631218920,+3.48,+31.039,+21.171,+0.984
1631218980,+3.48,+31.022,+21.125,+0.987
1631219040,+3.48,+30.996,+20.930,+0.986
1631219100,+3.48,+30.987,+20.805,+0.987
1631219160,+3.48,+30.979,+20.674,+0.986
1631219220,+3.48,+30.961,+20.547,+0.985
1631219280,+3.48,+30.979,+20.423,+0.984
1631219340,+3.48,+30.961,+20.501,+0.987
1631219400,+3.48,+30.970,+20.528,+0.987
1631219460,+3.48,+30.970,+20.466,+0.987
1631219520,+3.48,+30.927,+20.567,+0.987
1631219580,+3.48,+30.927,+20.583,+0.986
1631219640,+3.48,+30.909,+20.665,+0.987
1631219700,+3.48,+30.892,+20.651,+0.987
1631219760,+3.48,+30.874,+20.607,+0.985
1631219820,+3.48,+30.874,+20.671,+0.988
1631219880,+3.48,+30.892,+20.581,+0.987
1631219940,+3.48,+30.900,+20.503,+0.985
1631220000,+3.48,+30.918,+20.502,+0.986
1631220060,+3.48,+30.927,+20.476,+0.986
1631220120,+3.48,+30.961,+20.439,+0.987
1631220180,+3.48,+30.979,+20.350,+0.985
1631220240,+3.48,+31.005,+20.368,+0.986
1631220300,+3.48,+31.048,+20.452,+0.988
1631220360,+3.48,+31.057,+20.452,+0.988
1631220420,+3.48,+31.083,+20.346,+0.983
1631220480,+3.48,+31.109,+20.357,+0.984
1631220540,+3.48,+31.118,+20.393,+0.986
1631220600,+3.48,+31.144,+20.257,+0.985
1631220660,+3.48,+31.161,+20.349,+0.986
1631220720,+3.48,+31.205,+20.319,+0.985
1631220780,+3.48,+31.205,+20.439,+0.988
1631220840,+3.48,+31.213,+20.329,+0.986
1631220900,+3.48,+31.213,+20.357,+0.987
1631220960,+3.48,+31.222,+20.335,+0.985
1631221020,+3.48,+31.231,+20.586,+0.987
1631221080,+3.48,+31.222,+20.743,+0.984
1631221140,+3.48,+31.248,+20.846,+0.984
1631221200,+3.48,+31.274,+20.950,+0.984
1631221260,+3.48,+31.248,+21.226,+0.987
1631221320,+3.48,+31.266,+21.267,+0.984
1631221380,+3.48,+31.266,+21.309,+0.984
1631221440,+3.48,+31.300,+21.329,+0.983
1631221500,+3.48,+31.292,+21.430,+0.985
1631221560,+3.48,+31.309,+21.470,+0.985
1631221620,+3.48,+31.318,+21.509,+0.986
1631221680,+3.48,+31.326,+21.519,+0.987
1631221740,+3.48,+31.326,+21.586,+0.988
1631221800,+3.48,+31.335,+21.497,+0.986
1631221860,+3.48,+31.344,+21.471,+0.987
1631221920,+3.48,+31.344,+21.382,+0.984
1631221980,+3.48,+31.353,+21.347,+0.984
1631222040,+3.48,+31.370,+21.344,+0.984
1631222100,+3.48,+31.361,+21.385,+0.984
1631222160,+3.48,+31.353,+21.562,+0.988
1631222220,+3.48,+31.370,+21.482,+0.985
1631222280,+3.48,+31.370,+21.437,+0.984
1631222340,+3.48,+31.370,+21.439,+0.986
1631222400,+3.48,+31.379,+21.457,+0.987
1631222460,+3.48,+31.370,+21.381,+0.985
1631222520,+3.48,+31.370,+21.287,+0.985
1631222580,+3.48,+31.353,+21.271,+0.985
1631222640,+3.48,+31.370,+21.319,+0.987
1631222700,+3.48,+31.361,+21.193,+0.984
1631222760,+3.48,+31.361,+21.297,+0.988
1631222820,+3.48,+31.361,+21.224,+0.986
1631222880,+3.48,+31.344,+21.214,+0.986
1631222940,+3.48,+31.370,+21.184,+0.987
1631223000,+3.48,+31.344,+21.237,+0.988
1631223060,+3.48,+31.353,+21.259,+0.987
1631223120,+3.48,+31.335,+21.260,+0.985
1631223180,+3.48,+31.326,+21.366,+0.986
1631223240,+3.48,+31.318,+21.327,+0.984
1631223300,+3.48,+31.326,+21.359,+0.986
1631223360,+3.48,+31.318,+21.345,+0.987
1631223420,+3.48,+31.283,+21.188,+0.985
1631223480,+3.48,+31.257,+21.240,+0.986
1631223540,+3.48,+31.239,+21.319,+0.984
1631223600,+3.48,+31.222,+21.439,+0.986
1631223660,+3.48,+31.222,+21.521,+0.988
1631223720,+3.48,+31.205,+21.437,+0.987
1631223780,+3.48,+31.187,+21.425,+0.986
1631223840,+3.48,+31.187,+21.383,+0.986
1631223900,+3.48,+31.179,+21.411,+0.987
1631223960,+3.48,+31.179,+21.323,+0.985
1631224020,+3.48,+31.179,+21.245,+0.984
1631224080,+3.48,+31.161,+21.352,+0.988
1631224140,+3.48,+31.170,+21.259,+0.986
1631224200,+3.48,+31.161,+21.259,+0.986
1631224260,+3.48,+31.161,+21.281,+0.987
1631224320,+3.48,+31.170,+21.323,+0.986
1631224380,+3.48,+31.187,+21.296,+0.985
1631224440,+3.48,+31.161,+21.408,+0.988
1631224500,+3.48,+31.187,+21.357,+0.988
1631224560,+3.48,+31.179,+21.290,+0.986
1631224620,+3.48,+31.170,+21.424,+0.988
1631224680,+3.48,+31.179,+21.429,+0.985
1631224740,+3.48,+31.179,+21.532,+0.986
1631224800,+3.48,+31.187,+21.497,+0.986
1631224860,+3.48,+31.196,+21.479,+0.987
1631224920,+3.48,+31.187,+21.419,+0.987
1631224980,+3.48,+31.213,+21.434,+0.989
1631225040,+3.48,+31.187,+21.349,+0.988
1631225100,+3.48,+31.205,+21.282,+0.988
1631225160,+3.48,+31.187,+21.166,+0.986
1631225220,+3.48,+31.196,+21.105,+0.986
1631225280,+3.48,+31.196,+21.046,+0.988
1631225340,+3.48,+31.196,+20.780,+0.985
1631225400,+3.48,+31.196,+20.659,+0.987
1631225460,+3.48,+31.187,+20.503,+0.986
1631225520,+3.48,+31.187,+20.459,+0.990
1631225580,+3.48,+31.179,+20.277,+0.987
1631225640,+3.48,+31.161,+20.158,+0.986
1631225700,+3.48,+31.196,+20.136,+0.988
1631225760,+3.48,+31.179,+20.066,+0.987
1631225820,+3.48,+31.179,+19.986,+0.986
1631225880,+3.48,+31.170,+19.980,+0.986
1631225940,+3.48,+31.170,+19.994,+0.987
1631226000,+3.48,+31.179,+19.863,+0.984
1631226060,+3.48,+31.144,+20.008,+0.987
1631226120,+3.48,+31.170,+19.973,+0.986
1631226180,+3.48,+31.170,+20.086,+0.989
1631226240,+3.48,+31.170,+20.027,+0.986
1631226300,+3.48,+31.170,+20.080,+0.986
1631226360,+3.48,+31.170,+20.095,+0.984
1631226420,+3.48,+31.144,+20.175,+0.986
1631226480,+3.48,+31.152,+20.184,+0.987
1631226540,+3.48,+31.152,+20.086,+0.984
1631226600,+3.48,+31.161,+20.025,+0.986
1631226660,+3.48,+31.152,+19.892,+0.987
1631226720,+3.48,+31.144,+19.652,+0.986
1631226780,+3.48,+31.126,+19.547,+0.987
1631226840,+3.48,+31.135,+19.434,+0.988
1631226900,+3.48,+31.118,+19.218,+0.983
1631226960,+3.48,+31.118,+19.259,+0.988
1631227020,+3.48,+31.100,+19.041,+0.984
1631227080,+3.48,+31.109,+18.967,+0.987
1631227140,+3.48,+31.100,+18.686,+0.984
1631227200,+3.48,+31.083,+18.594,+0.988
1631227260,+3.48,+31.065,+18.326,+0.985
1631227320,+3.48,+31.048,+18.238,+0.986
1631227380,+3.48,+31.039,+18.103,+0.986
1631227440,+3.48,+31.022,+18.024,+0.986
1631227500,+3.48,+31.031,+17.893,+0.986
1631227560,+3.48,+31.022,+17.917,+0.989
1631227620,+3.48,+31.005,+17.781,+0.986
1631227680,+3.48,+31.005,+17.739,+0.987
1631227740,+3.48,+30.987,+17.631,+0.986
1631227800,+3.48,+30.979,+17.511,+0.986
1631227860,+3.48,+30.979,+17.446,+0.986
1631227920,+3.48,+30.953,+17.352,+0.985
1631227980,+3.48,+30.953,+17.301,+0.986
1631228040,+3.48,+30.944,+17.173,+0.985
1631228100,+3.48,+30.918,+17.132,+0.986
1631228160,+3.48,+30.927,+17.014,+0.986
1631228220,+3.48,+30.909,+16.902,+0.987
1631228280,+3.48,+30.883,+16.785,+0.985
1631228340,+3.48,+30.892,+16.650,+0.984
1631228400,+3.48,+30.874,+16.613,+0.986
1631228460,+3.48,+30.866,+16.418,+0.983
1631228520,+3.48,+30.848,+16.406,+0.986
1631228580,+3.48,+30.840,+16.368,+0.986
1631228640,+3.48,+30.848,+16.375,+0.987
1631228700,+3.48,+30.796,+16.388,+0.986
1631228760,+3.48,+30.796,+16.394,+0.985
1631228820,+3.48,+30.779,+16.435,+0.986
1631228880,+3.48,+30.762,+16.452,+0.985
1631228940,+3.48,+30.744,+16.481,+0.986
1631229000,+3.48,+30.744,+16.495,+0.987
1631229060,+3.48,+30.753,+16.497,+0.986
1631229120,+3.48,+30.736,+16.518,+0.987
1631229180,+3.48,+30.736,+16.456,+0.986
1631229240,+3.48,+30.710,+16.527,+0.989
1631229300,+3.48,+30.710,+16.365,+0.985
1631229360,+3.48,+30.710,+16.362,+0.987
1631229420,+3.48,+30.692,+16.238,+0.983
1631229480,+3.48,+30.692,+16.258,+0.986
1631229540,+3.48,+30.666,+16.171,+0.985
1631229600,+3.48,+30.666,+16.062,+0.985
1631229660,+3.48,+30.649,+15.994,+0.986
1631229720,+3.48,+30.649,+15.859,+0.984
1631229780,+3.48,+30.614,+15.830,+0.986
1631229840,+3.48,+30.614,+15.813,+0.988
1631229900,+3.48,+30.623,+15.628,+0.985
1631229960,+3.48,+30.597,+15.547,+0.987
1631230020,+3.48,+30.571,+15.369,+0.985
1631230080,+3.48,+30.571,+15.247,+0.982
1631230140,+3.48,+30.554,+15.271,+0.985
1631230200,+3.48,+30.536,+15.281,+0.985
1631230260,+3.48,+30.519,+15.386,+0.983
1631230320,+3.48,+30.536,+15.559,+0.983
1631230380,+3.48,+30.510,+15.778,+0.985
1631230440,+3.48,+30.493,+15.892,+0.984
1631230500,+3.48,+30.493,+16.037,+0.984
1631230560,+3.48,+30.493,+16.227,+0.986
1631230620,+3.48,+30.476,+16.281,+0.985
1631230680,+3.48,+30.467,+16.309,+0.984
1631230740,+3.48,+30.450,+16.391,+0.987
1631230800,+3.48,+30.467,+16.355,+0.986
1631230860,+3.48,+30.432,+16.380,+0.986
1631230920,+3.48,+30.432,+16.339,+0.985
1631230980,+3.48,+30.424,+16.342,+0.984
1631231040,+3.48,+30.406,+16.399,+0.985
1631231100,+3.48,+30.398,+16.392,+0.985
1631231160,+3.48,+30.389,+16.385,+0.986
1631231220,+3.48,+30.380,+16.292,+0.985
1631231280,+3.48,+30.363,+16.260,+0.985
1631231340,+3.48,+30.372,+16.215,+0.985
1631231400,+3.48,+30.355,+16.169,+0.984
1631231460,+3.48,+30.337,+16.181,+0.986
1631231520,+3.48,+30.320,+16.099,+0.983
1631231580,+3.48,+30.311,+16.136,+0.986
1631231640,+3.48,+30.320,+16.076,+0.985
1631231700,+3.48,+30.311,+16.022,+0.985
1631231760,+3.48,+30.294,+15.921,+0.985
1631231820,+3.48,+30.294,+15.857,+0.987
1631231880,+3.48,+30.277,+15.787,+0.988
1631231940,+3.48,+30.268,+15.621,+0.985
1631232000,+3.48,+30.259,+15.596,+0.987
1631232060,+3.48,+30.259,+15.485,+0.985
1631232120,+3.48,+30.234,+15.381,+0.983
1631232180,+3.48,+30.225,+15.365,+0.985
1631232240,+3.48,+30.242,+15.352,+0.985
1631232300,+3.48,+30.216,+15.390,+0.988
1631232360,+3.48,+30.208,+15.319,+0.986
1631232420,+3.48,+30.216,+15.349,+0.988
1631232480,+3.48,+30.199,+15.299,+0.985
1631232540,+3.48,+30.190,+15.288,+0.986
1631232600,+3.48,+30.182,+15.276,+0.986
1631232660,+3.48,+30.182,+15.189,+0.985
1631232720,+3.48,+30.173,+15.154,+0.986
1631232780,+3.48,+30.156,+15.110,+0.986
1631232840,+3.48,+30.164,+15.066,+0.986
1631232900,+3.48,+30.156,+15.024,+0.986
1631232960,+3.48,+30.130,+14.920,+0.984
1631233020,+3.48,+30.130,+14.863,+0.985
1631233080,+3.48,+30.130,+14.848,+0.987
1631233140,+3.48,+30.113,+14.800,+0.986
1631233200,+3.48,+30.130,+14.683,+0.985
1631233260,+3.48,+30.113,+14.591,+0.984
1631233320,+3.48,+30.113,+14.528,+0.985
1631233380,+3.48,+30.121,+14.409,+0.984
1631233440,+3.48,+30.104,+14.320,+0.984
1631233500,+3.48,+30.095,+14.262,+0.985
1631233560,+3.48,+30.095,+14.185,+0.985
1631233620,+3.48,+30.078,+14.082,+0.985
1631233680,+3.48,+30.078,+14.005,+0.985
1631233740,+3.48,+30.061,+13.948,+0.984
1631233800,+3.48,+30.061,+13.887,+0.984
1631233860,+3.48,+30.069,+13.866,+0.986
1631233920,+3.48,+30.043,+13.836,+0.986
1631233980,+3.48,+30.043,+13.786,+0.984
1631234040,+3.48,+30.043,+13.740,+0.983
1631234100,+3.48,+30.043,+13.699,+0.985
1631234160,+3.48,+30.026,+13.614,+0.984
1631234220,+3.48,+30.009,+13.550,+0.984
1631234280,+3.48,+29.992,+13.552,+0.984
1631234340,+3.48,+30.009,+13.494,+0.984
1631234400,+3.48,+30.000,+13.481,+0.985
1631234460,+3.48,+29.983,+13.455,+0.985
1631234520,+3.48,+30.000,+13.395,+0.984
1631234580,+3.48,+29.974,+13.343,+0.983
1631234640,+3.48,+29.992,+13.338,+0.985
1631234700,+3.48,+29.974,+13.305,+0.985
1631234760,+3.48,+29.957,+13.289,+0.984
1631234820,+3.49,+29.957,+13.289,+0.985
1631234880,+3.48,+29.957,+13.274,+0.985
1631234940,+3.48,+29.940,+13.278,+0.985
1631235000,+3.48,+29.931,+13.237,+0.984
1631235060,+3.49,+29.949,+13.193,+0.984
1631235120,+3.48,+29.914,+13.196,+0.984
1631235180,+3.48,+29.905,+13.118,+0.983
1631235240,+3.48,+29.905,+13.077,+0.983
1631235300,+3.49,+29.905,+13.097,+0.985
1631235360,+3.48,+29.888,+13.039,+0.984
1631235420,+3.48,+29.880,+13.060,+0.986
1631235480,+3.48,+29.854,+13.014,+0.984
1631235540,+3.48,+29.871,+13.012,+0.984
1631235600,+3.48,+29.862,+12.981,+0.983
1631235660,+3.48,+29.854,+12.982,+0.985
1631235720,+3.48,+29.845,+12.930,+0.983
1631235780,+3.48,+29.854,+12.896,+0.985
1631235840,+3.48,+29.828,+12.896,+0.984
1631235900,+3.48,+29.819,+12.870,+0.982
1631235960,+3.48,+29.802,+12.875,+0.984
1631236020,+3.48,+29.802,+12.860,+0.984
1631236080,+3.48,+29.793,+12.849,+0.984
1631236140,+3.48,+29.793,+12.808,+0.983
