7450-387970
OS REV: 1.05 Sensor Cal: 1615486469
Time (sec),  BV (Volts),  T (deg C),  DO (mg/l),  Q ()
1630026600,+3.49,+33.167,+12.353,+0.981
1630026660,+3.49,+33.149,+12.147,+0.980
1630026720,+3.49,+33.158,+12.152,+0.979
1630026780,+3.49,+33.176,+12.329,+0.981
1630026840,+3.50,+33.229,+12.623,+0.981
1630026900,+3.50,+33.290,+13.025,+0.979
1630026960,+3.50,+33.237,+12.729,+0.981
1630027020,+3.49,+33.237,+12.745,+0.980
1630027080,+3.50,+33.255,+12.627,+0.980
1630027140,+3.50,+33.246,+12.271,+0.979
1630027200,+3.50,+33.220,+12.090,+0.979
1630027260,+3.49,+33.184,+12.011,+0.980
1630027320,+3.50,+33.246,+12.484,+0.980
1630027380,+3.49,+33.273,+12.690,+0.980
1630027440,+3.50,+33.299,+12.905,+0.981
1630027500,+3.50,+33.290,+12.925,+0.981
1630027560,+3.49,+33.282,+12.855,+0.982
1630027620,+3.50,+33.317,+12.679,+0.980
1630027680,+3.50,+33.273,+12.545,+0.980
1630027740,+3.50,+33.255,+12.276,+0.981
1630027800,+3.50,+33.211,+12.139,+0.981
1630027860,+3.50,+33.237,+12.423,+0.981
1630027920,+3.50,+33.246,+12.374,+0.981
1630027980,+3.50,+33.220,+12.261,+0.981
1630028040,+3.50,+33.220,+12.146,+0.979
1630028100,+3.50,+33.255,+12.067,+0.980
1630028160,+3.50,+33.220,+12.116,+0.981
1630028220,+3.50,+33.220,+12.103,+0.982
1630028280,+3.50,+33.229,+12.104,+0.981
1630028340,+3.50,+33.237,+11.804,+0.978
1630028400,+3.50,+33.193,+11.743,+0.979
1630028460,+3.50,+33.193,+11.896,+0.980
1630028520,+3.50,+33.211,+11.907,+0.981
1630028580,+3.50,+33.202,+11.801,+0.980
1630028640,+3.49,+33.176,+11.762,+0.982
1630028700,+3.49,+33.176,+11.841,+0.980
1630028760,+3.50,+33.176,+11.757,+0.980
1630028820,+3.49,+33.140,+11.527,+0.980
1630028880,+3.49,+33.193,+11.512,+0.979
1630028940,+3.49,+33.158,+11.490,+0.980
1630029000,+3.49,+33.167,+11.646,+0.980
1630029060,+3.50,+33.184,+11.794,+0.981
1630029120,+3.50,+33.193,+11.956,+0.982
1630029180,+3.50,+33.202,+12.019,+0.981
1630029240,+3.50,+33.211,+12.279,+0.980
1630029300,+3.50,+33.229,+12.343,+0.983
1630029360,+3.50,+33.202,+12.039,+0.981
1630029420,+3.50,+33.229,+12.197,+0.981
1630029480,+3.50,+33.202,+12.311,+0.983
1630029540,+3.50,+33.211,+12.364,+0.981
1630029600,+3.50,+33.184,+12.253,+0.980
1630029660,+3.50,+33.202,+12.380,+0.981
1630029720,+3.50,+33.211,+12.590,+0.979
1630029780,+3.50,+33.202,+12.636,+0.982
1630029840,+3.50,+33.193,+12.536,+0.981
1630029900,+3.50,+33.176,+12.417,+0.982
1630029960,+3.50,+33.220,+12.414,+0.980
1630030020,+3.50,+33.229,+12.783,+0.982
1630030080,+3.50,+33.202,+12.836,+0.980
1630030140,+3.50,+33.202,+12.943,+0.982
1630030200,+3.50,+33.193,+13.064,+0.981
1630030260,+3.50,+33.193,+12.991,+0.979
1630030320,+3.50,+33.193,+12.916,+0.981
1630030380,+3.50,+33.184,+12.835,+0.981
1630030440,+3.50,+33.202,+13.056,+0.981
1630030500,+3.50,+33.167,+12.766,+0.980
1630030560,+3.49,+33.149,+12.624,+0.981
1630030620,+3.49,+33.140,+12.457,+0.980
1630030680,+3.49,+33.132,+12.377,+0.980
1630030740,+3.49,+33.123,+12.481,+0.981
1630030800,+3.49,+33.140,+12.527,+0.981
1630030860,+3.49,+33.132,+12.437,+0.981
1630030920,+3.49,+33.140,+12.417,+0.981
1630030980,+3.49,+33.149,+12.360,+0.981
1630031040,+3.49,+33.132,+12.272,+0.980
1630031100,+3.49,+33.105,+12.120,+0.980
1630031160,+3.49,+33.096,+11.985,+0.982
1630031220,+3.49,+33.123,+12.033,+0.982
1630031280,+3.49,+33.079,+12.032,+0.981
1630031340,+3.49,+33.087,+12.348,+0.981
1630031400,+3.49,+33.079,+12.778,+0.982
1630031460,+3.49,+33.079,+12.760,+0.981
1630031520,+3.49,+33.079,+12.836,+0.981
1630031580,+3.49,+33.035,+12.714,+0.982
1630031640,+3.49,+33.035,+12.436,+0.981
1630031700,+3.49,+32.999,+12.300,+0.981
1630031760,+3.49,+33.017,+12.341,+0.982
1630031820,+3.49,+33.017,+12.296,+0.981
1630031880,+3.49,+32.999,+12.413,+0.982
1630031940,+3.49,+33.008,+12.458,+0.980
1630032000,+3.49,+32.999,+12.489,+0.982
1630032060,+3.49,+33.008,+12.477,+0.981
1630032120,+3.49,+32.991,+12.399,+0.981
1630032180,+3.49,+32.955,+12.477,+0.983
1630032240,+3.49,+32.964,+12.562,+0.982
1630032300,+3.49,+32.938,+12.781,+0.983
1630032360,+3.49,+32.929,+12.932,+0.982
1630032420,+3.49,+32.911,+13.019,+0.984
1630032480,+3.49,+32.911,+13.007,+0.982
1630032540,+3.49,+32.920,+12.847,+0.981
1630032600,+3.49,+32.894,+12.772,+0.982
1630032660,+3.49,+32.894,+12.644,+0.982
1630032720,+3.49,+32.885,+12.579,+0.982
1630032780,+3.49,+32.850,+12.603,+0.982
1630032840,+3.49,+32.841,+12.612,+0.982
1630032900,+3.49,+32.832,+12.656,+0.981
1630032960,+3.49,+32.823,+12.741,+0.982
1630033020,+3.49,+32.832,+12.846,+0.982
1630033080,+3.49,+32.806,+12.770,+0.982
1630033140,+3.49,+32.797,+12.725,+0.982
1630033200,+3.49,+32.788,+12.550,+0.980
1630033260,+3.49,+32.779,+12.654,+0.983
1630033320,+3.49,+32.788,+12.625,+0.982
1630033380,+3.49,+32.779,+12.637,+0.983
1630033440,+3.49,+32.762,+12.691,+0.984
1630033500,+3.49,+32.770,+12.650,+0.982
1630033560,+3.49,+32.753,+12.528,+0.982
1630033620,+3.49,+32.753,+12.441,+0.982
1630033680,+3.49,+32.735,+12.425,+0.983
1630033740,+3.49,+32.735,+12.332,+0.981
1630033800,+3.49,+32.726,+12.440,+0.983
1630033860,+3.49,+32.718,+12.500,+0.984
1630033920,+3.49,+32.709,+12.513,+0.984
1630033980,+3.49,+32.700,+12.497,+0.984
1630034040,+3.49,+32.691,+12.441,+0.984
1630034100,+3.49,+32.682,+12.481,+0.984
1630034160,+3.49,+32.656,+12.397,+0.981
1630034220,+3.49,+32.665,+12.329,+0.983
1630034280,+3.49,+32.656,+12.266,+0.983
1630034340,+3.49,+32.647,+12.294,+0.983
1630034400,+3.49,+32.656,+12.166,+0.981
1630034460,+3.49,+32.647,+12.142,+0.982
1630034520,+3.49,+32.621,+12.053,+0.983
1630034580,+3.49,+32.603,+12.022,+0.982
1630034640,+3.49,+32.639,+11.973,+0.982
1630034700,+3.49,+32.603,+12.046,+0.982
1630034760,+3.49,+32.595,+12.004,+0.982
1630034820,+3.49,+32.603,+11.935,+0.983
1630034880,+3.49,+32.595,+11.875,+0.982
1630034940,+3.49,+32.595,+11.843,+0.983
1630035000,+3.49,+32.595,+11.798,+0.982
1630035060,+3.49,+32.586,+11.803,+0.983
1630035120,+3.49,+32.586,+11.766,+0.982
1630035180,+3.49,+32.568,+11.702,+0.983
1630035240,+3.49,+32.551,+11.645,+0.982
1630035300,+3.49,+32.559,+11.563,+0.982
1630035360,+3.49,+32.551,+11.569,+0.982
1630035420,+3.49,+32.533,+11.586,+0.983
1630035480,+3.49,+32.524,+11.622,+0.982
1630035540,+3.50,+32.524,+11.580,+0.983
1630035600,+3.50,+32.524,+11.487,+0.982
1630035660,+3.50,+32.498,+11.504,+0.982
1630035720,+3.50,+32.489,+11.426,+0.981
1630035780,+3.50,+32.480,+11.380,+0.983
1630035840,+3.50,+32.472,+11.324,+0.982
1630035900,+3.50,+32.472,+11.415,+0.984
1630035960,+3.50,+32.472,+11.309,+0.983
1630036020,+3.50,+32.472,+11.176,+0.983
1630036080,+3.50,+32.445,+11.120,+0.983
1630036140,+3.50,+32.454,+11.112,+0.982
1630036200,+3.50,+32.437,+11.070,+0.981
1630036260,+3.50,+32.428,+11.043,+0.982
1630036320,+3.50,+32.437,+10.972,+0.982
1630036380,+3.50,+32.437,+10.901,+0.982
1630036440,+3.50,+32.410,+10.871,+0.982
1630036500,+3.50,+32.410,+10.828,+0.982
1630036560,+3.50,+32.419,+10.891,+0.981
1630036620,+3.50,+32.384,+10.980,+0.983
1630036680,+3.50,+32.401,+11.049,+0.983
1630036740,+3.50,+32.384,+11.106,+0.983
1630036800,+3.50,+32.366,+11.089,+0.982
1630036860,+3.50,+32.375,+10.996,+0.982
1630036920,+3.50,+32.375,+11.064,+0.984
1630036980,+3.50,+32.393,+10.994,+0.983
1630037040,+3.50,+32.366,+10.891,+0.983
1630037100,+3.50,+32.366,+10.739,+0.982
1630037160,+3.50,+32.349,+10.658,+0.983
1630037220,+3.50,+32.340,+10.587,+0.982
1630037280,+3.50,+32.349,+10.660,+0.982
1630037340,+3.50,+32.314,+10.710,+0.982
1630037400,+3.50,+32.323,+10.852,+0.981
1630037460,+3.50,+32.314,+10.968,+0.983
1630037520,+3.50,+32.305,+11.046,+0.983
1630037580,+3.50,+32.296,+10.978,+0.983
1630037640,+3.50,+32.287,+10.962,+0.982
1630037700,+3.50,+32.296,+10.966,+0.983
1630037760,+3.50,+32.270,+10.993,+0.983
1630037820,+3.50,+32.279,+10.992,+0.982
1630037880,+3.50,+32.279,+10.993,+0.982
1630037940,+3.50,+32.270,+10.881,+0.983
1630038000,+3.50,+32.252,+10.909,+0.984
1630038060,+3.50,+32.270,+10.903,+0.983
1630038120,+3.50,+32.244,+10.893,+0.983
1630038180,+3.50,+32.217,+10.876,+0.982
1630038240,+3.50,+32.226,+10.871,+0.982
1630038300,+3.50,+32.226,+10.888,+0.984
1630038360,+3.50,+32.226,+10.860,+0.983
1630038420,+3.50,+32.209,+10.832,+0.983
1630038480,+3.50,+32.200,+10.714,+0.983
1630038540,+3.50,+32.200,+10.748,+0.983
1630038600,+3.50,+32.191,+10.755,+0.984
1630038660,+3.50,+32.182,+10.700,+0.982
1630038720,+3.50,+32.174,+10.652,+0.983
1630038780,+3.50,+32.174,+10.752,+0.982
1630038840,+3.50,+32.147,+10.683,+0.983
1630038900,+3.50,+32.156,+10.679,+0.982
1630038960,+3.50,+32.147,+10.649,+0.981
1630039020,+3.50,+32.147,+10.592,+0.983
1630039080,+3.50,+32.130,+10.636,+0.983
1630039140,+3.50,+32.139,+10.598,+0.983
1630039200,+3.50,+32.112,+10.553,+0.984
1630039260,+3.50,+32.112,+10.569,+0.983
1630039320,+3.50,+32.112,+10.521,+0.983
1630039380,+3.50,+32.095,+10.608,+0.984
1630039440,+3.50,+32.086,+10.586,+0.983
1630039500,+3.50,+32.086,+10.607,+0.983
1630039560,+3.50,+32.086,+10.689,+0.983
1630039620,+3.50,+32.060,+10.610,+0.982
1630039680,+3.50,+32.051,+10.585,+0.984
1630039740,+3.50,+32.051,+10.569,+0.983
1630039800,+3.50,+32.042,+10.589,+0.984
1630039860,+3.50,+32.033,+10.544,+0.982
1630039920,+3.50,+32.042,+10.530,+0.984
1630039980,+3.50,+32.033,+10.524,+0.982
1630040040,+3.50,+32.025,+10.585,+0.983
1630040100,+3.50,+32.016,+10.579,+0.982
1630040160,+3.50,+32.025,+10.490,+0.983
1630040220,+3.50,+32.007,+10.452,+0.984
1630040280,+3.49,+32.007,+10.441,+0.984
1630040340,+3.50,+32.016,+10.413,+0.984
1630040400,+3.49,+31.990,+10.353,+0.983
1630040460,+3.49,+31.998,+10.312,+0.983
1630040520,+3.49,+31.998,+10.364,+0.983
1630040580,+3.49,+31.972,+10.261,+0.983
1630040640,+3.49,+31.981,+10.214,+0.983
1630040700,+3.49,+31.972,+10.181,+0.983
1630040760,+3.49,+31.955,+10.123,+0.983
1630040820,+3.49,+31.972,+10.081,+0.982
1630040880,+3.49,+31.955,+10.035,+0.983
1630040940,+3.49,+31.937,+10.027,+0.982
1630041000,+3.49,+31.937,+10.077,+0.983
1630041060,+3.49,+31.928,+10.077,+0.982
1630041120,+3.49,+31.937,+10.158,+0.983
1630041180,+3.49,+31.937,+10.073,+0.984
1630041240,+3.49,+31.928, +9.995,+0.983
1630041300,+3.49,+31.911,+10.052,+0.983
1630041360,+3.49,+31.894,+10.105,+0.983
1630041420,+3.49,+31.894,+10.182,+0.983
1630041480,+3.49,+31.894,+10.198,+0.983
1630041540,+3.49,+31.894,+10.092,+0.983
1630041600,+3.49,+31.885, +9.946,+0.982
1630041660,+3.49,+31.885, +9.844,+0.984
1630041720,+3.49,+31.859, +9.810,+0.983
1630041780,+3.49,+31.841, +9.766,+0.983
1630041840,+3.49,+31.850, +9.749,+0.982
1630041900,+3.49,+31.850, +9.732,+0.983
1630041960,+3.49,+31.850, +9.722,+0.984
1630042020,+3.49,+31.841, +9.693,+0.983
1630042080,+3.49,+31.841, +9.767,+0.983
1630042140,+3.49,+31.841, +9.783,+0.983
1630042200,+3.49,+31.832, +9.745,+0.982
1630042260,+3.49,+31.824, +9.622,+0.984
1630042320,+3.49,+31.824, +9.515,+0.985
1630042380,+3.49,+31.824, +9.403,+0.983
1630042440,+3.49,+31.797, +9.387,+0.983
1630042500,+3.49,+31.797, +9.417,+0.983
1630042560,+3.49,+31.797, +9.461,+0.983
1630042620,+3.49,+31.780, +9.493,+0.983
1630042680,+3.49,+31.789, +9.479,+0.983
1630042740,+3.49,+31.797, +9.427,+0.984
1630042800,+3.49,+31.780, +9.410,+0.983
1630042860,+3.49,+31.762, +9.464,+0.984
1630042920,+3.49,+31.745, +9.435,+0.983
1630042980,+3.49,+31.754, +9.409,+0.983
1630043040,+3.49,+31.736, +9.352,+0.983
1630043100,+3.49,+31.736, +9.320,+0.984
1630043160,+3.49,+31.710, +9.324,+0.983
1630043220,+3.49,+31.719, +9.316,+0.984
1630043280,+3.49,+31.719, +9.280,+0.983
1630043340,+3.49,+31.710, +9.253,+0.983
1630043400,+3.49,+31.693, +9.211,+0.983
1630043460,+3.49,+31.693, +9.166,+0.983
1630043520,+3.49,+31.675, +9.146,+0.982
1630043580,+3.49,+31.684, +9.129,+0.983
1630043640,+3.49,+31.658, +9.149,+0.983
1630043700,+3.49,+31.675, +9.080,+0.982
1630043760,+3.49,+31.675, +8.984,+0.983
1630043820,+3.49,+31.666, +8.986,+0.983
1630043880,+3.49,+31.640, +8.943,+0.982
1630043940,+3.49,+31.623, +8.967,+0.984
1630044000,+3.49,+31.623, +8.949,+0.984
1630044060,+3.49,+31.623, +8.944,+0.983
1630044120,+3.49,+31.605, +8.790,+0.983
1630044180,+3.49,+31.614, +8.642,+0.984
1630044240,+3.49,+31.614, +8.533,+0.983
1630044300,+3.49,+31.597, +8.404,+0.984
1630044360,+3.49,+31.597, +8.513,+0.984
1630044420,+3.49,+31.579, +8.537,+0.983
1630044480,+3.49,+31.570, +8.428,+0.983
1630044540,+3.49,+31.588, +8.419,+0.982
1630044600,+3.49,+31.579, +8.406,+0.983
1630044660,+3.49,+31.562, +8.323,+0.982
1630044720,+3.49,+31.544, +8.277,+0.983
1630044780,+3.49,+31.553, +8.245,+0.984
1630044840,+3.49,+31.544, +8.190,+0.984
1630044900,+3.49,+31.553, +8.242,+0.984
1630044960,+3.49,+31.544, +8.305,+0.982
1630045020,+3.49,+31.544, +8.357,+0.983
1630045080,+3.49,+31.527, +8.331,+0.983
1630045140,+3.49,+31.527, +8.323,+0.983
1630045200,+3.49,+31.527, +8.253,+0.984
1630045260,+3.49,+31.518, +8.184,+0.983
1630045320,+3.49,+31.509, +8.007,+0.983
1630045380,+3.49,+31.518, +8.062,+0.983
1630045440,+3.49,+31.492, +8.007,+0.983
1630045500,+3.49,+31.518, +7.985,+0.982
1630045560,+3.49,+31.492, +7.840,+0.983
1630045620,+3.49,+31.483, +7.806,+0.982
1630045680,+3.50,+31.483, +7.818,+0.983
1630045740,+3.49,+31.475, +7.733,+0.983
1630045800,+3.49,+31.466, +7.658,+0.982
1630045860,+3.49,+31.457, +7.671,+0.983
1630045920,+3.49,+31.466, +7.653,+0.984
1630045980,+3.49,+31.466, +7.650,+0.983
1630046040,+3.50,+31.448, +7.645,+0.983
1630046100,+3.50,+31.448, +7.606,+0.983
1630046160,+3.49,+31.440, +7.564,+0.983
1630046220,+3.50,+31.414, +7.429,+0.983
1630046280,+3.50,+31.431, +7.406,+0.983
1630046340,+3.50,+31.422, +7.440,+0.983
1630046400,+3.49,+31.405, +7.367,+0.984
1630046460,+3.50,+31.414, +7.282,+0.983
1630046520,+3.50,+31.405, +7.035,+0.983
1630046580,+3.50,+31.396, +6.922,+0.983
1630046640,+3.50,+31.379, +6.959,+0.983
1630046700,+3.50,+31.387, +6.895,+0.983
1630046760,+3.50,+31.387, +6.662,+0.983
1630046820,+3.50,+31.370, +6.615,+0.983
1630046880,+3.50,+31.361, +6.547,+0.983
1630046940,+3.50,+31.361, +6.440,+0.983
1630047000,+3.50,+31.353, +6.486,+0.983
1630047060,+3.50,+31.370, +6.498,+0.982
1630047120,+3.49,+31.361, +6.526,+0.982
1630047180,+3.50,+31.353, +6.532,+0.982
1630047240,+3.50,+31.326, +6.443,+0.983
1630047300,+3.50,+31.335, +6.409,+0.983
1630047360,+3.50,+31.335, +6.346,+0.983
1630047420,+3.50,+31.318, +6.303,+0.983
1630047480,+3.50,+31.335, +6.121,+0.983
1630047540,+3.50,+31.309, +6.052,+0.983
1630047600,+3.50,+31.326, +6.130,+0.983
1630047660,+3.50,+31.318, +6.054,+0.983
1630047720,+3.50,+31.300, +6.091,+0.982
1630047780,+3.50,+31.292, +6.111,+0.982
1630047840,+3.50,+31.300, +6.079,+0.983
1630047900,+3.50,+31.309, +6.023,+0.983
1630047960,+3.50,+31.283, +6.113,+0.983
1630048020,+3.50,+31.283, +6.047,+0.983
1630048080,+3.50,+31.283, +6.047,+0.983
1630048140,+3.50,+31.283, +5.917,+0.983
1630048200,+3.50,+31.274, +5.765,+0.983
1630048260,+3.50,+31.257, +5.546,+0.983
1630048320,+3.50,+31.266, +5.395,+0.983
1630048380,+3.50,+31.266, +5.301,+0.983
1630048440,+3.50,+31.266, +5.307,+0.983
1630048500,+3.50,+31.257, +5.358,+0.983
1630048560,+3.50,+31.274, +5.328,+0.983
1630048620,+3.50,+31.266, +5.157,+0.983
1630048680,+3.50,+31.231, +5.090,+0.984
1630048740,+3.50,+31.266, +5.178,+0.984
1630048800,+3.50,+31.266, +5.299,+0.983
1630048860,+3.50,+31.239, +5.300,+0.983
1630048920,+3.50,+31.248, +5.212,+0.983
1630048980,+3.50,+31.239, +5.140,+0.983
1630049040,+3.50,+31.239, +5.108,+0.983
1630049100,+3.50,+31.222, +5.130,+0.983
1630049160,+3.50,+31.248, +5.200,+0.983
1630049220,+3.50,+31.231, +5.339,+0.983
1630049280,+3.50,+31.222, +5.432,+0.984
1630049340,+3.50,+31.213, +5.402,+0.983
1630049400,+3.50,+31.205, +5.300,+0.984
1630049460,+3.50,+31.205, +5.264,+0.983
1630049520,+3.50,+31.205, +5.422,+0.984
1630049580,+3.50,+31.196, +5.551,+0.984
1630049640,+3.50,+31.187, +5.634,+0.983
1630049700,+3.50,+31.187, +5.586,+0.983
1630049760,+3.50,+31.196, +5.572,+0.983
1630049820,+3.50,+31.187, +5.473,+0.983
1630049880,+3.50,+31.196, +5.390,+0.983
1630049940,+3.50,+31.179, +5.328,+0.984
1630050000,+3.50,+31.170, +5.226,+0.983
1630050060,+3.50,+31.161, +5.165,+0.984
1630050120,+3.50,+31.170, +5.196,+0.984
1630050180,+3.50,+31.179, +5.211,+0.983
1630050240,+3.50,+31.170, +5.117,+0.984
1630050300,+3.50,+31.170, +4.911,+0.984
1630050360,+3.50,+31.161, +4.826,+0.984
1630050420,+3.50,+31.170, +4.894,+0.983
1630050480,+3.50,+31.152, +4.824,+0.983
1630050540,+3.50,+31.144, +4.686,+0.983
1630050600,+3.50,+31.135, +4.608,+0.984
1630050660,+3.50,+31.152, +4.632,+0.983
1630050720,+3.50,+31.126, +4.612,+0.983
1630050780,+3.50,+31.126, +4.779,+0.983
1630050840,+3.50,+31.118, +4.868,+0.983
1630050900,+3.50,+31.118, +4.804,+0.983
1630050960,+3.50,+31.109, +4.649,+0.984
1630051020,+3.50,+31.118, +4.793,+0.983
1630051080,+3.50,+31.109, +4.697,+0.984
1630051140,+3.50,+31.118, +4.562,+0.983
1630051200,+3.50,+31.118, +4.229,+0.984
1630051260,+3.50,+31.109, +3.842,+0.984
1630051320,+3.50,+31.100, +3.795,+0.984
1630051380,+3.50,+31.109, +3.633,+0.984
1630051440,+3.50,+31.092, +3.714,+0.984
1630051500,+3.50,+31.092, +3.894,+0.984
1630051560,+3.50,+31.092, +3.938,+0.984
1630051620,+3.50,+31.092, +4.043,+0.984
1630051680,+3.50,+31.092, +4.049,+0.984
1630051740,+3.50,+31.083, +4.004,+0.984
1630051800,+3.50,+31.083, +4.096,+0.984
1630051860,+3.50,+31.083, +4.179,+0.984
1630051920,+3.50,+31.048, +4.262,+0.984
1630051980,+3.50,+31.057, +4.316,+0.983
1630052040,+3.50,+31.048, +4.401,+0.984
1630052100,+3.50,+31.057, +4.387,+0.984
1630052160,+3.50,+31.048, +4.333,+0.984
1630052220,+3.50,+31.039, +4.289,+0.984
1630052280,+3.50,+31.031, +4.273,+0.984
1630052340,+3.50,+31.039, +4.243,+0.984
1630052400,+3.50,+31.031, +4.125,+0.984
1630052460,+3.50,+31.022, +4.287,+0.984
1630052520,+3.50,+31.031, +4.430,+0.984
1630052580,+3.50,+31.031, +4.355,+0.984
1630052640,+3.50,+31.022, +4.299,+0.984
1630052700,+3.50,+31.022, +4.346,+0.984
1630052760,+3.50,+31.005, +4.328,+0.984
1630052820,+3.50,+31.013, +4.275,+0.984
1630052880,+3.50,+31.013, +3.993,+0.984
1630052940,+3.50,+30.996, +3.824,+0.984
1630053000,+3.50,+30.996, +3.707,+0.984
1630053060,+3.50,+30.996, +3.607,+0.985
1630053120,+3.50,+31.005, +3.654,+0.984
1630053180,+3.50,+31.005, +3.693,+0.984
1630053240,+3.50,+30.987, +3.584,+0.985
1630053300,+3.50,+30.979, +3.484,+0.984
1630053360,+3.50,+30.979, +3.384,+0.985
1630053420,+3.50,+30.961, +3.478,+0.984
1630053480,+3.50,+30.979, +3.476,+0.985
1630053540,+3.50,+30.970, +3.446,+0.985
1630053600,+3.50,+30.979, +3.316,+0.985
1630053660,+3.50,+30.970, +3.250,+0.985
1630053720,+3.50,+30.953, +3.266,+0.985
1630053780,+3.50,+30.953, +3.412,+0.984
1630053840,+3.50,+30.953, +3.481,+0.985
1630053900,+3.50,+30.953, +3.475,+0.985
1630053960,+3.50,+30.944, +3.496,+0.984
1630054020,+3.50,+30.944, +3.658,+0.984
1630054080,+3.50,+30.927, +3.798,+0.984
1630054140,+3.50,+30.927, +3.908,+0.984
1630054200,+3.50,+30.927, +3.874,+0.984
1630054260,+3.50,+30.918, +3.787,+0.984
1630054320,+3.50,+30.909, +3.592,+0.985
1630054380,+3.50,+30.927, +3.284,+0.984
1630054440,+3.50,+30.918, +3.112,+0.985
1630054500,+3.50,+30.918, +3.121,+0.985
1630054560,+3.49,+30.892, +3.102,+0.985
1630054620,+3.49,+30.909, +3.153,+0.985
1630054680,+3.49,+30.900, +3.156,+0.985
1630054740,+3.49,+30.909, +3.064,+0.985
1630054800,+3.49,+30.900, +3.049,+0.985
1630054860,+3.49,+30.892, +3.131,+0.985
1630054920,+3.49,+30.900, +3.068,+0.984
1630054980,+3.49,+30.892, +2.962,+0.985
1630055040,+3.49,+30.866, +2.862,+0.985
1630055100,+3.49,+30.874, +2.776,+0.985
1630055160,+3.49,+30.866, +2.677,+0.985
1630055220,+3.49,+30.874, +2.384,+0.985
1630055280,+3.49,+30.866, +2.190,+0.986
1630055340,+3.49,+30.857, +2.169,+0.986
1630055400,+3.49,+30.848, +2.342,+0.985
1630055460,+3.49,+30.857, +2.491,+0.985
1630055520,+3.49,+30.857, +2.604,+0.985
1630055580,+3.49,+30.857, +2.571,+0.985
1630055640,+3.49,+30.848, +2.534,+0.985
1630055700,+3.49,+30.840, +2.435,+0.985
1630055760,+3.49,+30.831, +2.392,+0.986
1630055820,+3.49,+30.831, +2.432,+0.985
1630055880,+3.49,+30.840, +2.473,+0.986
1630055940,+3.49,+30.831, +2.496,+0.985
1630056000,+3.49,+30.840, +2.537,+0.985
1630056060,+3.49,+30.814, +2.494,+0.986
1630056120,+3.49,+30.805, +2.411,+0.986
1630056180,+3.49,+30.831, +2.356,+0.986
1630056240,+3.49,+30.814, +2.420,+0.985
1630056300,+3.49,+30.814, +2.430,+0.986
1630056360,+3.49,+30.788, +2.507,+0.986
1630056420,+3.49,+30.779, +2.591,+0.986
1630056480,+3.49,+30.788, +2.537,+0.986
1630056540,+3.49,+30.770, +2.364,+0.986
1630056600,+3.49,+30.779, +2.252,+0.986
1630056660,+3.49,+30.770, +2.266,+0.986
1630056720,+3.49,+30.762, +2.251,+0.986
1630056780,+3.49,+30.770, +2.241,+0.986
1630056840,+3.49,+30.753, +2.295,+0.986
1630056900,+3.49,+30.753, +2.346,+0.986
1630056960,+3.49,+30.736, +2.275,+0.986
1630057020,+3.49,+30.744, +2.162,+0.986
1630057080,+3.49,+30.762, +2.134,+0.986
1630057140,+3.49,+30.744, +2.093,+0.986
1630057200,+3.49,+30.727, +1.959,+0.986
1630057260,+3.49,+30.727, +1.961,+0.986
1630057320,+3.49,+30.736, +2.021,+0.985
1630057380,+3.49,+30.736, +2.023,+0.986
1630057440,+3.49,+30.718, +1.942,+0.986
1630057500,+3.49,+30.736, +1.880,+0.986
1630057560,+3.49,+30.701, +1.814,+0.986
1630057620,+3.49,+30.710, +1.762,+0.986
1630057680,+3.49,+30.710, +1.820,+0.986
1630057740,+3.49,+30.701, +1.991,+0.986
1630057800,+3.49,+30.684, +2.116,+0.986
1630057860,+3.49,+30.701, +2.197,+0.986
1630057920,+3.49,+30.684, +2.179,+0.986
1630057980,+3.49,+30.701, +2.299,+0.986
1630058040,+3.49,+30.684, +2.309,+0.985
1630058100,+3.49,+30.692, +2.365,+0.986
1630058160,+3.49,+30.684, +2.324,+0.985
1630058220,+3.49,+30.666, +2.267,+0.986
1630058280,+3.49,+30.666, +2.241,+0.986
1630058340,+3.49,+30.675, +2.138,+0.986
1630058400,+3.49,+30.658, +2.124,+0.986
1630058460,+3.49,+30.640, +2.244,+0.986
1630058520,+3.49,+30.623, +2.237,+0.986
1630058580,+3.49,+30.632, +2.288,+0.986
1630058640,+3.49,+30.640, +2.187,+0.986
1630058700,+3.49,+30.649, +2.134,+0.986
1630058760,+3.49,+30.632, +2.162,+0.986
1630058820,+3.49,+30.632, +2.119,+0.986
1630058880,+3.49,+30.606, +2.242,+0.986
1630058940,+3.49,+30.623, +2.222,+0.986
1630059000,+3.49,+30.597, +2.264,+0.986
1630059060,+3.49,+30.588, +2.234,+0.986
1630059120,+3.49,+30.580, +2.190,+0.986
1630059180,+3.49,+30.571, +2.231,+0.986
1630059240,+3.49,+30.571, +2.282,+0.986
1630059300,+3.49,+30.588, +2.252,+0.986
1630059360,+3.49,+30.571, +2.196,+0.986
1630059420,+3.49,+30.562, +2.132,+0.986
1630059480,+3.49,+30.571, +2.050,+0.986
1630059540,+3.49,+30.571, +2.042,+0.986
1630059600,+3.49,+30.562, +2.077,+0.986
1630059660,+3.49,+30.580, +2.044,+0.986
1630059720,+3.49,+30.554, +1.936,+0.986
1630059780,+3.49,+30.562, +1.893,+0.986
1630059840,+3.49,+30.562, +1.939,+0.986
1630059900,+3.49,+30.554, +1.942,+0.986
1630059960,+3.49,+30.562, +1.894,+0.986
1630060020,+3.49,+30.545, +1.797,+0.986
1630060080,+3.49,+30.554, +1.788,+0.986
1630060140,+3.49,+30.536, +1.837,+0.986
1630060200,+3.49,+30.545, +1.834,+0.986
1630060260,+3.49,+30.536, +1.952,+0.986
1630060320,+3.49,+30.519, +2.105,+0.986
1630060380,+3.49,+30.510, +2.164,+0.986
1630060440,+3.49,+30.519, +2.087,+0.986
1630060500,+3.49,+30.510, +1.998,+0.986
1630060560,+3.49,+30.502, +1.920,+0.986
1630060620,+3.49,+30.502, +1.917,+0.986
1630060680,+3.49,+30.510, +2.003,+0.986
1630060740,+3.49,+30.484, +1.985,+0.986
1630060800,+3.49,+30.502, +1.894,+0.986
1630060860,+3.49,+30.484, +1.880,+0.986
1630060920,+3.49,+30.484, +1.969,+0.986
1630060980,+3.49,+30.467, +2.022,+0.986
1630061040,+3.49,+30.502, +1.922,+0.987
1630061100,+3.49,+30.484, +1.925,+0.986
1630061160,+3.49,+30.493, +1.890,+0.986
1630061220,+3.49,+30.476, +1.867,+0.986
1630061280,+3.49,+30.484, +1.801,+0.986
1630061340,+3.49,+30.467, +1.781,+0.986
1630061400,+3.49,+30.467, +1.748,+0.986
1630061460,+3.49,+30.467, +1.723,+0.986
1630061520,+3.49,+30.458, +1.762,+0.986
1630061580,+3.49,+30.458, +1.735,+0.986
1630061640,+3.49,+30.441, +1.767,+0.986
1630061700,+3.49,+30.441, +1.780,+0.986
1630061760,+3.49,+30.450, +1.749,+0.986
1630061820,+3.49,+30.450, +1.768,+0.986
1630061880,+3.49,+30.441, +1.727,+0.986
1630061940,+3.49,+30.432, +1.753,+0.986
1630062000,+3.49,+30.415, +1.722,+0.986
1630062060,+3.49,+30.424, +1.660,+0.985
1630062120,+3.49,+30.398, +1.553,+0.986
1630062180,+3.49,+30.406, +1.515,+0.986
1630062240,+3.49,+30.415, +1.545,+0.986
1630062300,+3.49,+30.406, +1.635,+0.986
1630062360,+3.49,+30.398, +1.647,+0.986
1630062420,+3.49,+30.398, +1.617,+0.986
1630062480,+3.49,+30.389, +1.537,+0.986
1630062540,+3.49,+30.380, +1.462,+0.985
1630062600,+3.49,+30.389, +1.437,+0.986
1630062660,+3.49,+30.389, +1.475,+0.985
1630062720,+3.49,+30.398, +1.529,+0.986
1630062780,+3.49,+30.372, +1.557,+0.985
1630062840,+3.49,+30.406, +1.542,+0.986
1630062900,+3.49,+30.389, +1.516,+0.986
1630062960,+3.49,+30.389, +1.496,+0.986
1630063020,+3.49,+30.372, +1.428,+0.986
1630063080,+3.49,+30.398, +1.364,+0.985
1630063140,+3.49,+30.380, +1.322,+0.985
1630063200,+3.49,+30.363, +1.275,+0.985
1630063260,+3.49,+30.372, +1.244,+0.985
1630063320,+3.49,+30.363, +1.190,+0.985
1630063380,+3.49,+30.355, +1.154,+0.985
1630063440,+3.49,+30.346, +1.276,+0.986
1630063500,+3.49,+30.355, +1.342,+0.985
1630063560,+3.49,+30.329, +1.267,+0.985
1630063620,+3.49,+30.355, +1.245,+0.985
1630063680,+3.49,+30.329, +1.178,+0.985
1630063740,+3.49,+30.337, +1.098,+0.985
1630063800,+3.49,+30.320, +1.068,+0.984
1630063860,+3.49,+30.329, +1.153,+0.985
1630063920,+3.49,+30.337, +1.072,+0.984
1630063980,+3.49,+30.329, +1.063,+0.984
1630064040,+3.49,+30.320, +1.065,+0.984
1630064100,+3.49,+30.294, +1.082,+0.984
1630064160,+3.49,+30.311, +1.041,+0.984
1630064220,+3.49,+30.311, +0.990,+0.984
1630064280,+3.49,+30.311, +0.999,+0.984
1630064340,+3.49,+30.311, +1.010,+0.983
1630064400,+3.49,+30.303, +0.986,+0.983
1630064460,+3.49,+30.303, +1.071,+0.984
1630064520,+3.49,+30.294, +1.081,+0.984
1630064580,+3.49,+30.294, +1.168,+0.985
1630064640,+3.49,+30.294, +1.119,+0.985
1630064700,+3.49,+30.285, +1.075,+0.984
1630064760,+3.49,+30.259, +1.051,+0.984
1630064820,+3.49,+30.259, +1.140,+0.985
1630064880,+3.49,+30.268, +1.090,+0.985
1630064940,+3.49,+30.259, +1.033,+0.984
1630065000,+3.49,+30.259, +0.998,+0.984
1630065060,+3.49,+30.259, +0.993,+0.984
1630065120,+3.49,+30.259, +0.908,+0.983
1630065180,+3.49,+30.251, +0.944,+0.984
1630065240,+3.49,+30.259, +0.904,+0.983
1630065300,+3.49,+30.242, +0.839,+0.982
1630065360,+3.49,+30.242, +0.773,+0.982
1630065420,+3.49,+30.234, +0.721,+0.981
1630065480,+3.49,+30.234, +0.744,+0.981
1630065540,+3.49,+30.234, +0.735,+0.981
1630065600,+3.49,+30.234, +0.741,+0.981
1630065660,+3.49,+30.234, +0.767,+0.982
1630065720,+3.49,+30.242, +0.747,+0.982
1630065780,+3.49,+30.216, +0.776,+0.981
1630065840,+3.49,+30.225, +0.822,+0.982
1630065900,+3.49,+30.234, +0.850,+0.983
1630065960,+3.49,+30.208, +0.923,+0.983
1630066020,+3.49,+30.216, +0.921,+0.983
1630066080,+3.49,+30.225, +0.881,+0.983
1630066140,+3.49,+30.208, +0.923,+0.983
1630066200,+3.49,+30.199, +0.891,+0.983
1630066260,+3.49,+30.199, +0.926,+0.983
1630066320,+3.49,+30.190, +0.888,+0.983
1630066380,+3.49,+30.182, +0.838,+0.983
1630066440,+3.49,+30.199, +0.829,+0.983
1630066500,+3.49,+30.182, +0.798,+0.982
1630066560,+3.49,+30.190, +0.732,+0.982
1630066620,+3.49,+30.182, +0.698,+0.981
1630066680,+3.49,+30.182, +0.643,+0.981
1630066740,+3.49,+30.173, +0.624,+0.980
1630066800,+3.49,+30.164, +0.605,+0.980
1630066860,+3.49,+30.164, +0.605,+0.980
1630066920,+3.49,+30.156, +0.641,+0.980
1630066980,+3.49,+30.138, +0.644,+0.980
1630067040,+3.49,+30.121, +0.658,+0.981
1630067100,+3.49,+30.104, +0.653,+0.980
1630067160,+3.49,+30.121, +0.568,+0.979
1630067220,+3.49,+30.104, +0.536,+0.979
1630067280,+3.49,+30.121, +0.437,+0.977
1630067340,+3.49,+30.087, +0.502,+0.978
1630067400,+3.49,+30.104, +0.578,+0.979
1630067460,+3.49,+30.113, +0.543,+0.979
1630067520,+3.49,+30.104, +0.545,+0.979
1630067580,+3.49,+30.095, +0.513,+0.978
1630067640,+3.49,+30.095, +0.440,+0.977
1630067700,+3.49,+30.095, +0.445,+0.977
1630067760,+3.49,+30.095, +0.425,+0.977
1630067820,+3.49,+30.113, +0.397,+0.977
1630067880,+3.49,+30.095, +0.358,+0.976
1630067940,+3.49,+30.104, +0.361,+0.976
1630068000,+3.49,+30.104, +0.391,+0.976
1630068060,+3.49,+30.104, +0.354,+0.976
1630068120,+3.49,+30.087, +0.474,+0.978
1630068180,+3.49,+30.078, +0.483,+0.978
1630068240,+3.49,+30.087, +0.433,+0.977
1630068300,+3.49,+30.087, +0.510,+0.978
1630068360,+3.49,+30.087, +0.552,+0.979
1630068420,+3.49,+30.078, +0.529,+0.979
1630068480,+3.49,+30.061, +0.537,+0.979
1630068540,+3.49,+30.078, +0.626,+0.980
1630068600,+3.49,+30.069, +0.526,+0.979
1630068660,+3.49,+30.069, +0.553,+0.979
1630068720,+3.49,+30.052, +0.494,+0.978
1630068780,+3.49,+30.069, +0.415,+0.977
1630068840,+3.49,+30.043, +0.874,+0.983
1630068900,+3.49,+30.078, +0.808,+0.983
1630068960,+3.49,+30.069, +0.779,+0.983
1630069020,+3.49,+30.035, +0.774,+0.982
1630069080,+3.49,+30.035, +0.733,+0.982
1630069140,+3.49,+30.052, +0.655,+0.981
1630069200,+3.49,+30.026, +0.694,+0.981
1630069260,+3.49,+30.026, +0.961,+0.984
1630069320,+3.49,+30.026, +0.902,+0.984
1630069380,+3.49,+30.043, +0.822,+0.983
1630069440,+3.49,+30.035, +0.776,+0.982
1630069500,+3.49,+30.026, +0.754,+0.982
1630069560,+3.49,+30.035, +0.912,+0.984
1630069620,+3.49,+30.035, +0.899,+0.984
1630069680,+3.49,+30.043, +0.800,+0.982
1630069740,+3.49,+30.026, +0.829,+0.983
1630069800,+3.49,+30.018, +0.777,+0.982
1630069860,+3.49,+30.018, +0.810,+0.983
1630069920,+3.49,+30.018, +0.821,+0.982
1630069980,+3.49,+30.018, +0.886,+0.983
1630070040,+3.49,+30.009, +0.862,+0.983
1630070100,+3.49,+30.018, +0.847,+0.983
1630070160,+3.49,+30.026, +0.996,+0.984
1630070220,+3.49,+30.000, +0.960,+0.984
1630070280,+3.49,+30.009, +0.885,+0.983
1630070340,+3.49,+30.000, +0.937,+0.984
1630070400,+3.49,+30.018, +0.873,+0.983
1630070460,+3.49,+30.000, +0.867,+0.983
1630070520,+3.49,+30.009, +0.849,+0.983
1630070580,+3.49,+30.018, +0.868,+0.983
1630070640,+3.49,+29.992, +0.890,+0.983
1630070700,+3.49,+29.992, +1.047,+0.985
1630070760,+3.49,+30.000, +1.019,+0.984
1630070820,+3.49,+29.992, +1.029,+0.985
1630070880,+3.49,+30.000, +1.104,+0.985
1630070940,+3.49,+30.000, +1.090,+0.985
1630071000,+3.49,+30.000, +0.997,+0.984
1630071060,+3.49,+29.992, +0.960,+0.984
1630071120,+3.49,+30.009, +0.911,+0.983
1630071180,+3.49,+29.992, +0.907,+0.983
1630071240,+3.49,+30.000, +0.872,+0.983
1630071300,+3.49,+29.983, +0.826,+0.983
1630071360,+3.49,+30.009, +0.833,+0.983
1630071420,+3.49,+30.000, +0.809,+0.983
1630071480,+3.49,+30.000, +0.725,+0.982
1630071540,+3.49,+30.000, +0.907,+0.983
1630071600,+3.49,+30.000, +0.947,+0.984
1630071660,+3.49,+30.000, +1.066,+0.985
1630071720,+3.49,+29.983, +0.953,+0.984
1630071780,+3.49,+29.974, +1.041,+0.984
1630071840,+3.49,+30.000, +1.006,+0.984
1630071900,+3.49,+29.974, +0.966,+0.984
1630071960,+3.49,+29.992, +0.906,+0.983
1630072020,+3.49,+29.983, +0.940,+0.983
1630072080,+3.49,+30.018, +0.972,+0.984
1630072140,+3.49,+29.992, +0.912,+0.983
1630072200,+3.49,+30.000, +0.831,+0.982
1630072260,+3.49,+30.009, +0.826,+0.982
1630072320,+3.49,+30.009, +0.846,+0.983
1630072380,+3.49,+30.000, +0.880,+0.983
1630072440,+3.49,+30.000, +1.011,+0.984
1630072500,+3.49,+30.000, +1.094,+0.985
1630072560,+3.49,+30.009, +1.204,+0.986
1630072620,+3.49,+30.009, +1.166,+0.985
1630072680,+3.49,+30.000, +1.225,+0.986
1630072740,+3.49,+30.000, +1.183,+0.985
1630072800,+3.49,+30.009, +1.059,+0.985
1630072860,+3.49,+30.000, +1.060,+0.985
1630072920,+3.49,+30.018, +1.157,+0.985
1630072980,+3.49,+30.018, +1.113,+0.985
1630073040,+3.49,+30.000, +1.179,+0.986
1630073100,+3.49,+30.026, +1.207,+0.985
1630073160,+3.49,+30.009, +1.217,+0.985
1630073220,+3.49,+30.026, +1.171,+0.985
1630073280,+3.49,+30.018, +1.192,+0.985
1630073340,+3.49,+30.018, +1.141,+0.985
1630073400,+3.49,+30.026, +1.140,+0.985
1630073460,+3.49,+30.018, +1.114,+0.985
1630073520,+3.49,+30.026, +1.085,+0.984
1630073580,+3.49,+30.018, +1.010,+0.984
1630073640,+3.49,+30.009, +1.080,+0.985
1630073700,+3.49,+30.018, +1.135,+0.985
1630073760,+3.49,+30.018, +1.083,+0.985
1630073820,+3.49,+30.018, +1.033,+0.984
1630073880,+3.49,+30.026, +1.058,+0.985
1630073940,+3.49,+30.026, +1.046,+0.984
1630074000,+3.49,+30.026, +1.059,+0.984
1630074060,+3.49,+30.043, +1.035,+0.984
1630074120,+3.49,+30.018, +1.036,+0.984
1630074180,+3.49,+30.018, +1.095,+0.985
1630074240,+3.49,+30.018, +1.109,+0.984
1630074300,+3.49,+30.035, +1.117,+0.985
1630074360,+3.49,+30.018, +1.131,+0.985
1630074420,+3.49,+30.026, +1.227,+0.985
1630074480,+3.49,+30.035, +1.372,+0.986
1630074540,+3.49,+30.035, +1.364,+0.986
1630074600,+3.49,+30.043, +1.312,+0.985
1630074660,+3.49,+30.052, +1.323,+0.985
1630074720,+3.49,+30.061, +1.312,+0.985
1630074780,+3.49,+30.061, +1.285,+0.985
1630074840,+3.49,+30.052, +1.324,+0.985
1630074900,+3.49,+30.078, +1.345,+0.986
1630074960,+3.49,+30.087, +1.453,+0.986
1630075020,+3.49,+30.087, +1.459,+0.986
1630075080,+3.49,+30.095, +1.481,+0.986
1630075140,+3.49,+30.113, +1.551,+0.986
1630075200,+3.49,+30.113, +1.509,+0.986
1630075260,+3.49,+30.130, +1.529,+0.985
1630075320,+3.49,+30.138, +1.579,+0.986
1630075380,+3.49,+30.147, +1.597,+0.986
1630075440,+3.49,+30.130, +1.670,+0.986
1630075500,+3.49,+30.121, +1.732,+0.986
1630075560,+3.49,+30.121, +1.696,+0.986
1630075620,+3.49,+30.130, +1.647,+0.986
1630075680,+3.49,+30.121, +1.716,+0.986
1630075740,+3.49,+30.121, +1.777,+0.986
1630075800,+3.49,+30.121, +1.781,+0.986
1630075860,+3.49,+30.138, +1.809,+0.986
1630075920,+3.49,+30.138, +1.826,+0.986
1630075980,+3.49,+30.147, +1.829,+0.986
1630076040,+3.49,+30.173, +1.804,+0.986
1630076100,+3.49,+30.182, +1.955,+0.986
1630076160,+3.49,+30.182, +1.926,+0.986
1630076220,+3.49,+30.182, +1.896,+0.986
1630076280,+3.49,+30.190, +1.894,+0.986
1630076340,+3.49,+30.173, +1.977,+0.986
1630076400,+3.49,+30.182, +1.989,+0.986
1630076460,+3.49,+30.199, +1.947,+0.986
1630076520,+3.49,+30.208, +1.970,+0.986
1630076580,+3.49,+30.225, +1.994,+0.986
1630076640,+3.49,+30.251, +2.002,+0.986
1630076700,+3.49,+30.225, +2.079,+0.986
1630076760,+3.49,+30.216, +2.124,+0.986
1630076820,+3.49,+30.225, +2.104,+0.986
1630076880,+3.49,+30.225, +2.105,+0.986
1630076940,+3.49,+30.216, +2.155,+0.986
1630077000,+3.49,+30.234, +2.190,+0.986
1630077060,+3.49,+30.242, +2.203,+0.986
1630077120,+3.49,+30.259, +2.279,+0.985
1630077180,+3.49,+30.225, +2.306,+0.986
1630077240,+3.49,+30.242, +2.275,+0.986
1630077300,+3.49,+30.234, +2.299,+0.986
1630077360,+3.49,+30.242, +2.263,+0.986
1630077420,+3.49,+30.259, +2.265,+0.986
1630077480,+3.49,+30.268, +2.324,+0.986
1630077540,+3.49,+30.259, +2.361,+0.986
1630077600,+3.49,+30.268, +2.372,+0.986
1630077660,+3.49,+30.251, +2.400,+0.986
1630077720,+3.49,+30.268, +2.414,+0.986
1630077780,+3.49,+30.251, +2.407,+0.986
1630077840,+3.49,+30.259, +2.369,+0.986
1630077900,+3.49,+30.259, +2.363,+0.986
1630077960,+3.49,+30.251, +2.334,+0.986
1630078020,+3.49,+30.242, +2.346,+0.986
1630078080,+3.49,+30.268, +2.437,+0.986
1630078140,+3.49,+30.268, +2.505,+0.986
1630078200,+3.49,+30.259, +2.508,+0.986
1630078260,+3.49,+30.268, +2.610,+0.985
1630078320,+3.49,+30.285, +2.617,+0.986
1630078380,+3.49,+30.294, +2.683,+0.986
1630078440,+3.49,+30.277, +2.656,+0.985
1630078500,+3.49,+30.285, +2.609,+0.986
1630078560,+3.49,+30.277, +2.651,+0.986
1630078620,+3.49,+30.277, +2.636,+0.986
1630078680,+3.49,+30.277, +2.632,+0.986
1630078740,+3.49,+30.303, +2.594,+0.986
1630078800,+3.49,+30.294, +2.575,+0.985
1630078860,+3.49,+30.285, +2.553,+0.986
1630078920,+3.49,+30.285, +2.563,+0.985
1630078980,+3.49,+30.285, +2.651,+0.986
1630079040,+3.49,+30.303, +2.719,+0.985
1630079100,+3.49,+30.285, +2.913,+0.985
1630079160,+3.49,+30.311, +2.973,+0.985
1630079220,+3.49,+30.329, +2.928,+0.985
1630079280,+3.49,+30.320, +2.917,+0.985
1630079340,+3.49,+30.303, +2.912,+0.986
1630079400,+3.49,+30.329, +2.962,+0.985
1630079460,+3.49,+30.329, +3.013,+0.985
1630079520,+3.49,+30.346, +2.949,+0.985
1630079580,+3.49,+30.346, +2.967,+0.985
1630079640,+3.49,+30.329, +2.963,+0.986
1630079700,+3.49,+30.329, +2.972,+0.985
1630079760,+3.49,+30.329, +3.036,+0.985
1630079820,+3.49,+30.320, +3.140,+0.985
1630079880,+3.49,+30.337, +3.118,+0.985
1630079940,+3.49,+30.355, +3.059,+0.985
1630080000,+3.49,+30.346, +3.067,+0.985
1630080060,+3.49,+30.372, +3.084,+0.985
1630080120,+3.49,+30.398, +3.061,+0.984
1630080180,+3.49,+30.389, +3.119,+0.985
1630080240,+3.49,+30.406, +3.143,+0.985
1630080300,+3.49,+30.363, +3.106,+0.985
1630080360,+3.49,+30.372, +3.039,+0.985
1630080420,+3.49,+30.355, +2.993,+0.985
1630080480,+3.49,+30.355, +3.021,+0.985
1630080540,+3.49,+30.346, +3.126,+0.985
1630080600,+3.49,+30.389, +3.224,+0.985
1630080660,+3.49,+30.398, +3.221,+0.985
1630080720,+3.49,+30.398, +3.290,+0.985
1630080780,+3.49,+30.424, +3.322,+0.985
1630080840,+3.49,+30.398, +3.246,+0.985
1630080900,+3.49,+30.363, +3.180,+0.985
1630080960,+3.49,+30.363, +3.091,+0.985
1630081020,+3.49,+30.372, +3.043,+0.985
1630081080,+3.49,+30.372, +3.041,+0.985
1630081140,+3.49,+30.363, +3.055,+0.985
1630081200,+3.49,+30.380, +3.080,+0.985
1630081260,+3.49,+30.398, +3.192,+0.985
1630081320,+3.49,+30.415, +3.228,+0.984
1630081380,+3.49,+30.415, +3.250,+0.984
1630081440,+3.49,+30.424, +3.242,+0.984
1630081500,+3.49,+30.424, +3.241,+0.985
1630081560,+3.49,+30.415, +3.257,+0.985
1630081620,+3.49,+30.432, +3.295,+0.984
1630081680,+3.49,+30.450, +3.329,+0.985
1630081740,+3.49,+30.450, +3.362,+0.984
1630081800,+3.49,+30.484, +3.455,+0.984
1630081860,+3.49,+30.484, +3.591,+0.984
1630081920,+3.49,+30.493, +3.740,+0.984
1630081980,+3.49,+30.484, +3.784,+0.984
1630082040,+3.49,+30.519, +3.781,+0.984
1630082100,+3.49,+30.519, +3.846,+0.983
1630082160,+3.49,+30.536, +3.858,+0.984
1630082220,+3.49,+30.528, +3.829,+0.984
1630082280,+3.49,+30.519, +3.822,+0.984
1630082340,+3.49,+30.545, +3.866,+0.984
1630082400,+3.49,+30.571, +3.934,+0.984
1630082460,+3.49,+30.554, +4.014,+0.983
1630082520,+3.49,+30.562, +4.146,+0.984
1630082580,+3.49,+30.580, +4.241,+0.984
1630082640,+3.49,+30.606, +4.308,+0.983
1630082700,+3.49,+30.597, +4.361,+0.983
1630082760,+3.49,+30.597, +4.414,+0.983
1630082820,+3.49,+30.614, +4.453,+0.984
1630082880,+3.49,+30.623, +4.443,+0.983
1630082940,+3.49,+30.623, +4.450,+0.984
1630083000,+3.49,+30.623, +4.476,+0.983
1630083060,+3.49,+30.597, +4.424,+0.983
1630083120,+3.49,+30.614, +4.428,+0.983
1630083180,+3.49,+30.606, +4.422,+0.983
1630083240,+3.49,+30.614, +4.346,+0.983
1630083300,+3.49,+30.606, +4.317,+0.983
1630083360,+3.49,+30.623, +4.349,+0.984
1630083420,+3.49,+30.632, +4.490,+0.983
1630083480,+3.49,+30.658, +4.526,+0.983
1630083540,+3.49,+30.640, +4.546,+0.983
1630083600,+3.49,+30.658, +4.555,+0.983
1630083660,+3.49,+30.649, +4.520,+0.983
1630083720,+3.49,+30.606, +4.483,+0.983
1630083780,+3.49,+30.640, +4.566,+0.983
1630083840,+3.49,+30.614, +4.646,+0.984
1630083900,+3.49,+30.658, +4.617,+0.983
1630083960,+3.49,+30.675, +4.665,+0.983
1630084020,+3.49,+30.675, +4.709,+0.983
1630084080,+3.49,+30.640, +4.611,+0.983
1630084140,+3.49,+30.658, +4.565,+0.983
1630084200,+3.49,+30.640, +4.541,+0.983
1630084260,+3.49,+30.640, +4.521,+0.983
1630084320,+3.49,+30.666, +4.532,+0.983
1630084380,+3.49,+30.701, +4.596,+0.983
1630084440,+3.49,+30.710, +4.650,+0.983
1630084500,+3.49,+30.684, +4.675,+0.983
1630084560,+3.49,+30.692, +4.704,+0.983
1630084620,+3.49,+30.675, +4.695,+0.983
1630084680,+3.49,+30.658, +4.650,+0.983
1630084740,+3.49,+30.649, +4.623,+0.983
1630084800,+3.49,+30.658, +4.769,+0.983
1630084860,+3.49,+30.684, +4.943,+0.983
1630084920,+3.49,+30.701, +4.933,+0.983
1630084980,+3.49,+30.684, +4.856,+0.983
1630085040,+3.49,+30.684, +4.783,+0.983
1630085100,+3.49,+30.684, +4.664,+0.983
1630085160,+3.49,+30.692, +4.665,+0.984
1630085220,+3.49,+30.710, +4.736,+0.983
1630085280,+3.49,+30.701, +4.821,+0.983
1630085340,+3.49,+30.692, +4.841,+0.983
1630085400,+3.49,+30.710, +4.863,+0.983
1630085460,+3.49,+30.718, +4.900,+0.983
1630085520,+3.49,+30.736, +4.915,+0.983
1630085580,+3.49,+30.753, +4.929,+0.983
1630085640,+3.49,+30.736, +4.985,+0.983
1630085700,+3.49,+30.736, +4.955,+0.983
1630085760,+3.49,+30.736, +5.005,+0.983
1630085820,+3.49,+30.744, +5.155,+0.983
1630085880,+3.49,+30.762, +5.290,+0.983
1630085940,+3.48,+30.788, +5.435,+0.982
1630086000,+3.49,+30.796, +5.466,+0.983
1630086060,+3.49,+30.831, +5.438,+0.983
1630086120,+3.49,+30.831, +5.463,+0.983
1630086180,+3.49,+30.822, +5.409,+0.982
1630086240,+3.49,+30.814, +5.306,+0.982
1630086300,+3.49,+30.788, +5.183,+0.983
1630086360,+3.49,+30.805, +5.248,+0.982
1630086420,+3.49,+30.805, +5.389,+0.982
1630086480,+3.49,+30.866, +5.527,+0.982
1630086540,+3.49,+30.892, +5.628,+0.982
1630086600,+3.49,+30.900, +5.742,+0.982
1630086660,+3.49,+30.935, +5.848,+0.982
1630086720,+3.49,+30.953, +5.848,+0.982
1630086780,+3.49,+30.935, +5.875,+0.982
1630086840,+3.49,+30.970, +5.834,+0.983
1630086900,+3.49,+30.953, +5.727,+0.982
1630086960,+3.49,+30.935, +5.612,+0.983
1630087020,+3.49,+30.935, +5.494,+0.982
1630087080,+3.49,+30.953, +5.574,+0.982
1630087140,+3.49,+30.970, +5.633,+0.982
1630087200,+3.49,+30.996, +5.758,+0.982
1630087260,+3.49,+31.013, +5.831,+0.982
1630087320,+3.49,+31.039, +5.623,+0.982
1630087380,+3.49,+31.005, +5.630,+0.982
1630087440,+3.49,+31.013, +5.533,+0.982
1630087500,+3.49,+31.022, +5.394,+0.982
1630087560,+3.49,+31.022, +5.456,+0.982
1630087620,+3.49,+31.065, +5.488,+0.981
1630087680,+3.49,+31.074, +5.574,+0.982
1630087740,+3.49,+31.065, +5.569,+0.982
1630087800,+3.49,+31.039, +5.398,+0.981
1630087860,+3.49,+31.022, +5.257,+0.982
1630087920,+3.49,+30.996, +5.134,+0.982
1630087980,+3.49,+30.970, +5.129,+0.982
1630088040,+3.49,+30.996, +5.140,+0.982
1630088100,+3.49,+30.961, +5.141,+0.982
1630088160,+3.49,+30.944, +5.138,+0.982
1630088220,+3.49,+30.961, +5.186,+0.982
1630088280,+3.49,+30.970, +5.217,+0.982
1630088340,+3.49,+30.970, +5.211,+0.982
1630088400,+3.49,+30.987, +5.266,+0.982
1630088460,+3.49,+30.996, +5.271,+0.982
1630088520,+3.49,+31.039, +5.330,+0.982
1630088580,+3.49,+31.065, +5.434,+0.982
1630088640,+3.49,+31.074, +5.514,+0.982
1630088700,+3.49,+31.100, +5.594,+0.982
1630088760,+3.49,+31.126, +5.683,+0.981
1630088820,+3.49,+31.170, +5.835,+0.981
1630088880,+3.49,+31.205, +5.868,+0.982
1630088940,+3.49,+31.231, +6.059,+0.981
1630089000,+3.49,+31.248, +6.165,+0.981
1630089060,+3.49,+31.257, +6.122,+0.981
1630089120,+3.49,+31.222, +5.971,+0.982
1630089180,+3.49,+31.213, +5.813,+0.981
1630089240,+3.49,+31.179, +5.756,+0.982
1630089300,+3.49,+31.187, +5.730,+0.982
1630089360,+3.49,+31.222, +5.893,+0.981
1630089420,+3.49,+31.205, +5.910,+0.982
1630089480,+3.49,+31.196, +5.874,+0.982
1630089540,+3.49,+31.213, +6.029,+0.981
1630089600,+3.49,+31.248, +6.291,+0.982
1630089660,+3.49,+31.309, +6.455,+0.982
1630089720,+3.49,+31.353, +6.561,+0.982
1630089780,+3.49,+31.318, +6.542,+0.981
1630089840,+3.49,+31.318, +6.474,+0.982
1630089900,+3.49,+31.300, +6.488,+0.982
1630089960,+3.49,+31.292, +6.439,+0.981
1630090020,+3.49,+31.266, +6.255,+0.982
1630090080,+3.49,+31.222, +6.038,+0.982
1630090140,+3.49,+31.187, +5.869,+0.982
1630090200,+3.49,+31.205, +5.908,+0.982
1630090260,+3.49,+31.222, +5.848,+0.982
1630090320,+3.49,+31.213, +5.890,+0.982
1630090380,+3.49,+31.222, +6.028,+0.982
1630090440,+3.49,+31.205, +6.013,+0.982
1630090500,+3.49,+31.187, +5.850,+0.982
1630090560,+3.49,+31.196, +5.824,+0.982
1630090620,+3.49,+31.187, +5.755,+0.982
1630090680,+3.49,+31.187, +5.748,+0.982
1630090740,+3.49,+31.231, +5.985,+0.981
1630090800,+3.49,+31.257, +6.106,+0.982
1630090860,+3.49,+31.231, +6.173,+0.982
1630090920,+3.49,+31.248, +6.133,+0.982
1630090980,+3.49,+31.239, +6.264,+0.982
1630091040,+3.49,+31.239, +6.413,+0.982
1630091100,+3.49,+31.248, +6.428,+0.982
1630091160,+3.49,+31.248, +6.365,+0.983
1630091220,+3.49,+31.248, +6.631,+0.982
1630091280,+3.49,+31.266, +6.560,+0.982
1630091340,+3.49,+31.283, +6.441,+0.983
1630091400,+3.49,+31.274, +6.342,+0.982
1630091460,+3.49,+31.266, +6.264,+0.981
1630091520,+3.49,+31.266, +6.274,+0.982
1630091580,+3.49,+31.257, +6.165,+0.982
1630091640,+3.49,+31.196, +5.997,+0.982
1630091700,+3.49,+31.205, +6.258,+0.982
1630091760,+3.49,+31.213, +6.296,+0.982
1630091820,+3.49,+31.205, +6.340,+0.982
1630091880,+3.49,+31.231, +6.239,+0.982
1630091940,+3.49,+31.213, +6.332,+0.981
1630092000,+3.49,+31.231, +6.410,+0.982
1630092060,+3.49,+31.248, +6.506,+0.982
1630092120,+3.49,+31.257, +6.475,+0.982
1630092180,+3.49,+31.300, +6.545,+0.982
1630092240,+3.49,+31.326, +6.615,+0.981
1630092300,+3.49,+31.361, +6.715,+0.983
1630092360,+3.49,+31.422, +7.044,+0.981
1630092420,+3.49,+31.457, +7.077,+0.981
1630092480,+3.49,+31.422, +6.997,+0.981
1630092540,+3.49,+31.431, +7.000,+0.981
1630092600,+3.49,+31.440, +7.017,+0.981
1630092660,+3.49,+31.501, +7.318,+0.982
1630092720,+3.49,+31.509, +7.531,+0.981
1630092780,+3.49,+31.544, +7.646,+0.981
1630092840,+3.49,+31.509, +7.570,+0.981
1630092900,+3.49,+31.483, +7.285,+0.981
1630092960,+3.49,+31.475, +7.133,+0.981
1630093020,+3.49,+31.466, +7.025,+0.981
1630093080,+3.49,+31.431, +6.898,+0.982
1630093140,+3.49,+31.440, +6.896,+0.981
1630093200,+3.49,+31.396, +7.046,+0.981
1630093260,+3.49,+31.414, +7.190,+0.981
1630093320,+3.49,+31.431, +7.466,+0.982
1630093380,+3.49,+31.475, +7.432,+0.981
1630093440,+3.49,+31.501, +7.524,+0.982
1630093500,+3.49,+31.544, +7.572,+0.981
1630093560,+3.49,+31.605, +7.749,+0.981
1630093620,+3.49,+31.649, +7.853,+0.981
1630093680,+3.49,+31.675, +7.859,+0.981
1630093740,+3.49,+31.710, +7.807,+0.981
1630093800,+3.49,+31.693, +7.820,+0.981
1630093860,+3.49,+31.745, +8.042,+0.981
1630093920,+3.49,+31.762, +7.959,+0.981
1630093980,+3.49,+31.780, +7.876,+0.980
1630094040,+3.49,+31.824, +7.990,+0.981
1630094100,+3.49,+31.841, +7.960,+0.981
1630094160,+3.49,+31.815, +7.709,+0.980
1630094220,+3.49,+31.754, +7.396,+0.980
1630094280,+3.49,+31.701, +7.166,+0.980
1630094340,+3.49,+31.684, +7.008,+0.981
1630094400,+3.49,+31.666, +6.999,+0.981
1630094460,+3.49,+31.666, +6.987,+0.981
1630094520,+3.49,+31.640, +6.876,+0.981
1630094580,+3.49,+31.632, +6.869,+0.981
1630094640,+3.49,+31.640, +6.862,+0.981
1630094700,+3.49,+31.623, +6.828,+0.980
1630094760,+3.49,+31.579, +6.788,+0.981
1630094820,+3.49,+31.588, +6.881,+0.981
1630094880,+3.49,+31.588, +6.851,+0.981
1630094940,+3.49,+31.605, +6.818,+0.981
1630095000,+3.49,+31.597, +6.830,+0.981
1630095060,+3.49,+31.597, +6.965,+0.981
1630095120,+3.49,+31.597, +7.215,+0.981
1630095180,+3.49,+31.649, +7.578,+0.982
1630095240,+3.49,+31.632, +7.551,+0.980
1630095300,+3.49,+31.649, +7.435,+0.981
1630095360,+3.49,+31.623, +7.350,+0.981
1630095420,+3.49,+31.623, +7.434,+0.981
1630095480,+3.49,+31.597, +7.509,+0.982
1630095540,+3.49,+31.632, +7.762,+0.981
1630095600,+3.49,+31.649, +7.809,+0.982
1630095660,+3.49,+31.649, +7.800,+0.981
1630095720,+3.49,+31.693, +7.939,+0.981
1630095780,+3.49,+31.710, +8.228,+0.982
1630095840,+3.49,+31.728, +8.351,+0.981
1630095900,+3.49,+31.797, +8.351,+0.981
1630095960,+3.49,+31.815, +8.388,+0.980
1630096020,+3.49,+31.832, +8.447,+0.980
1630096080,+3.49,+31.859, +8.511,+0.982
1630096140,+3.49,+31.867, +8.478,+0.981
1630096200,+3.49,+31.867, +8.450,+0.980
1630096260,+3.49,+31.894, +8.414,+0.982
1630096320,+3.49,+31.885, +8.447,+0.981
1630096380,+3.49,+31.894, +8.366,+0.981
1630096440,+3.49,+31.876, +8.304,+0.982
1630096500,+3.49,+31.876, +8.208,+0.981
1630096560,+3.49,+31.859, +8.050,+0.981
1630096620,+3.49,+31.815, +7.767,+0.980
1630096680,+3.49,+31.762, +7.631,+0.982
1630096740,+3.49,+31.762, +7.681,+0.981
1630096800,+3.49,+31.797, +7.738,+0.981
1630096860,+3.49,+31.841, +7.922,+0.981
1630096920,+3.49,+31.859, +8.069,+0.981
1630096980,+3.49,+31.885, +8.205,+0.983
1630097040,+3.49,+31.885, +8.513,+0.981
1630097100,+3.49,+31.937, +8.730,+0.982
1630097160,+3.49,+31.981, +8.862,+0.981
1630097220,+3.49,+31.963, +8.864,+0.981
1630097280,+3.49,+31.972, +8.720,+0.981
1630097340,+3.49,+31.990, +8.872,+0.982
1630097400,+3.49,+31.990, +8.690,+0.982
1630097460,+3.49,+31.963, +8.557,+0.982
1630097520,+3.49,+31.902, +8.190,+0.982
1630097580,+3.49,+31.876, +7.922,+0.981
1630097640,+3.49,+31.850, +7.826,+0.981
1630097700,+3.49,+31.841, +7.895,+0.981
1630097760,+3.49,+31.841, +8.019,+0.982
1630097820,+3.49,+31.824, +8.028,+0.982
1630097880,+3.49,+31.815, +8.123,+0.981
1630097940,+3.49,+31.824, +8.186,+0.982
1630098000,+3.49,+31.806, +8.248,+0.982
1630098060,+3.49,+31.762, +8.145,+0.981
1630098120,+3.49,+31.771, +8.376,+0.982
1630098180,+3.49,+31.815, +8.308,+0.982
1630098240,+3.49,+31.832, +8.588,+0.981
1630098300,+3.49,+31.876, +9.098,+0.982
1630098360,+3.49,+31.920, +9.581,+0.982
1630098420,+3.49,+31.920, +9.532,+0.982
1630098480,+3.49,+31.911, +9.332,+0.982
1630098540,+3.49,+31.920, +9.172,+0.982
1630098600,+3.49,+31.920, +9.311,+0.983
1630098660,+3.49,+31.928, +9.502,+0.983
1630098720,+3.49,+31.911, +8.858,+0.981
1630098780,+3.49,+31.894, +8.543,+0.981
1630098840,+3.49,+31.859, +8.352,+0.982
1630098900,+3.49,+31.867, +8.394,+0.981
1630098960,+3.49,+31.894, +8.680,+0.982
1630099020,+3.49,+31.920, +9.039,+0.981
1630099080,+3.49,+32.016, +9.444,+0.982
1630099140,+3.49,+32.016, +9.730,+0.982
1630099200,+3.49,+31.990, +9.406,+0.981
1630099260,+3.49,+31.981, +9.128,+0.981
1630099320,+3.49,+31.920, +8.597,+0.981
1630099380,+3.49,+31.911, +8.727,+0.982
1630099440,+3.49,+31.920, +8.772,+0.982
1630099500,+3.49,+31.963, +8.809,+0.981
1630099560,+3.49,+31.972, +8.829,+0.981
1630099620,+3.49,+32.007, +9.106,+0.980
1630099680,+3.49,+32.086,+10.126,+0.981
1630099740,+3.49,+32.174,+10.855,+0.982
1630099800,+3.49,+32.182,+10.862,+0.982
1630099860,+3.49,+32.217,+10.605,+0.981
1630099920,+3.49,+32.235,+10.608,+0.982
1630099980,+3.49,+32.226,+10.555,+0.982
1630100040,+3.49,+32.244,+10.506,+0.981
1630100100,+3.49,+32.130, +9.793,+0.980
1630100160,+3.49,+32.068, +9.302,+0.982
1630100220,+3.49,+32.033, +9.185,+0.981
1630100280,+3.49,+31.972, +9.207,+0.981
1630100340,+3.49,+31.981, +9.407,+0.982
1630100400,+3.49,+31.955, +9.415,+0.982
1630100460,+3.49,+31.955, +9.237,+0.982
1630100520,+3.49,+31.963, +9.208,+0.981
1630100580,+3.49,+31.963, +9.312,+0.981
1630100640,+3.49,+31.963, +9.282,+0.981
1630100700,+3.49,+31.955, +9.201,+0.981
1630100760,+3.49,+31.911, +9.028,+0.982
1630100820,+3.49,+31.867, +8.633,+0.982
1630100880,+3.49,+31.859, +8.631,+0.982
1630100940,+3.49,+31.841, +8.675,+0.982
1630101000,+3.49,+31.815, +8.607,+0.982
1630101060,+3.49,+31.832, +8.865,+0.982
1630101120,+3.49,+31.824, +8.903,+0.981
1630101180,+3.49,+31.876, +9.588,+0.981
1630101240,+3.49,+31.928, +9.823,+0.982
1630101300,+3.49,+31.937, +9.798,+0.982
1630101360,+3.49,+31.981, +9.862,+0.982
1630101420,+3.49,+31.955, +9.465,+0.982
1630101480,+3.49,+31.963, +9.378,+0.981
1630101540,+3.49,+31.981, +9.577,+0.982
1630101600,+3.49,+31.998,+10.315,+0.983
1630101660,+3.49,+32.016,+10.055,+0.981
1630101720,+3.49,+31.981, +9.758,+0.980
1630101780,+3.49,+32.007,+10.044,+0.982
1630101840,+3.49,+32.051,+10.289,+0.982
1630101900,+3.49,+32.042,+10.066,+0.981
1630101960,+3.49,+31.998, +9.789,+0.982
1630102020,+3.49,+32.033, +9.706,+0.981
1630102080,+3.49,+32.016, +9.711,+0.981
1630102140,+3.49,+32.033, +9.743,+0.982
1630102200,+3.49,+32.077,+10.029,+0.982
1630102260,+3.49,+32.103,+10.355,+0.982
1630102320,+3.49,+32.112,+10.532,+0.982
1630102380,+3.49,+32.156,+10.628,+0.981
1630102440,+3.49,+32.165,+10.792,+0.981
1630102500,+3.49,+32.191,+11.022,+0.982
1630102560,+3.49,+32.296,+12.007,+0.982
1630102620,+3.49,+32.428,+12.650,+0.981
1630102680,+3.49,+32.524,+13.370,+0.982
1630102740,+3.49,+32.524,+13.239,+0.983
1630102800,+3.49,+32.524,+12.909,+0.981
1630102860,+3.49,+32.516,+12.733,+0.982
1630102920,+3.49,+32.454,+12.339,+0.981
1630102980,+3.49,+32.358,+11.580,+0.981
1630103040,+3.49,+32.270,+10.965,+0.981
1630103100,+3.49,+32.217,+10.648,+0.981
1630103160,+3.49,+32.191,+10.460,+0.980
1630103220,+3.49,+32.156,+10.450,+0.981
1630103280,+3.49,+32.103,+10.185,+0.982
1630103340,+3.49,+32.112,+10.311,+0.982
1630103400,+3.49,+32.112,+10.276,+0.983
1630103460,+3.49,+32.095,+10.256,+0.981
1630103520,+3.49,+32.077,+10.210,+0.982
1630103580,+3.49,+32.086,+10.594,+0.982
1630103640,+3.49,+32.068,+10.513,+0.981
1630103700,+3.49,+32.060,+10.468,+0.982
1630103760,+3.49,+32.068,+10.402,+0.981
1630103820,+3.49,+32.077,+10.510,+0.982
1630103880,+3.49,+32.103,+10.759,+0.983
1630103940,+3.49,+32.112,+10.588,+0.982
1630104000,+3.49,+32.147,+10.853,+0.982
1630104060,+3.49,+32.165,+10.975,+0.981
1630104120,+3.49,+32.130,+10.690,+0.982
1630104180,+3.49,+32.139,+10.564,+0.982
1630104240,+3.49,+32.095,+10.266,+0.982
1630104300,+3.49,+32.103,+10.533,+0.981
1630104360,+3.49,+32.095,+10.530,+0.981
1630104420,+3.49,+32.112,+10.529,+0.983
1630104480,+3.49,+32.086,+10.353,+0.982
1630104540,+3.49,+32.077,+10.144,+0.982
1630104600,+3.49,+32.042, +9.977,+0.981
1630104660,+3.49,+32.060, +9.976,+0.982
1630104720,+3.49,+32.068,+10.101,+0.982
1630104780,+3.49,+32.077,+10.382,+0.982
1630104840,+3.49,+32.103,+10.347,+0.983
1630104900,+3.49,+32.103,+10.295,+0.981
1630104960,+3.49,+32.121,+10.431,+0.981
1630105020,+3.49,+32.165,+11.022,+0.982
1630105080,+3.49,+32.130,+10.966,+0.982
1630105140,+3.49,+32.147,+11.004,+0.983
1630105200,+3.49,+32.182,+11.181,+0.982
1630105260,+3.49,+32.147,+10.876,+0.982
1630105320,+3.49,+32.139,+10.661,+0.983
1630105380,+3.49,+32.165,+10.767,+0.983
1630105440,+3.49,+32.156,+10.761,+0.983
1630105500,+3.49,+32.174,+11.081,+0.982
1630105560,+3.49,+32.200,+11.150,+0.981
1630105620,+3.49,+32.209,+11.492,+0.982
1630105680,+3.49,+32.244,+11.546,+0.983
1630105740,+3.49,+32.191,+11.320,+0.983
1630105800,+3.49,+32.182,+11.182,+0.982
1630105860,+3.49,+32.174,+11.060,+0.982
1630105920,+3.49,+32.139,+10.765,+0.982
1630105980,+3.49,+32.139,+10.657,+0.982
1630106040,+3.49,+32.147,+10.744,+0.982
1630106100,+3.49,+32.139,+10.713,+0.983
1630106160,+3.49,+32.130,+10.685,+0.982
1630106220,+3.49,+32.182,+11.177,+0.983
1630106280,+3.49,+32.200,+11.627,+0.983
1630106340,+3.49,+32.235,+11.710,+0.982
1630106400,+3.49,+32.244,+11.562,+0.982
1630106460,+3.49,+32.252,+11.603,+0.982
1630106520,+3.49,+32.226,+11.494,+0.983
1630106580,+3.49,+32.270,+11.868,+0.983
1630106640,+3.49,+32.279,+11.957,+0.982
1630106700,+3.49,+32.331,+12.280,+0.983
1630106760,+3.49,+32.331,+12.155,+0.983
1630106820,+3.49,+32.314,+11.818,+0.984
1630106880,+3.49,+32.314,+11.752,+0.982
1630106940,+3.49,+32.287,+11.900,+0.983
1630107000,+3.49,+32.331,+12.227,+0.981
1630107060,+3.49,+32.340,+12.278,+0.983
1630107120,+3.49,+32.323,+12.142,+0.983
1630107180,+3.49,+32.296,+11.948,+0.981
1630107240,+3.49,+32.252,+11.937,+0.983
1630107300,+3.49,+32.244,+11.862,+0.984
1630107360,+3.49,+32.270,+12.305,+0.983
1630107420,+3.49,+32.314,+12.714,+0.983
1630107480,+3.49,+32.305,+12.598,+0.982
1630107540,+3.49,+32.323,+12.446,+0.982
1630107600,+3.49,+32.331,+12.540,+0.984
1630107660,+3.49,+32.358,+12.754,+0.982
1630107720,+3.49,+32.366,+12.716,+0.983
1630107780,+3.49,+32.358,+12.594,+0.983
1630107840,+3.49,+32.358,+12.609,+0.984
1630107900,+3.49,+32.366,+12.503,+0.983
1630107960,+3.49,+32.358,+12.533,+0.983
1630108020,+3.49,+32.349,+12.288,+0.982
1630108080,+3.49,+32.358,+12.342,+0.983
1630108140,+3.49,+32.375,+12.427,+0.983
1630108200,+3.49,+32.366,+12.241,+0.982
1630108260,+3.49,+32.340,+12.449,+0.984
1630108320,+3.49,+32.349,+12.329,+0.981
1630108380,+3.49,+32.314,+12.223,+0.982
1630108440,+3.49,+32.261,+11.738,+0.982
1630108500,+3.49,+32.235,+11.519,+0.982
1630108560,+3.49,+32.235,+11.527,+0.981
1630108620,+3.49,+32.261,+11.856,+0.981
1630108680,+3.49,+32.287,+12.157,+0.984
1630108740,+3.49,+32.305,+12.308,+0.982
1630108800,+3.49,+32.331,+12.592,+0.982
1630108860,+3.49,+32.340,+12.743,+0.981
1630108920,+3.49,+32.340,+12.523,+0.981
1630108980,+3.49,+32.296,+12.092,+0.982
1630109040,+3.49,+32.331,+12.289,+0.982
1630109100,+3.49,+32.349,+12.307,+0.983
1630109160,+3.49,+32.358,+12.538,+0.984
1630109220,+3.49,+32.358,+12.591,+0.982
1630109280,+3.49,+32.366,+12.778,+0.983
1630109340,+3.49,+32.366,+12.787,+0.983
1630109400,+3.49,+32.340,+12.535,+0.983
1630109460,+3.49,+32.323,+12.121,+0.982
1630109520,+3.49,+32.314,+12.029,+0.982
1630109580,+3.49,+32.314,+12.012,+0.981
1630109640,+3.49,+32.314,+12.377,+0.983
1630109700,+3.49,+32.349,+12.816,+0.982
1630109760,+3.49,+32.366,+12.690,+0.983
1630109820,+3.49,+32.349,+12.547,+0.983
1630109880,+3.49,+32.366,+12.496,+0.982
1630109940,+3.49,+32.331,+12.328,+0.981
1630110000,+3.49,+32.314,+12.285,+0.984
1630110060,+3.49,+32.270,+12.052,+0.983
1630110120,+3.49,+32.279,+11.985,+0.983
1630110180,+3.49,+32.314,+12.235,+0.982
1630110240,+3.49,+32.314,+12.134,+0.982
1630110300,+3.49,+32.279,+11.927,+0.982
1630110360,+3.49,+32.270,+11.833,+0.982
1630110420,+3.49,+32.314,+11.914,+0.982
1630110480,+3.49,+32.323,+12.442,+0.983
1630110540,+3.49,+32.349,+12.471,+0.981
1630110600,+3.49,+32.375,+12.542,+0.984
1630110660,+3.49,+32.375,+12.633,+0.983
1630110720,+3.49,+32.384,+12.603,+0.983
1630110780,+3.49,+32.358,+12.327,+0.982
1630110840,+3.49,+32.375,+12.252,+0.982
1630110900,+3.49,+32.349,+12.266,+0.982
1630110960,+3.49,+32.375,+12.565,+0.983
1630111020,+3.49,+32.393,+12.655,+0.983
1630111080,+3.49,+32.428,+12.989,+0.984
1630111140,+3.49,+32.463,+13.088,+0.982
1630111200,+3.49,+32.507,+13.078,+0.981
1630111260,+3.49,+32.542,+13.238,+0.984
1630111320,+3.49,+32.568,+13.665,+0.983
1630111380,+3.49,+32.603,+13.756,+0.983
1630111440,+3.49,+32.639,+13.776,+0.984
1630111500,+3.49,+32.586,+13.386,+0.982
1630111560,+3.49,+32.612,+13.500,+0.982
1630111620,+3.49,+32.559,+13.198,+0.982
1630111680,+3.49,+32.524,+12.888,+0.983
1630111740,+3.49,+32.524,+12.925,+0.982
1630111800,+3.49,+32.463,+12.376,+0.984
1630111860,+3.49,+32.437,+12.269,+0.982
1630111920,+3.49,+32.437,+12.564,+0.983
1630111980,+3.49,+32.437,+12.554,+0.983
1630112040,+3.49,+32.401,+12.271,+0.982
1630112100,+3.49,+32.384,+12.211,+0.982
1630112160,+3.49,+32.358,+12.134,+0.982
1630112220,+3.49,+32.375,+12.194,+0.983
1630112280,+3.49,+32.340,+12.158,+0.983
1630112340,+3.49,+32.305,+11.859,+0.982
1630112400,+3.49,+32.279,+11.702,+0.981
1630112460,+3.49,+32.270,+11.381,+0.983
1630112520,+3.49,+32.252,+11.506,+0.983
1630112580,+3.49,+32.261,+11.519,+0.983
1630112640,+3.49,+32.252,+11.597,+0.983
1630112700,+3.49,+32.314,+12.037,+0.983
1630112760,+3.49,+32.358,+12.346,+0.983
1630112820,+3.49,+32.401,+12.815,+0.984
1630112880,+3.49,+32.419,+13.163,+0.981
1630112940,+3.49,+32.437,+13.634,+0.985
