7450-387970
OS REV: 1.05 Sensor Cal: 1615486469
Time (sec),  BV (Volts),  T (deg C),  DO (mg/l),  Q ()
1631841000,+3.48,+30.640,+11.463,+0.984
1631841060,+3.48,+30.640,+11.326,+0.982
1631841120,+3.48,+30.623,+11.257,+0.982
1631841180,+3.48,+30.597,+11.212,+0.983
1631841240,+3.48,+30.606,+11.136,+0.982
1631841300,+3.48,+30.588,+11.100,+0.983
1631841360,+3.48,+30.562,+11.062,+0.982
1631841420,+3.48,+30.554,+11.065,+0.982
1631841480,+3.48,+30.554,+11.023,+0.981
1631841540,+3.48,+30.545,+11.013,+0.983
1631841600,+3.48,+30.519,+10.940,+0.981
1631841660,+3.48,+30.519,+10.909,+0.982
1631841720,+3.48,+30.476,+10.895,+0.982
1631841780,+3.48,+30.476,+10.826,+0.980
1631841840,+3.48,+30.467,+10.783,+0.981
1631841900,+3.48,+30.450,+10.694,+0.980
1631841960,+3.48,+30.441,+10.594,+0.981
1631842020,+3.48,+30.432,+10.513,+0.981
1631842080,+3.48,+30.406,+10.431,+0.980
1631842140,+3.48,+30.398,+10.374,+0.981
1631842200,+3.48,+30.398,+10.276,+0.980
1631842260,+3.48,+30.380,+10.178,+0.979
1631842320,+3.48,+30.372,+10.113,+0.979
1631842380,+3.48,+30.346,+10.029,+0.978
1631842440,+3.48,+30.346, +9.957,+0.977
1631842500,+3.48,+30.320, +9.918,+0.979
1631842560,+3.48,+30.311, +9.818,+0.979
1631842620,+3.48,+30.303, +9.694,+0.978
1631842680,+3.48,+30.285, +9.590,+0.979
1631842740,+3.48,+30.277, +9.466,+0.979
1631842800,+3.48,+30.259, +9.324,+0.977
1631842860,+3.49,+30.242, +9.345,+0.977
1631842920,+3.49,+30.234, +9.437,+0.976
1631842980,+3.48,+30.225, +9.521,+0.975
1631843040,+3.49,+30.216, +9.618,+0.976
1631843100,+3.49,+30.190, +9.700,+0.976
1631843160,+3.49,+30.182, +9.752,+0.976
1631843220,+3.49,+30.164, +9.760,+0.976
1631843280,+3.49,+30.147, +9.751,+0.976
1631843340,+3.49,+30.156, +9.751,+0.976
1631843400,+3.49,+30.130, +9.790,+0.976
1631843460,+3.49,+30.113, +9.824,+0.976
1631843520,+3.49,+30.121, +9.839,+0.976
1631843580,+3.49,+30.087, +9.866,+0.978
1631843640,+3.49,+30.087, +9.843,+0.976
1631843700,+3.49,+30.078, +9.859,+0.977
1631843760,+3.49,+30.078, +9.867,+0.977
1631843820,+3.49,+30.069, +9.860,+0.977
1631843880,+3.49,+30.052, +9.861,+0.977
1631843940,+3.49,+30.052, +9.834,+0.978
1631844000,+3.49,+30.026, +9.768,+0.977
1631844060,+3.49,+30.026, +9.726,+0.978
1631844120,+3.49,+30.018, +9.710,+0.978
1631844180,+3.49,+30.009, +9.697,+0.978
1631844240,+3.49,+29.992, +9.615,+0.977
1631844300,+3.49,+29.983, +9.551,+0.978
1631844360,+3.49,+29.983, +9.463,+0.978
1631844420,+3.49,+29.957, +9.349,+0.977
1631844480,+3.49,+29.957, +9.281,+0.977
1631844540,+3.49,+29.931, +9.246,+0.977
1631844600,+3.49,+29.931, +9.235,+0.977
1631844660,+3.49,+29.923, +9.176,+0.976
1631844720,+3.49,+29.914, +9.147,+0.974
1631844780,+3.49,+29.905, +9.163,+0.974
1631844840,+3.49,+29.888, +9.185,+0.973
1631844900,+3.49,+29.880, +9.215,+0.974
1631844960,+3.49,+29.862, +9.205,+0.973
1631845020,+3.49,+29.854, +9.161,+0.973
1631845080,+3.49,+29.845, +9.130,+0.974
1631845140,+3.49,+29.845, +9.100,+0.974
1631845200,+3.49,+29.819, +9.110,+0.976
1631845260,+3.49,+29.811, +9.109,+0.975
1631845320,+3.49,+29.811, +9.140,+0.975
1631845380,+3.48,+29.793, +9.193,+0.975
1631845440,+3.48,+29.785, +9.207,+0.976
1631845500,+3.48,+29.768, +9.220,+0.976
1631845560,+3.48,+29.785, +9.263,+0.977
1631845620,+3.48,+29.759, +9.283,+0.976
1631845680,+3.48,+29.742, +9.315,+0.977
1631845740,+3.48,+29.750, +9.309,+0.977
1631845800,+3.48,+29.733, +9.304,+0.977
1631845860,+3.48,+29.724, +9.278,+0.977
1631845920,+3.48,+29.699, +9.227,+0.977
1631845980,+3.48,+29.707, +9.171,+0.978
1631846040,+3.48,+29.690, +9.154,+0.979
1631846100,+3.48,+29.690, +9.096,+0.978
1631846160,+3.48,+29.673, +9.104,+0.979
1631846220,+3.48,+29.647, +9.093,+0.979
1631846280,+3.48,+29.638, +9.049,+0.979
1631846340,+3.48,+29.638, +8.983,+0.979
1631846400,+3.48,+29.630, +8.887,+0.978
1631846460,+3.48,+29.621, +8.811,+0.979
1631846520,+3.48,+29.638, +8.769,+0.980
1631846580,+3.48,+29.604, +8.761,+0.980
1631846640,+3.48,+29.595, +8.747,+0.979
1631846700,+3.48,+29.587, +8.721,+0.978
1631846760,+3.48,+29.587, +8.717,+0.979
1631846820,+3.48,+29.578, +8.691,+0.978
1631846880,+3.48,+29.561, +8.682,+0.977
1631846940,+3.48,+29.552, +8.702,+0.977
1631847000,+3.48,+29.544, +8.702,+0.977
1631847060,+3.48,+29.535, +8.694,+0.976
1631847120,+3.48,+29.518, +8.682,+0.976
1631847180,+3.48,+29.518, +8.692,+0.976
1631847240,+3.48,+29.509, +8.726,+0.976
1631847300,+3.48,+29.501, +8.761,+0.976
1631847360,+3.48,+29.483, +8.814,+0.977
1631847420,+3.48,+29.483, +8.912,+0.977
1631847480,+3.48,+29.475, +8.997,+0.977
1631847540,+3.48,+29.466, +9.068,+0.979
1631847600,+3.48,+29.458, +9.146,+0.979
1631847660,+3.48,+29.440, +9.196,+0.978
1631847720,+3.48,+29.432, +9.301,+0.978
1631847780,+3.48,+29.423, +9.346,+0.977
1631847840,+3.48,+29.397, +9.462,+0.978
1631847900,+3.48,+29.389, +9.541,+0.977
1631847960,+3.48,+29.389, +9.643,+0.978
1631848020,+3.48,+29.389, +9.653,+0.976
1631848080,+3.48,+29.380, +9.679,+0.978
1631848140,+3.48,+29.372, +9.698,+0.977
1631848200,+3.48,+29.363, +9.732,+0.979
1631848260,+3.48,+29.329, +9.755,+0.979
1631848320,+3.48,+29.312, +9.770,+0.979
1631848380,+3.48,+29.320, +9.722,+0.978
1631848440,+3.48,+29.320, +9.685,+0.978
1631848500,+3.48,+29.303, +9.640,+0.979
1631848560,+3.48,+29.303, +9.726,+0.978
1631848620,+3.48,+29.277,+10.072,+0.978
1631848680,+3.48,+29.286,+10.383,+0.978
1631848740,+3.48,+29.260,+10.649,+0.978
1631848800,+3.48,+29.260,+10.839,+0.978
1631848860,+3.48,+29.243,+10.931,+0.976
1631848920,+3.48,+29.226,+11.007,+0.977
1631848980,+3.48,+29.226,+11.015,+0.976
1631849040,+3.48,+29.217,+11.026,+0.976
1631849100,+3.48,+29.200,+11.069,+0.978
1631849160,+3.48,+29.208,+11.038,+0.977
1631849220,+3.48,+29.200,+11.011,+0.977
1631849280,+3.49,+29.166,+10.955,+0.977
1631849340,+3.48,+29.183,+10.877,+0.976
1631849400,+3.48,+29.174,+10.809,+0.977
1631849460,+3.49,+29.166,+10.696,+0.976
1631849520,+3.49,+29.157,+10.562,+0.975
1631849580,+3.49,+29.157,+10.467,+0.974
1631849640,+3.49,+29.131,+10.379,+0.974
1631849700,+3.49,+29.131,+10.292,+0.974
1631849760,+3.49,+29.123,+10.167,+0.973
1631849820,+3.49,+29.105, +9.991,+0.972
1631849880,+3.49,+29.097, +9.854,+0.973
1631849940,+3.49,+29.088, +9.775,+0.973
1631850000,+3.49,+29.088, +9.708,+0.972
1631850060,+3.49,+29.071, +9.644,+0.973
1631850120,+3.49,+29.063, +9.587,+0.973
1631850180,+3.49,+29.063, +9.562,+0.973
1631850240,+3.49,+29.063, +9.574,+0.972
1631850300,+3.49,+29.037, +9.564,+0.971
1631850360,+3.49,+29.045, +9.590,+0.971
1631850420,+3.49,+29.028, +9.637,+0.971
1631850480,+3.49,+29.020, +9.722,+0.970
1631850540,+3.49,+29.011, +9.813,+0.971
1631850600,+3.49,+28.994, +9.882,+0.972
1631850660,+3.49,+29.011, +9.922,+0.971
1631850720,+3.49,+28.985, +9.983,+0.972
1631850780,+3.49,+28.994,+10.016,+0.974
1631850840,+3.49,+28.968,+10.019,+0.975
1631850900,+3.49,+28.960, +9.939,+0.974
1631850960,+3.49,+28.951, +9.928,+0.975
1631851020,+3.49,+28.934, +9.890,+0.973
1631851080,+3.49,+28.934, +9.917,+0.973
1631851140,+3.49,+28.917,+10.028,+0.973
1631851200,+3.49,+28.908,+10.129,+0.973
1631851260,+3.49,+28.900,+10.199,+0.972
1631851320,+3.49,+28.900,+10.265,+0.971
1631851380,+3.49,+28.883,+10.376,+0.972
1631851440,+3.49,+28.891,+10.443,+0.972
1631851500,+3.49,+28.874,+10.566,+0.971
1631851560,+3.49,+28.865,+10.689,+0.971
1631851620,+3.49,+28.857,+10.787,+0.971
1631851680,+3.49,+28.848,+10.855,+0.971
1631851740,+3.49,+28.857,+10.888,+0.972
1631851800,+3.49,+28.840,+10.872,+0.971
1631851860,+3.49,+28.823,+10.893,+0.973
1631851920,+3.49,+28.814,+10.953,+0.973
1631851980,+3.49,+28.805,+11.063,+0.975
1631852040,+3.49,+28.788,+11.148,+0.975
1631852100,+3.49,+28.788,+11.232,+0.976
1631852160,+3.49,+28.771,+11.333,+0.976
1631852220,+3.49,+28.771,+11.394,+0.975
1631852280,+3.49,+28.780,+11.435,+0.976
1631852340,+3.49,+28.763,+11.450,+0.977
1631852400,+3.49,+28.754,+11.402,+0.977
1631852460,+3.49,+28.737,+11.261,+0.977
1631852520,+3.49,+28.737,+11.090,+0.977
1631852580,+3.49,+28.745,+10.953,+0.978
1631852640,+3.49,+28.720,+10.845,+0.976
1631852700,+3.49,+28.728,+10.838,+0.977
1631852760,+3.49,+28.711,+10.787,+0.974
1631852820,+3.48,+28.711,+10.771,+0.974
1631852880,+3.48,+28.686,+10.777,+0.975
1631852940,+3.48,+28.686,+10.732,+0.972
1631853000,+3.48,+28.677,+10.780,+0.974
1631853060,+3.48,+28.677,+10.835,+0.973
1631853120,+3.48,+28.668,+10.914,+0.972
1631853180,+3.48,+28.660,+11.022,+0.972
1631853240,+3.48,+28.660,+11.112,+0.972
1631853300,+3.48,+28.651,+11.184,+0.973
1631853360,+3.48,+28.634,+11.252,+0.974
1631853420,+3.48,+28.634,+11.283,+0.973
1631853480,+3.48,+28.634,+11.297,+0.973
1631853540,+3.48,+28.626,+11.376,+0.974
1631853600,+3.48,+28.617,+11.404,+0.973
1631853660,+3.48,+28.609,+11.468,+0.975
1631853720,+3.48,+28.600,+11.507,+0.974
1631853780,+3.48,+28.600,+11.561,+0.975
1631853840,+3.48,+28.583,+11.600,+0.975
1631853900,+3.48,+28.574,+11.639,+0.975
1631853960,+3.48,+28.574,+11.678,+0.975
1631854020,+3.48,+28.557,+11.730,+0.976
1631854080,+3.48,+28.566,+11.761,+0.977
1631854140,+3.48,+28.549,+11.695,+0.974
1631854200,+3.48,+28.557,+11.677,+0.974
1631854260,+3.48,+28.532,+11.664,+0.975
1631854320,+3.48,+28.514,+11.585,+0.974
1631854380,+3.48,+28.532,+11.523,+0.975
1631854440,+3.48,+28.514,+11.412,+0.973
1631854500,+3.48,+28.506,+11.458,+0.975
1631854560,+3.48,+28.514,+11.464,+0.976
1631854620,+3.48,+28.489,+11.481,+0.975
1631854680,+3.48,+28.497,+11.512,+0.975
1631854740,+3.48,+28.497,+11.494,+0.975
1631854800,+3.48,+28.472,+11.493,+0.975
1631854860,+3.48,+28.480,+11.504,+0.975
1631854920,+3.48,+28.463,+11.609,+0.977
1631854980,+3.48,+28.463,+11.681,+0.977
1631855040,+3.48,+28.455,+11.794,+0.978
1631855100,+3.48,+28.438,+11.882,+0.978
1631855160,+3.48,+28.438,+11.956,+0.979
1631855220,+3.48,+28.429,+12.028,+0.981
1631855280,+3.48,+28.412,+12.046,+0.980
1631855340,+3.48,+28.420,+12.065,+0.981
1631855400,+3.48,+28.412,+12.073,+0.980
1631855460,+3.48,+28.395,+12.077,+0.979
1631855520,+3.48,+28.403,+12.122,+0.980
1631855580,+3.48,+28.386,+12.174,+0.982
1631855640,+3.48,+28.378,+12.179,+0.982
1631855700,+3.48,+28.361,+12.152,+0.981
1631855760,+3.48,+28.352,+12.149,+0.980
1631855820,+3.48,+28.352,+12.160,+0.981
1631855880,+3.48,+28.352,+12.154,+0.982
1631855940,+3.48,+28.352,+12.135,+0.980
1631856000,+3.48,+28.335,+12.178,+0.982
1631856060,+3.48,+28.344,+12.202,+0.982
1631856120,+3.48,+28.326,+12.205,+0.983
1631856180,+3.48,+28.335,+12.160,+0.982
1631856240,+3.48,+28.318,+12.160,+0.983
1631856300,+3.48,+28.309,+12.135,+0.983
1631856360,+3.48,+28.301,+12.051,+0.981
1631856420,+3.48,+28.301,+12.018,+0.981
1631856480,+3.48,+28.292,+11.981,+0.982
1631856540,+3.48,+28.284,+11.913,+0.981
1631856600,+3.48,+28.267,+11.866,+0.982
1631856660,+3.48,+28.292,+11.799,+0.981
1631856720,+3.48,+28.258,+11.721,+0.981
1631856780,+3.48,+28.250,+11.661,+0.981
1631856840,+3.48,+28.250,+11.586,+0.981
1631856900,+3.48,+28.241,+11.576,+0.982
1631856960,+3.48,+28.241,+11.537,+0.981
1631857020,+3.48,+28.233,+11.547,+0.982
1631857080,+3.48,+28.224,+11.518,+0.982
1631857140,+3.48,+28.224,+11.509,+0.982
1631857200,+3.48,+28.198,+11.494,+0.981
1631857260,+3.48,+28.224,+11.481,+0.981
1631857320,+3.48,+28.215,+11.458,+0.980
1631857380,+3.48,+28.198,+11.417,+0.981
1631857440,+3.48,+28.207,+11.356,+0.981
1631857500,+3.48,+28.190,+11.282,+0.981
1631857560,+3.48,+28.190,+11.238,+0.981
1631857620,+3.48,+28.181,+11.224,+0.981
1631857680,+3.48,+28.164,+11.224,+0.981
1631857740,+3.48,+28.156,+11.226,+0.979
1631857800,+3.48,+28.156,+11.305,+0.980
1631857860,+3.48,+28.139,+11.369,+0.980
1631857920,+3.48,+28.139,+11.463,+0.980
1631857980,+3.48,+28.139,+11.513,+0.980
1631858040,+3.48,+28.122,+11.492,+0.979
1631858100,+3.48,+28.113,+11.500,+0.980
1631858160,+3.48,+28.105,+11.510,+0.981
1631858220,+3.48,+28.096,+11.483,+0.980
1631858280,+3.48,+28.087,+11.479,+0.981
1631858340,+3.48,+28.096,+11.420,+0.980
1631858400,+3.48,+28.096,+11.383,+0.981
1631858460,+3.48,+28.087,+11.361,+0.981
1631858520,+3.48,+28.087,+11.345,+0.981
1631858580,+3.48,+28.079,+11.328,+0.982
1631858640,+3.48,+28.062,+11.304,+0.981
1631858700,+3.48,+28.053,+11.250,+0.981
1631858760,+3.48,+28.045,+11.192,+0.981
1631858820,+3.48,+28.062,+11.116,+0.981
1631858880,+3.48,+28.053,+11.070,+0.981
1631858940,+3.48,+28.045,+11.051,+0.981
1631859000,+3.48,+28.045,+11.035,+0.981
1631859060,+3.48,+28.036,+11.028,+0.981
1631859120,+3.48,+28.053,+10.989,+0.981
1631859180,+3.48,+28.011,+10.970,+0.982
1631859240,+3.48,+28.011,+10.909,+0.982
1631859300,+3.48,+28.019,+10.847,+0.981
1631859360,+3.48,+28.011,+10.795,+0.981
1631859420,+3.48,+28.011,+10.774,+0.981
1631859480,+3.48,+27.985,+10.753,+0.981
1631859540,+3.48,+28.002,+10.679,+0.980
1631859600,+3.48,+27.994,+10.661,+0.981
1631859660,+3.48,+27.985,+10.593,+0.980
1631859720,+3.48,+27.951,+10.580,+0.981
1631859780,+3.48,+27.968,+10.515,+0.981
1631859840,+3.48,+27.951,+10.446,+0.980
1631859900,+3.48,+27.951,+10.393,+0.980
1631859960,+3.48,+27.943,+10.345,+0.979
1631860020,+3.48,+27.960,+10.321,+0.979
1631860080,+3.48,+27.943,+10.315,+0.980
1631860140,+3.48,+27.925,+10.326,+0.981
1631860200,+3.48,+27.917,+10.321,+0.981
1631860260,+3.48,+27.934,+10.286,+0.980
1631860320,+3.48,+27.908,+10.289,+0.981
1631860380,+3.48,+27.908,+10.246,+0.980
1631860440,+3.48,+27.908,+10.243,+0.981
1631860500,+3.48,+27.908,+10.226,+0.981
1631860560,+3.48,+27.900,+10.201,+0.981
1631860620,+3.48,+27.883,+10.184,+0.981
1631860680,+3.48,+27.866,+10.130,+0.980
1631860740,+3.48,+27.883,+10.072,+0.981
1631860800,+3.48,+27.874,+10.001,+0.980
1631860860,+3.48,+27.866, +9.942,+0.979
1631860920,+3.48,+27.857, +9.901,+0.980
1631860980,+3.48,+27.857, +9.848,+0.980
1631861040,+3.48,+27.866, +9.787,+0.979
1631861100,+3.48,+27.857, +9.732,+0.979
1631861160,+3.48,+27.840, +9.713,+0.979
1631861220,+3.48,+27.840, +9.710,+0.978
1631861280,+3.48,+27.823, +9.681,+0.977
1631861340,+3.48,+27.815, +9.679,+0.977
1631861400,+3.48,+27.806, +9.665,+0.978
1631861460,+3.48,+27.806, +9.634,+0.978
1631861520,+3.48,+27.798, +9.628,+0.978
1631861580,+3.48,+27.789, +9.625,+0.978
1631861640,+3.48,+27.781, +9.662,+0.978
1631861700,+3.49,+27.781, +9.699,+0.977
1631861760,+3.48,+27.781, +9.724,+0.977
1631861820,+3.48,+27.772, +9.772,+0.978
1631861880,+3.48,+27.764, +9.772,+0.977
1631861940,+3.48,+27.772, +9.728,+0.976
1631862000,+3.48,+27.755, +9.697,+0.977
1631862060,+3.48,+27.764, +9.657,+0.977
1631862120,+3.49,+27.755, +9.612,+0.978
1631862180,+3.48,+27.747, +9.557,+0.978
1631862240,+3.48,+27.721, +9.536,+0.978
1631862300,+3.48,+27.730, +9.509,+0.977
1631862360,+3.48,+27.721, +9.539,+0.976
1631862420,+3.48,+27.704, +9.570,+0.976
1631862480,+3.48,+27.721, +9.596,+0.975
1631862540,+3.48,+27.704, +9.647,+0.975
1631862600,+3.48,+27.687, +9.680,+0.975
1631862660,+3.48,+27.687, +9.724,+0.975
1631862720,+3.48,+27.687, +9.788,+0.976
1631862780,+3.48,+27.687, +9.845,+0.976
1631862840,+3.48,+27.670, +9.874,+0.976
1631862900,+3.49,+27.661, +9.907,+0.976
1631862960,+3.48,+27.661, +9.926,+0.975
1631863020,+3.48,+27.653, +9.940,+0.976
1631863080,+3.48,+27.653, +9.952,+0.976
1631863140,+3.48,+27.627, +9.906,+0.975
1631863200,+3.48,+27.636, +9.889,+0.976
1631863260,+3.48,+27.653, +9.847,+0.975
1631863320,+3.48,+27.627, +9.826,+0.976
1631863380,+3.48,+27.627, +9.773,+0.976
1631863440,+3.48,+27.653, +9.702,+0.975
1631863500,+3.48,+27.627, +9.683,+0.975
1631863560,+3.48,+27.619, +9.677,+0.976
1631863620,+3.48,+27.610, +9.664,+0.976
1631863680,+3.48,+27.602, +9.660,+0.978
1631863740,+3.48,+27.610, +9.626,+0.977
1631863800,+3.48,+27.602, +9.601,+0.977
1631863860,+3.48,+27.585, +9.551,+0.977
1631863920,+3.48,+27.559, +9.523,+0.977
1631863980,+3.48,+27.576, +9.466,+0.976
1631864040,+3.48,+27.576, +9.484,+0.977
1631864100,+3.48,+27.559, +9.478,+0.976
1631864160,+3.48,+27.559, +9.455,+0.976
1631864220,+3.48,+27.551, +9.372,+0.975
1631864280,+3.48,+27.551, +9.259,+0.974
1631864340,+3.48,+27.551, +9.214,+0.975
1631864400,+3.48,+27.542, +9.171,+0.974
1631864460,+3.48,+27.551, +9.146,+0.974
1631864520,+3.48,+27.525, +9.103,+0.973
1631864580,+3.48,+27.534, +9.068,+0.973
1631864640,+3.48,+27.517, +9.050,+0.973
1631864700,+3.48,+27.517, +9.007,+0.973
1631864760,+3.48,+27.517, +9.000,+0.973
1631864820,+3.48,+27.500, +9.001,+0.973
1631864880,+3.48,+27.500, +9.009,+0.973
1631864940,+3.48,+27.491, +9.006,+0.973
1631865000,+3.48,+27.491, +9.003,+0.973
1631865060,+3.48,+27.491, +9.013,+0.973
1631865120,+3.48,+27.466, +9.054,+0.975
1631865180,+3.48,+27.466, +9.068,+0.975
1631865240,+3.48,+27.440, +9.129,+0.975
1631865300,+3.48,+27.457, +9.159,+0.975
1631865360,+3.48,+27.466, +9.168,+0.975
1631865420,+3.48,+27.457, +9.153,+0.976
1631865480,+3.48,+27.440, +9.117,+0.975
1631865540,+3.48,+27.440, +9.101,+0.976
1631865600,+3.48,+27.432, +9.055,+0.976
1631865660,+3.48,+27.415, +9.043,+0.976
1631865720,+3.48,+27.423, +8.987,+0.976
1631865780,+3.48,+27.423, +8.938,+0.976
1631865840,+3.48,+27.415, +8.940,+0.976
1631865900,+3.48,+27.406, +8.936,+0.975
1631865960,+3.48,+27.389, +8.964,+0.975
1631866020,+3.48,+27.389, +8.955,+0.974
1631866080,+3.48,+27.389, +8.982,+0.975
1631866140,+3.48,+27.381, +8.975,+0.975
1631866200,+3.48,+27.389, +8.980,+0.977
1631866260,+3.48,+27.372, +8.947,+0.976
1631866320,+3.48,+27.372, +8.923,+0.975
1631866380,+3.48,+27.372, +8.927,+0.976
1631866440,+3.48,+27.347, +8.908,+0.975
1631866500,+3.48,+27.355, +8.926,+0.976
1631866560,+3.48,+27.355, +8.917,+0.975
1631866620,+3.48,+27.364, +8.908,+0.976
1631866680,+3.48,+27.347, +8.868,+0.975
1631866740,+3.48,+27.330, +8.837,+0.975
1631866800,+3.48,+27.313, +8.818,+0.975
1631866860,+3.48,+27.330, +8.802,+0.975
1631866920,+3.48,+27.321, +8.784,+0.977
1631866980,+3.48,+27.330, +8.731,+0.977
1631867040,+3.48,+27.321, +8.682,+0.977
1631867100,+3.48,+27.313, +8.620,+0.976
1631867160,+3.48,+27.313, +8.560,+0.977
1631867220,+3.48,+27.296, +8.493,+0.976
1631867280,+3.48,+27.304, +8.412,+0.976
1631867340,+3.48,+27.296, +8.369,+0.977
1631867400,+3.48,+27.287, +8.317,+0.977
1631867460,+3.48,+27.270, +8.265,+0.976
1631867520,+3.48,+27.262, +8.241,+0.976
1631867580,+3.48,+27.279, +8.206,+0.976
1631867640,+3.48,+27.253, +8.174,+0.976
1631867700,+3.48,+27.262, +8.119,+0.974
1631867760,+3.48,+27.270, +8.070,+0.974
1631867820,+3.48,+27.262, +8.053,+0.974
1631867880,+3.48,+27.253, +8.024,+0.973
1631867940,+3.48,+27.236, +8.001,+0.974
1631868000,+3.48,+27.228, +7.979,+0.973
1631868060,+3.48,+27.211, +7.968,+0.973
1631868120,+3.48,+27.219, +7.959,+0.973
1631868180,+3.48,+27.219, +7.903,+0.972
1631868240,+3.48,+27.211, +7.858,+0.972
1631868300,+3.48,+27.211, +7.812,+0.973
1631868360,+3.48,+27.177, +7.764,+0.972
1631868420,+3.48,+27.194, +7.710,+0.971
1631868480,+3.48,+27.202, +7.674,+0.970
1631868540,+3.48,+27.194, +7.656,+0.971
1631868600,+3.48,+27.186, +7.583,+0.970
1631868660,+3.48,+27.194, +7.549,+0.970
1631868720,+3.48,+27.194, +7.502,+0.970
1631868780,+3.48,+27.177, +7.431,+0.969
1631868840,+3.48,+27.169, +7.344,+0.968
1631868900,+3.48,+27.177, +7.276,+0.968
1631868960,+3.48,+27.177, +7.172,+0.966
1631869020,+3.48,+27.169, +7.106,+0.966
1631869080,+3.48,+27.160, +7.048,+0.967
1631869140,+3.48,+27.152, +6.982,+0.967
1631869200,+3.48,+27.152, +6.880,+0.966
1631869260,+3.48,+27.143, +6.781,+0.966
1631869320,+3.48,+27.143, +6.666,+0.966
1631869380,+3.48,+27.135, +6.609,+0.966
1631869440,+3.48,+27.126, +6.584,+0.966
1631869500,+3.48,+27.118, +6.532,+0.966
1631869560,+3.48,+27.126, +6.474,+0.966
1631869620,+3.48,+27.118, +6.447,+0.966
1631869680,+3.48,+27.101, +6.424,+0.965
1631869740,+3.48,+27.126, +6.325,+0.963
1631869800,+3.48,+27.109, +6.191,+0.962
1631869860,+3.48,+27.109, +6.049,+0.961
1631869920,+3.48,+27.101, +5.917,+0.960
1631869980,+3.48,+27.109, +5.804,+0.960
1631870040,+3.48,+27.109, +5.692,+0.959
1631870100,+3.48,+27.075, +5.615,+0.958
1631870160,+3.48,+27.084, +5.528,+0.957
1631870220,+3.48,+27.075, +5.460,+0.955
1631870280,+3.48,+27.058, +5.417,+0.954
1631870340,+3.48,+27.050, +5.379,+0.952
1631870400,+3.48,+27.041, +5.336,+0.951
1631870460,+3.48,+27.041, +5.310,+0.951
1631870520,+3.48,+27.041, +5.283,+0.951
1631870580,+3.48,+27.041, +5.233,+0.949
1631870640,+3.48,+27.050, +5.157,+0.948
1631870700,+3.48,+27.033, +5.064,+0.947
1631870760,+3.48,+27.041, +5.015,+0.947
1631870820,+3.48,+27.041, +5.000,+0.947
1631870880,+3.48,+27.024, +4.963,+0.946
1631870940,+3.48,+27.007, +4.952,+0.948
1631871000,+3.48,+27.024, +4.908,+0.949
1631871060,+3.48,+27.024, +4.864,+0.950
1631871120,+3.48,+26.999, +4.830,+0.950
1631871180,+3.48,+27.007, +4.798,+0.949
1631871240,+3.48,+26.982, +4.748,+0.948
1631871300,+3.48,+26.965, +4.714,+0.949
1631871360,+3.48,+27.007, +4.667,+0.949
1631871420,+3.48,+26.982, +4.633,+0.949
1631871480,+3.48,+26.973, +4.584,+0.949
1631871540,+3.48,+26.982, +4.532,+0.949
1631871600,+3.48,+26.965, +4.482,+0.949
1631871660,+3.48,+26.965, +4.476,+0.948
1631871720,+3.48,+26.948, +4.467,+0.946
1631871780,+3.48,+26.948, +4.477,+0.946
1631871840,+3.48,+26.948, +4.474,+0.946
1631871900,+3.48,+26.939, +4.498,+0.946
1631871960,+3.48,+26.923, +4.552,+0.946
1631872020,+3.48,+26.931, +4.593,+0.947
1631872080,+3.48,+26.914, +4.641,+0.948
1631872140,+3.48,+26.931, +4.663,+0.949
1631872200,+3.48,+26.914, +4.709,+0.950
1631872260,+3.48,+26.906, +4.733,+0.952
1631872320,+3.48,+26.906, +4.762,+0.953
1631872380,+3.48,+26.914, +4.788,+0.953
1631872440,+3.48,+26.914, +4.799,+0.954
1631872500,+3.48,+26.906, +4.790,+0.954
1631872560,+3.48,+26.906, +4.802,+0.955
1631872620,+3.48,+26.872, +4.808,+0.956
1631872680,+3.48,+26.889, +4.798,+0.957
1631872740,+3.48,+26.880, +4.794,+0.956
1631872800,+3.48,+26.889, +4.777,+0.956
1631872860,+3.48,+26.880, +4.779,+0.956
1631872920,+3.48,+26.880, +4.794,+0.957
1631872980,+3.48,+26.880, +4.807,+0.956
1631873040,+3.48,+26.863, +4.810,+0.955
1631873100,+3.48,+26.863, +4.801,+0.954
1631873160,+3.48,+26.846, +4.759,+0.953
1631873220,+3.48,+26.846, +4.699,+0.954
1631873280,+3.48,+26.863, +4.605,+0.954
1631873340,+3.48,+26.846, +4.512,+0.952
1631873400,+3.48,+26.846, +4.451,+0.950
1631873460,+3.48,+26.846, +4.427,+0.949
1631873520,+3.48,+26.812, +4.409,+0.948
1631873580,+3.48,+26.812, +4.416,+0.946
1631873640,+3.48,+26.812, +4.452,+0.946
1631873700,+3.48,+26.804, +4.489,+0.946
1631873760,+3.48,+26.787, +4.509,+0.948
1631873820,+3.48,+26.787, +4.480,+0.949
1631873880,+3.48,+26.795, +4.452,+0.951
1631873940,+3.48,+26.795, +4.413,+0.952
1631874000,+3.48,+26.787, +4.377,+0.954
1631874060,+3.48,+26.778, +4.321,+0.956
1631874120,+3.48,+26.787, +4.261,+0.957
1631874180,+3.48,+26.787, +4.204,+0.958
1631874240,+3.48,+26.762, +4.137,+0.958
1631874300,+3.48,+26.770, +4.028,+0.959
1631874360,+3.48,+26.762, +3.911,+0.959
1631874420,+3.48,+26.770, +3.771,+0.959
1631874480,+3.48,+26.753, +3.649,+0.959
1631874540,+3.48,+26.753, +3.558,+0.959
1631874600,+3.48,+26.753, +3.484,+0.958
1631874660,+3.48,+26.753, +3.390,+0.957
1631874720,+3.48,+26.745, +3.299,+0.956
1631874780,+3.48,+26.736, +3.232,+0.956
1631874840,+3.48,+26.736, +3.161,+0.957
1631874900,+3.48,+26.711, +3.096,+0.957
1631874960,+3.48,+26.736, +3.054,+0.957
1631875020,+3.48,+26.719, +2.934,+0.957
1631875080,+3.48,+26.719, +2.880,+0.958
1631875140,+3.48,+26.711, +2.850,+0.959
1631875200,+3.48,+26.711, +2.799,+0.960
1631875260,+3.48,+26.702, +2.745,+0.960
1631875320,+3.48,+26.711, +2.703,+0.959
1631875380,+3.48,+26.711, +2.679,+0.958
1631875440,+3.48,+26.694, +2.661,+0.958
1631875500,+3.48,+26.694, +2.624,+0.958
1631875560,+3.48,+26.702, +2.599,+0.958
1631875620,+3.48,+26.685, +2.576,+0.958
1631875680,+3.48,+26.694, +2.549,+0.958
1631875740,+3.48,+26.668, +2.529,+0.958
1631875800,+3.48,+26.668, +2.522,+0.957
1631875860,+3.48,+26.677, +2.513,+0.955
1631875920,+3.48,+26.668, +2.497,+0.954
1631875980,+3.48,+26.651, +2.517,+0.954
1631876040,+3.48,+26.660, +2.524,+0.953
1631876100,+3.48,+26.660, +2.533,+0.953
1631876160,+3.48,+26.651, +2.533,+0.951
1631876220,+3.48,+26.643, +2.557,+0.949
1631876280,+3.48,+26.643, +2.589,+0.947
1631876340,+3.48,+26.626, +2.629,+0.947
1631876400,+3.48,+26.626, +2.650,+0.948
1631876460,+3.48,+26.618, +2.655,+0.949
1631876520,+3.48,+26.618, +2.687,+0.949
1631876580,+3.48,+26.609, +2.701,+0.951
1631876640,+3.48,+26.626, +2.682,+0.953
1631876700,+3.48,+26.618, +2.670,+0.953
1631876760,+3.48,+26.592, +2.668,+0.953
1631876820,+3.48,+26.618, +2.664,+0.952
1631876880,+3.48,+26.601, +2.669,+0.951
1631876940,+3.48,+26.601, +2.676,+0.950
1631877000,+3.48,+26.609, +2.675,+0.950
1631877060,+3.48,+26.584, +2.634,+0.950
1631877120,+3.48,+26.584, +2.574,+0.950
1631877180,+3.48,+26.575, +2.483,+0.949
1631877240,+3.48,+26.558, +2.395,+0.950
1631877300,+3.48,+26.575, +2.315,+0.952
1631877360,+3.48,+26.575, +2.242,+0.954
1631877420,+3.48,+26.575, +2.182,+0.956
1631877480,+3.48,+26.567, +2.135,+0.956
1631877540,+3.48,+26.575, +2.087,+0.957
1631877600,+3.48,+26.550, +2.019,+0.957
1631877660,+3.48,+26.558, +1.978,+0.954
1631877720,+3.48,+26.558, +1.963,+0.953
1631877780,+3.48,+26.541, +1.928,+0.952
1631877840,+3.48,+26.541, +1.868,+0.952
1631877900,+3.48,+26.541, +1.811,+0.949
1631877960,+3.48,+26.524, +1.783,+0.947
1631878020,+3.48,+26.524, +1.752,+0.947
1631878080,+3.48,+26.533, +1.744,+0.946
1631878140,+3.48,+26.533, +1.720,+0.946
1631878200,+3.48,+26.516, +1.697,+0.947
1631878260,+3.48,+26.508, +1.666,+0.949
1631878320,+3.48,+26.516, +1.638,+0.949
1631878380,+3.48,+26.508, +1.605,+0.952
1631878440,+3.48,+26.508, +1.536,+0.952
1631878500,+3.48,+26.499, +1.470,+0.951
1631878560,+3.48,+26.491, +1.431,+0.952
1631878620,+3.48,+26.474, +1.429,+0.951
1631878680,+3.48,+26.482, +1.441,+0.950
1631878740,+3.48,+26.491, +1.450,+0.949
1631878800,+3.48,+26.491, +1.464,+0.950
1631878860,+3.48,+26.474, +1.479,+0.950
1631878920,+3.48,+26.482, +1.494,+0.948
1631878980,+3.48,+26.457, +1.521,+0.947
1631879040,+3.48,+26.457, +1.496,+0.948
1631879100,+3.47,+26.457, +1.550,+0.942
1631879160,+3.47,+26.440, +1.721,+0.936
1631879220,+3.47,+26.440, +2.118,+0.932
1631879280,+3.47,+26.431, +2.436,+0.936
1631879340,+3.47,+26.423, +2.657,+0.940
1631879400,+3.47,+26.431, +2.796,+0.945
1631879460,+3.47,+26.423, +2.859,+0.947
1631879520,+3.47,+26.423, +2.901,+0.950
1631879580,+3.47,+26.423, +2.908,+0.953
1631879640,+3.47,+26.406, +2.856,+0.952
1631879700,+3.47,+26.423, +2.798,+0.953
1631879760,+3.48,+26.406, +2.738,+0.954
1631879820,+3.47,+26.398, +2.719,+0.954
1631879880,+3.47,+26.414, +2.626,+0.954
1631879940,+3.47,+26.398, +2.556,+0.953
1631880000,+3.47,+26.406, +2.481,+0.952
1631880060,+3.47,+26.398, +2.410,+0.952
1631880120,+3.47,+26.372, +2.349,+0.952
1631880180,+3.47,+26.398, +2.275,+0.952
1631880240,+3.47,+26.398, +2.203,+0.951
1631880300,+3.47,+26.381, +2.127,+0.952
1631880360,+3.47,+26.389, +2.037,+0.952
1631880420,+3.47,+26.381, +1.973,+0.952
1631880480,+3.47,+26.372, +2.232,+0.954
1631880540,+3.47,+26.372, +2.558,+0.960
1631880600,+3.47,+26.355, +2.676,+0.962
1631880660,+3.47,+26.372, +3.325,+0.972
1631880720,+3.47,+26.347, +3.794,+0.975
1631880780,+3.47,+26.330, +3.987,+0.976
1631880840,+3.47,+26.355, +4.070,+0.976
1631880900,+3.47,+26.347, +4.087,+0.976
1631880960,+3.47,+26.338, +4.075,+0.975
1631881020,+3.47,+26.347, +4.027,+0.974
1631881080,+3.47,+26.347, +3.973,+0.974
1631881140,+3.47,+26.347, +3.905,+0.974
1631881200,+3.47,+26.338, +3.850,+0.973
1631881260,+3.47,+26.313, +3.815,+0.973
1631881320,+3.47,+26.321, +3.762,+0.972
1631881380,+3.47,+26.330, +3.700,+0.971
1631881440,+3.47,+26.313, +3.631,+0.970
1631881500,+3.47,+26.313, +3.611,+0.969
1631881560,+3.47,+26.321, +3.629,+0.968
1631881620,+3.47,+26.313, +3.637,+0.968
1631881680,+3.47,+26.296, +3.888,+0.969
1631881740,+3.47,+26.288, +4.037,+0.972
1631881800,+3.47,+26.296, +4.100,+0.973
1631881860,+3.47,+26.288, +4.110,+0.973
1631881920,+3.47,+26.321, +4.059,+0.974
1631881980,+3.47,+26.279, +4.139,+0.975
1631882040,+3.48,+26.296, +4.255,+0.976
1631882100,+3.47,+26.279, +4.264,+0.977
1631882160,+3.48,+26.288, +4.218,+0.977
1631882220,+3.47,+26.288, +4.142,+0.977
1631882280,+3.48,+26.279, +4.053,+0.978
1631882340,+3.47,+26.279, +3.961,+0.977
1631882400,+3.47,+26.279, +3.868,+0.977
1631882460,+3.47,+26.262, +3.794,+0.977
1631882520,+3.47,+26.262, +3.720,+0.976
1631882580,+3.47,+26.271, +3.657,+0.976
1631882640,+3.47,+26.271, +3.587,+0.976
1631882700,+3.47,+26.271, +3.544,+0.976
1631882760,+3.47,+26.271, +3.508,+0.975
1631882820,+3.47,+26.254, +3.465,+0.975
1631882880,+3.48,+26.245, +3.412,+0.975
1631882940,+3.47,+26.254, +3.355,+0.974
1631883000,+3.48,+26.245, +3.297,+0.974
1631883060,+3.47,+26.245, +3.240,+0.974
1631883120,+3.47,+26.245, +3.191,+0.974
1631883180,+3.48,+26.237, +3.173,+0.974
1631883240,+3.47,+26.245, +3.180,+0.974
1631883300,+3.47,+26.229, +3.185,+0.975
1631883360,+3.48,+26.220, +3.178,+0.975
1631883420,+3.47,+26.245, +3.156,+0.975
1631883480,+3.47,+26.245, +3.126,+0.975
1631883540,+3.47,+26.237, +3.116,+0.975
1631883600,+3.47,+26.229, +3.123,+0.975
1631883660,+3.48,+26.229, +3.144,+0.975
1631883720,+3.47,+26.229, +3.151,+0.976
1631883780,+3.48,+26.229, +3.188,+0.976
1631883840,+3.47,+26.229, +3.237,+0.976
1631883900,+3.47,+26.220, +3.261,+0.977
1631883960,+3.47,+26.220, +3.254,+0.977
1631884020,+3.47,+26.220, +3.215,+0.977
1631884080,+3.47,+26.212, +3.173,+0.977
1631884140,+3.47,+26.212, +3.139,+0.978
1631884200,+3.47,+26.229, +3.116,+0.978
1631884260,+3.48,+26.195, +3.115,+0.978
1631884320,+3.47,+26.195, +3.118,+0.978
1631884380,+3.47,+26.220, +3.138,+0.978
1631884440,+3.47,+26.212, +3.149,+0.978
1631884500,+3.48,+26.212, +3.143,+0.978
1631884560,+3.47,+26.229, +3.115,+0.978
1631884620,+3.47,+26.212, +3.103,+0.978
1631884680,+3.48,+26.212, +3.086,+0.978
1631884740,+3.47,+26.203, +3.193,+0.977
1631884800,+3.47,+26.186, +3.431,+0.978
1631884860,+3.47,+26.212, +3.693,+0.978
1631884920,+3.47,+26.229, +3.934,+0.978
1631884980,+3.47,+26.203, +4.158,+0.979
1631885040,+3.47,+26.220, +4.356,+0.979
1631885100,+3.47,+26.237, +4.586,+0.979
1631885160,+3.47,+26.229, +4.821,+0.980
1631885220,+3.47,+26.237, +5.012,+0.980
1631885280,+3.47,+26.237, +5.217,+0.981
1631885340,+3.47,+26.237, +5.433,+0.980
1631885400,+3.47,+26.237, +5.626,+0.980
1631885460,+3.47,+26.254, +5.803,+0.980
1631885520,+3.47,+26.245, +6.027,+0.981
1631885580,+3.47,+26.254, +6.223,+0.981
1631885640,+3.47,+26.245, +6.421,+0.982
1631885700,+3.47,+26.262, +6.626,+0.981
1631885760,+3.47,+26.271, +6.870,+0.981
1631885820,+3.47,+26.271, +7.123,+0.981
1631885880,+3.47,+26.262, +7.371,+0.981
1631885940,+3.47,+26.279, +7.591,+0.981
1631886000,+3.47,+26.288, +7.809,+0.982
1631886060,+3.47,+26.288, +8.088,+0.982
1631886120,+3.47,+26.288, +8.349,+0.982
1631886180,+3.47,+26.305, +8.592,+0.982
1631886240,+3.47,+26.296, +8.874,+0.982
1631886300,+3.47,+26.296, +9.187,+0.982
1631886360,+3.47,+26.305, +9.423,+0.982
1631886420,+3.47,+26.313, +9.631,+0.981
1631886480,+3.47,+26.321, +9.850,+0.981
1631886540,+3.47,+26.321,+10.117,+0.982
1631886600,+3.47,+26.330,+10.390,+0.982
1631886660,+3.47,+26.321,+10.649,+0.982
1631886720,+3.47,+26.321,+10.888,+0.984
1631886780,+3.47,+26.321,+11.075,+0.983
1631886840,+3.47,+26.347,+11.269,+0.983
1631886900,+3.47,+26.355,+11.426,+0.982
1631886960,+3.47,+26.355,+11.624,+0.982
1631887020,+3.47,+26.338,+11.837,+0.983
1631887080,+3.47,+26.347,+11.974,+0.981
1631887140,+3.47,+26.355,+12.153,+0.982
1631887200,+3.47,+26.364,+12.258,+0.982
1631887260,+3.47,+26.355,+12.439,+0.982
1631887320,+3.47,+26.347,+12.655,+0.982
1631887380,+3.47,+26.355,+12.867,+0.983
1631887440,+3.47,+26.364,+13.076,+0.981
1631887500,+3.47,+26.372,+13.294,+0.982
1631887560,+3.47,+26.372,+13.485,+0.983
1631887620,+3.47,+26.372,+13.672,+0.982
1631887680,+3.47,+26.372,+13.881,+0.982
1631887740,+3.47,+26.389,+14.088,+0.983
1631887800,+3.47,+26.398,+14.244,+0.981
1631887860,+3.47,+26.406,+14.511,+0.983
1631887920,+3.47,+26.398,+14.681,+0.981
1631887980,+3.47,+26.406,+14.917,+0.983
1631888040,+3.47,+26.398,+15.048,+0.982
1631888100,+3.47,+26.381,+14.772,+0.981
1631888160,+3.47,+26.381,+14.325,+0.981
1631888220,+3.47,+26.372,+13.996,+0.980
1631888280,+3.47,+26.398,+13.818,+0.980
1631888340,+3.47,+26.398,+13.795,+0.981
1631888400,+3.47,+26.414,+13.979,+0.981
1631888460,+3.47,+26.414,+14.352,+0.983
1631888520,+3.47,+26.423,+14.697,+0.983
1631888580,+3.47,+26.414,+15.064,+0.983
1631888640,+3.47,+26.431,+15.361,+0.982
1631888700,+3.47,+26.448,+15.699,+0.985
1631888760,+3.47,+26.423,+15.977,+0.984
1631888820,+3.47,+26.448,+16.152,+0.984
1631888880,+3.47,+26.431,+16.345,+0.984
1631888940,+3.47,+26.440,+16.698,+0.985
1631889000,+3.47,+26.440,+17.067,+0.986
1631889060,+3.47,+26.465,+17.228,+0.984
1631889120,+3.47,+26.474,+17.510,+0.985
1631889180,+3.47,+26.465,+17.801,+0.985
1631889240,+3.47,+26.474,+18.143,+0.986
1631889300,+3.47,+26.482,+18.447,+0.987
1631889360,+3.48,+26.482,+18.684,+0.986
1631889420,+3.47,+26.508,+18.775,+0.986
1631889480,+3.47,+26.499,+18.952,+0.988
1631889540,+3.48,+26.524,+19.031,+0.987
1631889600,+3.48,+26.516,+19.147,+0.984
1631889660,+3.48,+26.533,+19.262,+0.983
1631889720,+3.48,+26.541,+19.479,+0.985
1631889780,+3.48,+26.541,+19.419,+0.985
1631889840,+3.48,+26.558,+19.349,+0.985
1631889900,+3.48,+26.558,+19.320,+0.985
1631889960,+3.48,+26.567,+19.339,+0.985
1631890020,+3.48,+26.584,+19.318,+0.985
1631890080,+3.48,+26.575,+19.414,+0.984
1631890140,+3.48,+26.601,+19.572,+0.985
1631890200,+3.48,+26.626,+19.655,+0.984
1631890260,+3.48,+26.626,+19.958,+0.984
1631890320,+3.48,+26.626,+19.763,+0.982
1631890380,+3.48,+26.626,+19.517,+0.983
1631890440,+3.48,+26.660,+19.601,+0.986
1631890500,+3.48,+26.685,+19.628,+0.984
1631890560,+3.48,+26.685,+19.827,+0.986
1631890620,+3.48,+26.685,+20.014,+0.983
1631890680,+3.48,+26.728,+20.555,+0.985
1631890740,+3.48,+26.728,+21.167,+0.988
1631890800,+3.48,+26.736,+21.551,+0.986
1631890860,+3.48,+26.753,+21.838,+0.984
1631890920,+3.48,+26.753,+22.055,+0.987
1631890980,+3.48,+26.770,+22.297,+0.985
1631891040,+3.48,+26.770,+22.696,+0.986
1631891100,+3.48,+26.770,+22.975,+0.985
1631891160,+3.48,+26.770,+23.016,+0.985
1631891220,+3.48,+26.770,+22.893,+0.983
1631891280,+3.48,+26.804,+22.944,+0.985
1631891340,+3.48,+26.812,+23.122,+0.985
1631891400,+3.48,+26.812,+23.362,+0.983
1631891460,+3.48,+26.838,+23.643,+0.983
1631891520,+3.47,+26.838,+23.957,+0.987
1631891580,+3.47,+26.855,+24.263,+0.987
1631891640,+3.47,+26.863,+24.442,+0.985
1631891700,+3.48,+26.872,+24.862,+0.988
1631891760,+3.48,+26.889,+25.102,+0.985
1631891820,+3.47,+26.897,+25.469,+0.986
1631891880,+3.47,+26.897,+25.684,+0.984
1631891940,+3.47,+26.889,+25.999,+0.987
1631892000,+3.47,+26.906,+26.136,+0.984
1631892060,+3.47,+26.880,+26.357,+0.984
1631892120,+3.47,+26.889,+26.414,+0.982
1631892180,+3.47,+26.897,+26.686,+0.985
1631892240,+3.47,+26.897,+26.794,+0.984
1631892300,+3.48,+26.889,+26.622,+0.982
1631892360,+3.47,+26.906,+26.616,+0.985
1631892420,+3.47,+26.906,+26.619,+0.982
1631892480,+3.47,+26.931,+26.746,+0.984
1631892540,+3.47,+26.931,+26.723,+0.985
1631892600,+3.47,+26.939,+26.855,+0.986
1631892660,+3.47,+26.956,+27.052,+0.984
1631892720,+3.47,+26.965,+27.258,+0.983
1631892780,+3.47,+26.965,+27.622,+0.985
1631892840,+3.47,+26.982,+27.928,+0.986
1631892900,+3.47,+26.999,+28.107,+0.987
1631892960,+3.47,+27.007,+28.267,+0.985
1631893020,+3.47,+26.982,+28.397,+0.986
1631893080,+3.47,+27.016,+28.140,+0.983
1631893140,+3.47,+26.990,+27.155,+0.979
1631893200,+3.47,+26.973,+26.441,+0.983
1631893260,+3.47,+26.965,+26.151,+0.984
1631893320,+3.47,+26.973,+26.472,+0.983
1631893380,+3.47,+26.956,+26.845,+0.983
1631893440,+3.47,+26.982,+27.000,+0.983
1631893500,+3.47,+26.999,+26.976,+0.983
1631893560,+3.47,+27.016,+26.988,+0.981
1631893620,+3.47,+27.041,+27.122,+0.981
1631893680,+3.47,+27.041,+27.482,+0.984
1631893740,+3.47,+27.075,+27.885,+0.987
1631893800,+3.47,+27.092,+27.554,+0.986
1631893860,+3.47,+27.084,+26.968,+0.981
1631893920,+3.47,+27.084,+26.684,+0.982
1631893980,+3.47,+27.109,+27.055,+0.983
1631894040,+3.47,+27.126,+27.436,+0.985
1631894100,+3.47,+27.135,+27.722,+0.985
1631894160,+3.47,+27.152,+27.470,+0.981
1631894220,+3.47,+27.160,+27.241,+0.983
1631894280,+3.47,+27.177,+26.956,+0.984
1631894340,+3.47,+27.194,+26.451,+0.981
1631894400,+3.47,+27.169,+24.916,+0.983
1631894460,+3.47,+27.152,+23.543,+0.980
1631894520,+3.47,+27.143,+23.130,+0.982
1631894580,+3.47,+27.143,+23.546,+0.982
1631894640,+3.47,+27.177,+23.936,+0.983
1631894700,+3.47,+27.177,+24.404,+0.986
1631894760,+3.47,+27.186,+24.677,+0.985
1631894820,+3.47,+27.186,+25.194,+0.990
1631894880,+3.47,+27.169,+25.446,+0.987
1631894940,+3.47,+27.211,+25.796,+0.987
1631895000,+3.47,+27.236,+26.236,+0.988
1631895060,+3.47,+27.245,+26.589,+0.984
1631895120,+3.47,+27.270,+27.060,+0.985
1631895180,+3.47,+27.279,+27.430,+0.985
1631895240,+3.47,+27.313,+27.883,+0.989
1631895300,+3.47,+27.321,+28.181,+0.986
1631895360,+3.47,+27.355,+28.589,+0.987
1631895420,+3.47,+27.398,+28.955,+0.987
1631895480,+3.47,+27.406,+29.006,+0.983
1631895540,+3.47,+27.415,+29.258,+0.988
1631895600,+3.47,+27.432,+29.220,+0.984
1631895660,+3.47,+27.457,+29.344,+0.983
1631895720,+3.47,+27.457,+29.547,+0.983
1631895780,+3.47,+27.474,+29.965,+0.986
1631895840,+3.47,+27.483,+30.312,+0.986
1631895900,+3.47,+27.508,+30.624,+0.984
1631895960,+3.47,+27.525,+31.131,+0.985
1631896020,+3.47,+27.525,+31.538,+0.987
1631896080,+3.47,+27.551,+31.995,+0.990
1631896140,+3.47,+27.568,+31.996,+0.984
1631896200,+3.47,+27.576,+32.319,+0.987
1631896260,+3.47,+27.559,+32.740,+0.989
1631896320,+3.47,+27.551,+32.573,+0.982
1631896380,+3.47,+27.551,+32.485,+0.983
1631896440,+3.47,+27.542,+32.388,+0.983
1631896500,+3.47,+27.517,+32.345,+0.982
1631896560,+3.47,+27.559,+32.477,+0.984
1631896620,+3.47,+27.576,+32.526,+0.982
1631896680,+3.47,+27.610,+32.611,+0.980
1631896740,+3.48,+27.653,+32.999,+0.983
1631896800,+3.48,+27.661,+33.332,+0.983
1631896860,+3.48,+27.704,+33.641,+0.984
1631896920,+3.48,+27.730,+33.880,+0.984
1631896980,+3.47,+27.764,+34.063,+0.985
1631897040,+3.47,+27.798,+34.203,+0.985
1631897100,+3.47,+27.823,+34.162,+0.983
1631897160,+3.47,+27.866,+34.168,+0.982
1631897220,+3.47,+27.866,+34.706,+0.990
1631897280,+3.47,+27.891,+34.584,+0.985
1631897340,+3.47,+27.883,+34.681,+0.984
1631897400,+3.47,+27.934,+34.651,+0.984
1631897460,+3.47,+27.908,+34.771,+0.985
1631897520,+3.47,+27.908,+34.881,+0.987
1631897580,+3.47,+27.908,+34.737,+0.984
1631897640,+3.47,+27.900,+34.806,+0.986
1631897700,+3.47,+27.883,+34.618,+0.984
1631897760,+3.47,+27.883,+34.675,+0.986
1631897820,+3.47,+27.891,+34.690,+0.988
1631897880,+3.47,+27.883,+34.055,+0.980
1631897940,+3.47,+27.883,+34.109,+0.986
1631898000,+3.47,+27.866,+33.836,+0.986
1631898060,+3.47,+27.883,+33.176,+0.980
1631898120,+3.47,+27.908,+33.186,+0.985
1631898180,+3.47,+27.917,+32.927,+0.982
1631898240,+3.47,+27.943,+32.723,+0.980
1631898300,+3.47,+27.994,+32.847,+0.983
1631898360,+3.47,+28.019,+33.009,+0.983
1631898420,+3.47,+28.036,+33.206,+0.983
1631898480,+3.47,+28.062,+33.489,+0.982
1631898540,+3.47,+28.096,+33.650,+0.983
1631898600,+3.47,+28.105,+33.613,+0.985
1631898660,+3.47,+28.113,+33.200,+0.984
1631898720,+3.47,+28.113,+32.989,+0.985
1631898780,+3.47,+28.147,+32.657,+0.981
1631898840,+3.47,+28.164,+32.802,+0.983
1631898900,+3.47,+28.181,+32.947,+0.980
1631898960,+3.47,+28.190,+33.602,+0.986
1631899020,+3.47,+28.207,+34.025,+0.986
1631899080,+3.47,+28.207,+34.272,+0.983
1631899140,+3.47,+28.198,+34.254,+0.982
1631899200,+3.47,+28.250,+34.251,+0.983
1631899260,+3.47,+28.318,+34.435,+0.989
1631899320,+3.47,+28.326,+34.185,+0.984
1631899380,+3.47,+28.395,+33.981,+0.981
1631899440,+3.47,+28.438,+34.319,+0.984
1631899500,+3.47,+28.472,+34.471,+0.985
1631899560,+3.47,+28.514,+34.820,+0.985
1631899620,+3.47,+28.540,+35.082,+0.983
1631899680,+3.47,+28.557,+35.477,+0.983
1631899740,+3.47,+28.566,+36.030,+0.985
1631899800,+3.47,+28.566,+36.537,+0.986
1631899860,+3.47,+28.566,+36.528,+0.980
1631899920,+3.47,+28.549,+37.129,+0.989
1631899980,+3.47,+28.540,+36.658,+0.981
1631900040,+3.47,+28.540,+36.557,+0.983
1631900100,+3.47,+28.540,+36.503,+0.984
1631900160,+3.47,+28.523,+36.458,+0.983
1631900220,+3.47,+28.497,+36.841,+0.985
1631900280,+3.47,+28.497,+37.202,+0.987
1631900340,+3.47,+28.489,+37.501,+0.987
1631900400,+3.47,+28.480,+37.797,+0.989
1631900460,+3.47,+28.480,+37.830,+0.986
1631900520,+3.47,+28.480,+37.950,+0.985
1631900580,+3.47,+28.463,+38.111,+0.985
1631900640,+3.47,+28.463,+38.601,+0.992
1631900700,+3.47,+28.463,+38.135,+0.984
1631900760,+3.47,+28.489,+38.094,+0.987
1631900820,+3.47,+28.506,+37.098,+0.986
1631900880,+3.47,+28.549,+37.400,+0.987
1631900940,+3.47,+28.600,+37.540,+0.985
1631901000,+3.47,+28.643,+37.601,+0.984
1631901060,+3.47,+28.686,+37.962,+0.985
1631901120,+3.47,+28.720,+37.885,+0.988
1631901180,+3.47,+28.763,+37.289,+0.981
1631901240,+3.47,+28.780,+37.552,+0.985
1631901300,+3.47,+28.797,+37.106,+0.989
1631901360,+3.47,+28.814,+36.867,+0.984
1631901420,+3.47,+28.840,+37.411,+0.984
1631901480,+3.47,+28.848,+38.329,+0.993
1631901540,+3.47,+28.865,+37.039,+0.984
1631901600,+3.47,+28.848,+36.795,+0.984
1631901660,+3.47,+28.857,+37.260,+0.984
1631901720,+3.47,+28.883,+37.516,+0.984
1631901780,+3.47,+28.908,+37.794,+0.985
1631901840,+3.47,+28.934,+37.779,+0.984
1631901900,+3.47,+28.925,+36.833,+0.983
1631901960,+3.47,+28.925,+36.367,+0.983
1631902020,+3.47,+28.968,+36.987,+0.986
1631902080,+3.47,+28.925,+36.428,+0.986
1631902140,+3.47,+28.908,+35.005,+0.986
1631902200,+3.47,+28.874,+33.430,+0.983
1631902260,+3.47,+28.874,+32.304,+0.985
1631902320,+3.47,+28.883,+31.332,+0.985
1631902380,+3.47,+28.883,+30.818,+0.987
1631902440,+3.47,+28.891,+29.926,+0.984
1631902500,+3.47,+28.942,+30.443,+0.986
1631902560,+3.47,+28.994,+31.355,+0.986
1631902620,+3.47,+29.054,+32.223,+0.988
1631902680,+3.47,+29.097,+32.758,+0.983
1631902740,+3.47,+29.131,+33.089,+0.984
1631902800,+3.47,+29.166,+33.897,+0.987
1631902860,+3.47,+29.191,+34.645,+0.986
1631902920,+3.47,+29.208,+35.554,+0.989
1631902980,+3.47,+29.243,+36.082,+0.987
1631903040,+3.47,+29.286,+36.880,+0.991
1631903100,+3.47,+29.337,+37.404,+0.990
1631903160,+3.47,+29.372,+37.350,+0.981
1631903220,+3.47,+29.415,+37.860,+0.981
1631903280,+3.47,+29.483,+38.465,+0.984
1631903340,+3.47,+29.526,+38.795,+0.982
1631903400,+3.47,+29.578,+38.682,+0.986
1631903460,+3.47,+29.552,+37.483,+0.983
1631903520,+3.47,+29.552,+37.705,+0.985
1631903580,+3.47,+29.561,+37.501,+0.984
1631903640,+3.47,+29.535,+37.698,+0.986
1631903700,+3.47,+29.526,+36.952,+0.988
1631903760,+3.47,+29.501,+35.510,+0.983
1631903820,+3.47,+29.509,+34.571,+0.987
1631903880,+3.47,+29.501,+34.200,+0.988
1631903940,+3.47,+29.492,+34.089,+0.986
1631904000,+3.47,+29.483,+33.969,+0.989
1631904060,+3.47,+29.492,+33.395,+0.988
1631904120,+3.47,+29.483,+33.268,+0.985
1631904180,+3.47,+29.466,+32.431,+0.989
1631904240,+3.47,+29.483,+32.198,+0.986
1631904300,+3.47,+29.492,+32.949,+0.987
1631904360,+3.47,+29.509,+33.484,+0.986
1631904420,+3.47,+29.526,+34.036,+0.988
1631904480,+3.47,+29.535,+34.237,+0.984
1631904540,+3.47,+29.561,+34.771,+0.988
1631904600,+3.47,+29.604,+35.142,+0.986
1631904660,+3.47,+29.656,+35.403,+0.985
1631904720,+3.47,+29.681,+35.773,+0.987
1631904780,+3.47,+29.690,+35.904,+0.985
1631904840,+3.47,+29.699,+36.150,+0.984
1631904900,+3.47,+29.742,+36.317,+0.984
1631904960,+3.47,+29.750,+36.626,+0.986
1631905020,+3.47,+29.785,+36.667,+0.984
1631905080,+3.47,+29.811,+37.113,+0.989
1631905140,+3.47,+29.854,+36.886,+0.984
1631905200,+3.47,+29.914,+36.607,+0.987
1631905260,+3.47,+29.949,+35.883,+0.980
1631905320,+3.47,+30.000,+35.986,+0.988
1631905380,+3.47,+30.043,+35.564,+0.986
1631905440,+3.47,+30.061,+35.329,+0.986
1631905500,+3.47,+30.026,+35.181,+0.988
1631905560,+3.48,+29.992,+34.953,+0.983
1631905620,+3.47,+29.940,+35.434,+0.984
1631905680,+3.47,+29.949,+35.860,+0.985
1631905740,+3.47,+29.940,+36.095,+0.985
1631905800,+3.48,+29.931,+36.215,+0.985
1631905860,+3.47,+29.931,+36.347,+0.984
1631905920,+3.47,+29.914,+36.169,+0.987
1631905980,+3.47,+29.880,+35.722,+0.982
1631906040,+3.48,+29.880,+36.075,+0.983
1631906100,+3.47,+29.819,+35.479,+0.985
1631906160,+3.47,+29.759,+33.785,+0.981
1631906220,+3.47,+29.759,+32.901,+0.986
1631906280,+3.47,+29.819,+33.256,+0.985
1631906340,+3.48,+29.854,+33.563,+0.985
1631906400,+3.47,+29.880,+33.611,+0.990
1631906460,+3.48,+29.888,+32.365,+0.985
1631906520,+3.48,+29.888,+31.104,+0.985
1631906580,+3.47,+29.897,+30.631,+0.984
1631906640,+3.48,+29.949,+31.240,+0.985
1631906700,+3.47,+29.966,+32.119,+0.985
1631906760,+3.47,+30.035,+32.913,+0.986
1631906820,+3.47,+30.069,+33.384,+0.983
1631906880,+3.47,+30.121,+33.969,+0.987
1631906940,+3.47,+30.138,+34.262,+0.985
1631907000,+3.47,+30.147,+34.496,+0.982
1631907060,+3.47,+30.173,+34.821,+0.984
1631907120,+3.47,+30.208,+34.870,+0.984
1631907180,+3.47,+30.225,+34.765,+0.984
1631907240,+3.47,+30.199,+33.584,+0.987
1631907300,+3.47,+30.164,+31.927,+0.982
1631907360,+3.47,+30.182,+30.984,+0.984
1631907420,+3.47,+30.173,+31.139,+0.983
1631907480,+3.47,+30.234,+32.117,+0.986
1631907540,+3.47,+30.268,+32.951,+0.983
1631907600,+3.47,+30.285,+33.844,+0.989
1631907660,+3.47,+30.268,+34.576,+0.988
1631907720,+3.47,+30.208,+33.558,+0.984
1631907780,+3.47,+30.173,+32.803,+0.986
1631907840,+3.47,+30.104,+31.982,+0.984
1631907900,+3.48,+30.061,+32.352,+0.988
1631907960,+3.48,+30.026,+32.972,+0.986
1631908020,+3.48,+30.035,+33.620,+0.985
1631908080,+3.48,+30.069,+34.334,+0.987
1631908140,+3.47,+30.242,+34.565,+0.982
1631908200,+3.47,+30.372,+35.218,+0.987
1631908260,+3.47,+30.484,+35.143,+0.980
1631908320,+3.47,+30.588,+35.530,+0.983
1631908380,+3.47,+30.623,+35.690,+0.979
1631908440,+3.47,+30.640,+36.337,+0.984
1631908500,+3.47,+30.666,+36.739,+0.986
1631908560,+3.47,+30.744,+36.745,+0.983
1631908620,+3.47,+30.779,+36.688,+0.982
1631908680,+3.47,+30.814,+36.126,+0.981
1631908740,+3.47,+30.874,+35.992,+0.980
1631908800,+3.48,+30.927,+36.003,+0.981
1631908860,+3.48,+31.031,+35.178,+0.979
1631908920,+3.47,+31.109,+34.622,+0.982
1631908980,+3.47,+31.179,+33.578,+0.982
1631909040,+3.47,+31.196,+32.531,+0.984
1631909100,+3.47,+31.196,+31.403,+0.981
1631909160,+3.47,+31.161,+30.613,+0.983
1631909220,+3.48,+31.144,+29.537,+0.980
1631909280,+3.48,+31.065,+28.969,+0.985
1631909340,+3.48,+30.961,+28.523,+0.984
1631909400,+3.47,+30.892,+28.244,+0.985
1631909460,+3.47,+30.831,+27.964,+0.987
1631909520,+3.47,+30.779,+27.549,+0.983
1631909580,+3.47,+30.727,+27.456,+0.984
1631909640,+3.47,+30.710,+27.230,+0.982
1631909700,+3.47,+30.770,+27.603,+0.987
1631909760,+3.47,+30.770,+27.966,+0.985
1631909820,+3.47,+30.779,+29.142,+0.986
1631909880,+3.47,+30.762,+30.295,+0.986
1631909940,+3.47,+30.814,+30.821,+0.981
1631910000,+3.48,+30.970,+31.676,+0.983
1631910060,+3.48,+31.083,+31.847,+0.981
1631910120,+3.48,+31.048,+32.540,+0.987
1631910180,+3.48,+31.161,+32.817,+0.985
1631910240,+3.47,+31.300,+33.405,+0.984
1631910300,+3.47,+31.431,+33.214,+0.980
1631910360,+3.47,+31.457,+33.407,+0.981
1631910420,+3.47,+31.509,+33.598,+0.980
1631910480,+3.47,+31.544,+33.948,+0.987
1631910540,+3.47,+31.570,+32.662,+0.982
1631910600,+3.47,+31.544,+31.378,+0.979
1631910660,+3.47,+31.562,+30.448,+0.979
1631910720,+3.47,+31.544,+30.015,+0.984
1631910780,+3.47,+31.527,+29.546,+0.983
1631910840,+3.47,+31.457,+29.411,+0.983
1631910900,+3.47,+31.361,+29.170,+0.980
1631910960,+3.48,+31.309,+29.122,+0.986
1631911020,+3.47,+31.344,+29.645,+0.981
1631911080,+3.47,+31.361,+30.281,+0.980
1631911140,+3.47,+31.361,+30.869,+0.982
1631911200,+3.48,+31.300,+30.463,+0.985
1631911260,+3.48,+31.231,+30.338,+0.985
1631911320,+3.48,+31.213,+30.943,+0.982
1631911380,+3.48,+31.231,+31.560,+0.981
1631911440,+3.48,+31.239,+32.140,+0.984
1631911500,+3.48,+31.266,+32.433,+0.984
1631911560,+3.48,+31.309,+32.734,+0.985
1631911620,+3.48,+31.353,+32.892,+0.987
1631911680,+3.47,+31.414,+32.633,+0.981
1631911740,+3.47,+31.466,+32.633,+0.983
1631911800,+3.47,+31.492,+31.487,+0.983
1631911860,+3.47,+31.466,+30.708,+0.983
1631911920,+3.47,+31.422,+29.954,+0.982
1631911980,+3.48,+31.370,+29.455,+0.981
1631912040,+3.48,+31.335,+29.183,+0.985
1631912100,+3.48,+31.309,+28.856,+0.985
1631912160,+3.48,+31.344,+28.153,+0.978
1631912220,+3.48,+31.335,+28.143,+0.986
1631912280,+3.48,+31.318,+27.822,+0.984
1631912340,+3.48,+31.283,+27.783,+0.985
1631912400,+3.48,+31.292,+28.209,+0.982
1631912460,+3.48,+31.353,+29.218,+0.983
1631912520,+3.47,+31.396,+30.117,+0.983
1631912580,+3.47,+31.475,+30.671,+0.981
1631912640,+3.47,+31.492,+31.459,+0.985
1631912700,+3.47,+31.492,+31.668,+0.978
1631912760,+3.47,+31.544,+31.994,+0.975
1631912820,+3.47,+31.588,+32.525,+0.980
1631912880,+3.47,+31.614,+33.138,+0.985
1631912940,+3.47,+31.605,+33.381,+0.982
1631913000,+3.47,+31.623,+33.743,+0.982
1631913060,+3.47,+31.623,+33.960,+0.979
1631913120,+3.47,+31.597,+34.262,+0.978
1631913180,+3.47,+31.501,+34.649,+0.981
1631913240,+3.48,+31.387,+34.753,+0.982
1631913300,+3.48,+31.309,+34.667,+0.979
1631913360,+3.48,+31.257,+34.923,+0.983
1631913420,+3.48,+31.292,+34.592,+0.977
1631913480,+3.48,+31.326,+34.924,+0.984
1631913540,+3.48,+31.318,+34.869,+0.982
1631913600,+3.48,+31.300,+34.740,+0.981
1631913660,+3.48,+31.300,+33.879,+0.982
1631913720,+3.48,+31.274,+32.875,+0.982
1631913780,+3.48,+31.309,+32.465,+0.985
1631913840,+3.47,+31.509,+32.018,+0.986
1631913900,+3.47,+31.745,+30.964,+0.983
1631913960,+3.47,+31.920,+30.171,+0.985
1631914020,+3.48,+32.033,+29.434,+0.984
1631914080,+3.48,+32.147,+29.344,+0.981
1631914140,+3.48,+32.261,+29.755,+0.981
1631914200,+3.48,+32.331,+30.288,+0.981
1631914260,+3.47,+32.454,+30.809,+0.984
1631914320,+3.47,+32.577,+30.799,+0.980
1631914380,+3.47,+32.735,+30.962,+0.984
1631914440,+3.47,+32.779,+30.946,+0.982
1631914500,+3.47,+32.797,+29.799,+0.984
1631914560,+3.47,+32.735,+28.657,+0.977
1631914620,+3.47,+32.718,+28.885,+0.981
1631914680,+3.47,+32.797,+29.160,+0.980
1631914740,+3.47,+32.885,+29.374,+0.981
1631914800,+3.47,+32.973,+29.488,+0.980
1631914860,+3.47,+33.052,+29.707,+0.984
1631914920,+3.47,+33.043,+29.419,+0.980
1631914980,+3.47,+32.858,+29.681,+0.981
1631915040,+3.47,+32.621,+30.108,+0.978
1631915100,+3.48,+32.437,+30.895,+0.984
1631915160,+3.48,+32.270,+31.020,+0.977
1631915220,+3.48,+32.121,+31.596,+0.982
1631915280,+3.48,+32.025,+31.867,+0.982
1631915340,+3.48,+32.025,+32.101,+0.982
1631915400,+3.48,+32.016,+32.028,+0.980
1631915460,+3.48,+32.042,+32.137,+0.982
1631915520,+3.48,+32.033,+32.285,+0.981
1631915580,+3.48,+32.042,+32.406,+0.979
1631915640,+3.48,+32.095,+32.614,+0.979
1631915700,+3.48,+32.147,+32.804,+0.980
1631915760,+3.48,+32.235,+32.734,+0.978
1631915820,+3.48,+32.305,+32.846,+0.982
1631915880,+3.48,+32.305,+32.459,+0.976
1631915940,+3.48,+32.235,+32.571,+0.982
1631916000,+3.48,+32.147,+31.830,+0.977
1631916060,+3.48,+32.007,+32.057,+0.981
1631916120,+3.47,+31.920,+32.303,+0.982
1631916180,+3.47,+31.946,+32.365,+0.983
1631916240,+3.48,+32.147,+32.177,+0.982
1631916300,+3.48,+32.349,+31.181,+0.980
1631916360,+3.48,+32.323,+30.804,+0.984
1631916420,+3.48,+32.244,+30.497,+0.982
1631916480,+3.48,+32.200,+30.397,+0.982
1631916540,+3.48,+32.147,+30.361,+0.980
1631916600,+3.48,+32.130,+30.354,+0.979
1631916660,+3.48,+32.147,+30.368,+0.978
1631916720,+3.48,+32.182,+30.594,+0.984
1631916780,+3.48,+32.200,+30.407,+0.981
1631916840,+3.48,+32.165,+30.432,+0.982
1631916900,+3.48,+32.182,+30.434,+0.982
1631916960,+3.48,+32.130,+30.473,+0.981
1631917020,+3.48,+32.103,+30.629,+0.984
1631917080,+3.48,+32.103,+30.394,+0.976
1631917140,+3.48,+32.226,+30.587,+0.981
1631917200,+3.48,+32.401,+30.236,+0.981
1631917260,+3.48,+32.507,+29.682,+0.982
1631917320,+3.48,+32.445,+29.199,+0.982
1631917380,+3.48,+32.366,+29.167,+0.981
1631917440,+3.48,+32.279,+29.370,+0.983
1631917500,+3.48,+32.200,+29.464,+0.983
1631917560,+3.48,+32.086,+29.644,+0.981
1631917620,+3.48,+32.051,+29.827,+0.983
1631917680,+3.48,+31.972,+29.663,+0.980
1631917740,+3.47,+31.850,+29.755,+0.984
1631917800,+3.47,+31.832,+29.779,+0.985
1631917860,+3.47,+31.876,+29.626,+0.983
1631917920,+3.47,+31.911,+29.428,+0.983
1631917980,+3.48,+31.981,+29.244,+0.984
1631918040,+3.48,+32.060,+28.953,+0.982
1631918100,+3.48,+32.165,+28.513,+0.982
1631918160,+3.48,+32.226,+28.192,+0.982
1631918220,+3.48,+32.279,+28.219,+0.985
1631918280,+3.48,+32.340,+27.763,+0.980
1631918340,+3.48,+32.331,+27.578,+0.981
1631918400,+3.48,+32.305,+27.520,+0.983
1631918460,+3.48,+32.226,+27.471,+0.982
1631918520,+3.48,+32.235,+27.341,+0.984
1631918580,+3.48,+32.217,+27.162,+0.984
1631918640,+3.48,+32.200,+26.957,+0.984
1631918700,+3.48,+32.209,+26.808,+0.983
1631918760,+3.48,+32.200,+26.513,+0.980
1631918820,+3.48,+32.252,+26.131,+0.982
1631918880,+3.48,+32.261,+25.616,+0.981
1631918940,+3.48,+32.279,+25.170,+0.981
1631919000,+3.48,+32.279,+24.997,+0.984
1631919060,+3.48,+32.287,+24.483,+0.983
1631919120,+3.48,+32.296,+24.083,+0.980
1631919180,+3.48,+32.314,+23.958,+0.984
1631919240,+3.48,+32.384,+23.582,+0.984
1631919300,+3.48,+32.445,+23.105,+0.982
1631919360,+3.48,+32.480,+22.791,+0.985
1631919420,+3.48,+32.516,+22.387,+0.983
1631919480,+3.48,+32.524,+22.067,+0.983
1631919540,+3.48,+32.516,+21.843,+0.984
1631919600,+3.48,+32.542,+21.547,+0.982
1631919660,+3.48,+32.559,+21.274,+0.981
1631919720,+3.48,+32.568,+21.166,+0.984
1631919780,+3.48,+32.577,+20.953,+0.982
1631919840,+3.48,+32.551,+20.942,+0.984
1631919900,+3.48,+32.463,+20.943,+0.986
1631919960,+3.48,+32.454,+21.142,+0.984
1631920020,+3.48,+32.463,+21.300,+0.983
1631920080,+3.48,+32.463,+21.391,+0.984
1631920140,+3.48,+32.454,+21.366,+0.983
1631920200,+3.48,+32.454,+21.375,+0.986
1631920260,+3.48,+32.463,+21.270,+0.983
1631920320,+3.48,+32.463,+21.157,+0.981
1631920380,+3.48,+32.445,+21.095,+0.982
1631920440,+3.48,+32.454,+21.084,+0.984
1631920500,+3.48,+32.419,+20.989,+0.983
1631920560,+3.48,+32.366,+20.951,+0.984
1631920620,+3.48,+32.305,+20.985,+0.986
1631920680,+3.48,+32.279,+20.858,+0.985
1631920740,+3.48,+32.226,+20.717,+0.984
1631920800,+3.48,+32.217,+20.517,+0.984
1631920860,+3.48,+32.174,+20.398,+0.984
1631920920,+3.48,+32.156,+20.255,+0.982
1631920980,+3.48,+32.095,+20.283,+0.984
1631921040,+3.48,+32.068,+20.318,+0.984
1631921100,+3.48,+32.068,+20.390,+0.984
1631921160,+3.48,+32.095,+20.481,+0.985
1631921220,+3.48,+32.103,+20.401,+0.983
1631921280,+3.48,+32.130,+20.254,+0.983
1631921340,+3.48,+32.147,+20.037,+0.982
1631921400,+3.48,+32.156,+19.915,+0.983
1631921460,+3.48,+32.147,+19.826,+0.982
1631921520,+3.48,+32.103,+19.844,+0.984
1631921580,+3.48,+32.042,+19.890,+0.983
1631921640,+3.48,+31.972,+20.037,+0.982
1631921700,+3.48,+31.937,+20.114,+0.982
1631921760,+3.48,+31.876,+20.122,+0.980
1631921820,+3.48,+31.832,+20.331,+0.983
1631921880,+3.48,+31.859,+20.313,+0.982
1631921940,+3.48,+31.876,+20.360,+0.985
1631922000,+3.48,+31.885,+20.130,+0.981
1631922060,+3.48,+31.885,+20.174,+0.984
1631922120,+3.48,+31.911,+20.056,+0.983
1631922180,+3.48,+31.920,+19.981,+0.982
1631922240,+3.48,+31.920,+19.953,+0.981
1631922300,+3.48,+31.911,+20.025,+0.983
1631922360,+3.48,+31.920,+20.050,+0.983
1631922420,+3.48,+31.911,+19.969,+0.980
1631922480,+3.48,+31.902,+20.071,+0.985
1631922540,+3.48,+31.902,+19.924,+0.982
1631922600,+3.48,+31.885,+19.974,+0.984
1631922660,+3.48,+31.876,+19.966,+0.983
1631922720,+3.48,+31.867,+19.869,+0.981
1631922780,+3.48,+31.859,+19.833,+0.982
1631922840,+3.48,+31.850,+19.670,+0.979
1631922900,+3.48,+31.824,+19.636,+0.983
1631922960,+3.48,+31.797,+19.363,+0.980
1631923020,+3.48,+31.762,+19.281,+0.984
1631923080,+3.48,+31.728,+19.187,+0.983
1631923140,+3.48,+31.719,+19.108,+0.984
1631923200,+3.48,+31.710,+18.991,+0.983
1631923260,+3.48,+31.684,+18.994,+0.982
1631923320,+3.48,+31.666,+18.951,+0.982
1631923380,+3.48,+31.649,+18.964,+0.984
1631923440,+3.48,+31.632,+18.872,+0.983
1631923500,+3.48,+31.614,+18.809,+0.983
1631923560,+3.48,+31.588,+18.676,+0.981
1631923620,+3.48,+31.570,+18.584,+0.983
1631923680,+3.48,+31.553,+18.403,+0.982
1631923740,+3.48,+31.527,+18.297,+0.984
1631923800,+3.48,+31.527,+18.086,+0.981
1631923860,+3.48,+31.492,+18.043,+0.982
1631923920,+3.48,+31.492,+17.951,+0.984
1631923980,+3.48,+31.475,+17.808,+0.984
1631924040,+3.48,+31.475,+17.594,+0.983
1631924100,+3.48,+31.475,+17.365,+0.982
1631924160,+3.48,+31.483,+17.170,+0.982
1631924220,+3.48,+31.440,+17.066,+0.982
1631924280,+3.48,+31.448,+16.995,+0.983
1631924340,+3.48,+31.431,+16.907,+0.982
1631924400,+3.48,+31.440,+16.778,+0.983
1631924460,+3.48,+31.422,+16.636,+0.981
1631924520,+3.48,+31.405,+16.529,+0.980
1631924580,+3.48,+31.387,+16.424,+0.980
1631924640,+3.48,+31.387,+16.292,+0.981
1631924700,+3.48,+31.361,+16.138,+0.980
1631924760,+3.48,+31.353,+16.047,+0.980
1631924820,+3.48,+31.344,+15.848,+0.978
1631924880,+3.48,+31.335,+15.708,+0.978
1631924940,+3.48,+31.335,+15.577,+0.978
1631925000,+3.48,+31.309,+15.496,+0.980
1631925060,+3.48,+31.300,+15.334,+0.977
1631925120,+3.48,+31.283,+15.263,+0.978
1631925180,+3.48,+31.257,+15.205,+0.978
1631925240,+3.48,+31.239,+15.130,+0.977
1631925300,+3.48,+31.231,+15.139,+0.976
1631925360,+3.48,+31.213,+15.162,+0.977
1631925420,+3.48,+31.213,+15.116,+0.975
1631925480,+3.48,+31.196,+15.149,+0.976
1631925540,+3.48,+31.170,+15.225,+0.977
1631925600,+3.48,+31.170,+15.198,+0.975
1631925660,+3.48,+31.144,+15.218,+0.975
1631925720,+3.48,+31.118,+15.229,+0.977
1631925780,+3.48,+31.126,+15.199,+0.977
1631925840,+3.48,+31.135,+15.132,+0.975
1631925900,+3.48,+31.118,+15.071,+0.975
1631925960,+3.48,+31.100,+15.024,+0.976
1631926020,+3.48,+31.083,+14.931,+0.975
1631926080,+3.48,+31.057,+14.906,+0.977
1631926140,+3.48,+31.057,+14.790,+0.975
1631926200,+3.48,+31.039,+14.753,+0.975
1631926260,+3.48,+31.039,+14.688,+0.973
1631926320,+3.48,+31.022,+14.721,+0.976
1631926380,+3.48,+31.022,+14.523,+0.972
1631926440,+3.49,+31.005,+14.513,+0.976
1631926500,+3.48,+30.987,+14.433,+0.975
1631926560,+3.49,+30.996,+14.350,+0.975
1631926620,+3.48,+30.961,+14.355,+0.977
1631926680,+3.49,+30.970,+14.285,+0.977
1631926740,+3.48,+30.953,+14.282,+0.977
1631926800,+3.48,+30.935,+14.192,+0.976
1631926860,+3.48,+30.935,+14.201,+0.978
1631926920,+3.48,+30.918,+14.158,+0.975
1631926980,+3.48,+30.909,+14.142,+0.977
1631927040,+3.48,+30.900,+14.137,+0.977
1631927100,+3.48,+30.892,+14.149,+0.977
1631927160,+3.48,+30.883,+14.242,+0.978
1631927220,+3.48,+30.866,+14.270,+0.976
1631927280,+3.48,+30.866,+14.289,+0.976
1631927340,+3.48,+30.848,+14.313,+0.977
