7450-387970
OS REV: 1.05 Sensor Cal: 1615486469
Time (sec),  BV (Volts),  T (deg C),  DO (mg/l),  Q ()
1629853800,+3.49,+32.911,+17.208,+0.980
1629853860,+3.49,+32.929,+17.221,+0.983
1629853920,+3.49,+32.902,+17.379,+0.981
1629853980,+3.49,+32.876,+17.443,+0.981
1629854040,+3.49,+32.858,+17.162,+0.982
1629854100,+3.49,+32.902,+17.350,+0.983
1629854160,+3.49,+32.911,+17.347,+0.984
1629854220,+3.49,+32.920,+17.255,+0.981
1629854280,+3.49,+32.894,+17.480,+0.983
1629854340,+3.49,+32.876,+17.413,+0.982
1629854400,+3.49,+32.885,+17.296,+0.980
1629854460,+3.49,+32.885,+17.284,+0.982
1629854520,+3.49,+32.902,+17.165,+0.982
1629854580,+3.49,+32.894,+17.133,+0.982
1629854640,+3.49,+32.902,+17.100,+0.982
1629854700,+3.49,+32.911,+17.105,+0.981
1629854760,+3.49,+32.911,+17.059,+0.981
1629854820,+3.49,+32.902,+17.016,+0.981
1629854880,+3.49,+32.885,+17.001,+0.984
1629854940,+3.49,+32.867,+17.061,+0.982
1629855000,+3.49,+32.867,+17.148,+0.982
1629855060,+3.49,+32.902,+17.211,+0.983
1629855120,+3.49,+32.894,+17.202,+0.981
1629855180,+3.49,+32.876,+17.239,+0.980
1629855240,+3.49,+32.894,+17.386,+0.985
1629855300,+3.49,+32.911,+17.210,+0.982
1629855360,+3.49,+32.902,+17.159,+0.982
1629855420,+3.49,+32.902,+17.015,+0.980
1629855480,+3.49,+32.894,+17.075,+0.981
1629855540,+3.49,+32.885,+17.135,+0.983
1629855600,+3.49,+32.911,+16.987,+0.980
1629855660,+3.49,+32.894,+16.997,+0.981
1629855720,+3.49,+32.894,+17.070,+0.983
1629855780,+3.49,+32.885,+17.113,+0.981
1629855840,+3.49,+32.911,+17.130,+0.982
1629855900,+3.49,+32.911,+17.154,+0.982
1629855960,+3.49,+32.876,+17.133,+0.984
1629856020,+3.49,+32.885,+17.009,+0.980
1629856080,+3.49,+32.920,+16.858,+0.981
1629856140,+3.49,+32.911,+16.812,+0.981
1629856200,+3.49,+32.929,+16.809,+0.982
1629856260,+3.49,+32.955,+16.615,+0.981
1629856320,+3.49,+32.920,+16.776,+0.982
1629856380,+3.49,+32.929,+16.877,+0.982
1629856440,+3.49,+32.938,+16.847,+0.983
1629856500,+3.49,+32.973,+16.717,+0.982
1629856560,+3.49,+32.920,+16.739,+0.980
1629856620,+3.49,+32.938,+16.789,+0.982
1629856680,+3.49,+32.955,+16.644,+0.981
1629856740,+3.49,+32.946,+16.670,+0.981
1629856800,+3.49,+32.982,+16.734,+0.982
1629856860,+3.49,+32.955,+16.685,+0.979
1629856920,+3.49,+32.973,+16.772,+0.983
1629856980,+3.49,+32.964,+16.750,+0.982
1629857040,+3.49,+32.964,+16.759,+0.982
1629857100,+3.49,+32.991,+16.752,+0.983
1629857160,+3.49,+33.017,+16.685,+0.983
1629857220,+3.49,+33.008,+16.749,+0.983
1629857280,+3.49,+32.991,+16.828,+0.981
1629857340,+3.49,+32.982,+16.936,+0.982
1629857400,+3.49,+32.999,+16.945,+0.982
1629857460,+3.49,+33.017,+16.904,+0.981
1629857520,+3.49,+32.999,+16.845,+0.982
1629857580,+3.49,+33.008,+16.602,+0.981
1629857640,+3.49,+32.999,+16.453,+0.982
1629857700,+3.49,+33.035,+16.144,+0.980
1629857760,+3.49,+33.035,+16.016,+0.982
1629857820,+3.49,+33.008,+15.948,+0.982
1629857880,+3.49,+32.964,+16.044,+0.982
1629857940,+3.49,+32.999,+15.990,+0.982
1629858000,+3.49,+33.026,+15.801,+0.982
1629858060,+3.49,+33.026,+15.592,+0.981
1629858120,+3.49,+33.026,+15.491,+0.981
1629858180,+3.49,+32.999,+15.434,+0.981
1629858240,+3.49,+32.991,+15.396,+0.982
1629858300,+3.49,+32.991,+15.262,+0.981
1629858360,+3.49,+32.999,+15.080,+0.980
1629858420,+3.49,+33.017,+15.001,+0.982
1629858480,+3.49,+33.008,+14.903,+0.982
1629858540,+3.49,+33.026,+14.744,+0.982
1629858600,+3.49,+32.999,+14.498,+0.983
1629858660,+3.49,+32.991,+14.258,+0.980
1629858720,+3.49,+33.008,+14.135,+0.983
1629858780,+3.49,+32.999,+13.978,+0.982
1629858840,+3.49,+32.982,+13.859,+0.982
1629858900,+3.49,+32.973,+13.685,+0.981
1629858960,+3.49,+32.982,+13.586,+0.980
1629859020,+3.49,+32.991,+13.409,+0.981
1629859080,+3.49,+32.955,+13.247,+0.981
1629859140,+3.49,+32.973,+13.183,+0.982
1629859200,+3.49,+32.955,+13.077,+0.981
1629859260,+3.49,+32.929,+12.968,+0.982
1629859320,+3.49,+32.920,+13.079,+0.982
1629859380,+3.49,+32.920,+13.026,+0.981
1629859440,+3.49,+32.929,+12.900,+0.982
1629859500,+3.49,+32.920,+12.858,+0.983
1629859560,+3.49,+32.911,+12.784,+0.981
1629859620,+3.49,+32.911,+12.749,+0.982
1629859680,+3.49,+32.894,+12.598,+0.981
1629859740,+3.49,+32.894,+12.527,+0.981
1629859800,+3.49,+32.894,+12.482,+0.981
1629859860,+3.49,+32.867,+12.493,+0.981
1629859920,+3.49,+32.858,+12.507,+0.982
1629859980,+3.49,+32.850,+12.405,+0.981
1629860040,+3.49,+32.841,+12.406,+0.983
1629860100,+3.49,+32.832,+12.327,+0.981
1629860160,+3.49,+32.814,+12.359,+0.980
1629860220,+3.49,+32.806,+12.441,+0.981
1629860280,+3.49,+32.797,+12.487,+0.980
1629860340,+3.49,+32.806,+12.515,+0.982
1629860400,+3.49,+32.788,+12.542,+0.983
1629860460,+3.49,+32.762,+12.530,+0.981
1629860520,+3.49,+32.762,+12.561,+0.981
1629860580,+3.49,+32.753,+12.577,+0.982
1629860640,+3.49,+32.744,+12.586,+0.982
1629860700,+3.49,+32.735,+12.573,+0.983
1629860760,+3.49,+32.718,+12.504,+0.980
1629860820,+3.49,+32.726,+12.481,+0.981
1629860880,+3.49,+32.726,+12.468,+0.982
1629860940,+3.49,+32.709,+12.344,+0.980
1629861000,+3.49,+32.674,+12.333,+0.981
1629861060,+3.49,+32.665,+12.350,+0.981
1629861120,+3.49,+32.665,+12.450,+0.981
1629861180,+3.49,+32.647,+12.470,+0.982
1629861240,+3.49,+32.647,+12.378,+0.982
1629861300,+3.49,+32.630,+12.331,+0.982
1629861360,+3.49,+32.647,+12.253,+0.983
1629861420,+3.49,+32.612,+12.156,+0.982
1629861480,+3.49,+32.621,+12.105,+0.982
1629861540,+3.49,+32.612,+11.878,+0.980
1629861600,+3.49,+32.577,+11.776,+0.982
1629861660,+3.49,+32.568,+11.625,+0.981
1629861720,+3.49,+32.568,+11.565,+0.981
1629861780,+3.49,+32.568,+11.543,+0.982
1629861840,+3.49,+32.577,+11.504,+0.980
1629861900,+3.49,+32.542,+11.530,+0.982
1629861960,+3.49,+32.533,+11.410,+0.983
1629862020,+3.49,+32.524,+11.396,+0.982
1629862080,+3.49,+32.507,+11.384,+0.981
1629862140,+3.49,+32.489,+11.486,+0.983
1629862200,+3.49,+32.489,+11.432,+0.982
1629862260,+3.49,+32.472,+11.385,+0.983
1629862320,+3.49,+32.480,+11.359,+0.983
1629862380,+3.49,+32.472,+11.296,+0.982
1629862440,+3.49,+32.454,+11.262,+0.983
1629862500,+3.49,+32.454,+11.286,+0.982
1629862560,+3.49,+32.445,+11.342,+0.983
1629862620,+3.49,+32.445,+11.524,+0.982
1629862680,+3.49,+32.437,+11.756,+0.981
1629862740,+3.49,+32.419,+11.939,+0.982
1629862800,+3.49,+32.410,+12.096,+0.983
1629862860,+3.49,+32.419,+12.046,+0.982
1629862920,+3.49,+32.393,+12.018,+0.981
1629862980,+3.49,+32.393,+12.034,+0.983
1629863040,+3.50,+32.393,+12.200,+0.983
1629863100,+3.49,+32.366,+12.303,+0.982
1629863160,+3.49,+32.366,+12.413,+0.983
1629863220,+3.49,+32.358,+12.435,+0.983
1629863280,+3.50,+32.349,+12.522,+0.982
1629863340,+3.49,+32.340,+12.611,+0.982
1629863400,+3.50,+32.323,+12.630,+0.982
1629863460,+3.50,+32.331,+12.578,+0.982
1629863520,+3.49,+32.314,+12.631,+0.983
1629863580,+3.50,+32.296,+12.606,+0.983
1629863640,+3.50,+32.296,+12.627,+0.981
1629863700,+3.50,+32.270,+12.477,+0.983
1629863760,+3.50,+32.261,+12.326,+0.983
1629863820,+3.50,+32.252,+12.235,+0.983
1629863880,+3.50,+32.252,+12.128,+0.981
1629863940,+3.50,+32.252,+12.161,+0.983
1629864000,+3.50,+32.235,+12.104,+0.982
1629864060,+3.50,+32.226,+12.027,+0.982
1629864120,+3.50,+32.217,+11.971,+0.983
1629864180,+3.50,+32.217,+11.889,+0.983
1629864240,+3.50,+32.217,+11.788,+0.982
1629864300,+3.50,+32.200,+11.699,+0.983
1629864360,+3.50,+32.200,+11.544,+0.983
1629864420,+3.50,+32.182,+11.643,+0.982
1629864480,+3.50,+32.191,+11.576,+0.983
1629864540,+3.50,+32.165,+11.572,+0.984
1629864600,+3.50,+32.156,+11.514,+0.982
1629864660,+3.50,+32.147,+11.487,+0.981
1629864720,+3.50,+32.156,+11.415,+0.982
1629864780,+3.50,+32.147,+11.497,+0.983
1629864840,+3.50,+32.147,+11.545,+0.983
1629864900,+3.50,+32.139,+11.556,+0.983
1629864960,+3.50,+32.130,+11.578,+0.982
1629865020,+3.50,+32.112,+11.655,+0.984
1629865080,+3.50,+32.112,+11.652,+0.982
1629865140,+3.50,+32.121,+11.650,+0.983
1629865200,+3.50,+32.095,+11.539,+0.982
1629865260,+3.50,+32.060,+11.526,+0.982
1629865320,+3.50,+32.095,+11.466,+0.982
1629865380,+3.50,+32.068,+11.535,+0.982
1629865440,+3.50,+32.060,+11.528,+0.983
1629865500,+3.50,+32.060,+11.575,+0.982
1629865560,+3.50,+32.042,+11.553,+0.982
1629865620,+3.50,+32.033,+11.574,+0.982
1629865680,+3.50,+32.033,+11.476,+0.982
1629865740,+3.50,+32.051,+11.459,+0.984
1629865800,+3.49,+32.025,+11.461,+0.983
1629865860,+3.49,+32.016,+11.384,+0.983
1629865920,+3.49,+31.998,+11.404,+0.983
1629865980,+3.49,+32.007,+11.433,+0.983
1629866040,+3.49,+31.981,+11.401,+0.982
1629866100,+3.49,+31.981,+11.377,+0.984
1629866160,+3.49,+31.981,+11.346,+0.983
1629866220,+3.49,+31.981,+11.346,+0.983
1629866280,+3.49,+31.981,+11.306,+0.983
1629866340,+3.49,+31.963,+11.203,+0.982
1629866400,+3.49,+31.955,+11.223,+0.983
1629866460,+3.49,+31.946,+11.382,+0.983
1629866520,+3.49,+31.937,+11.482,+0.983
1629866580,+3.49,+31.937,+11.580,+0.983
1629866640,+3.49,+31.920,+11.669,+0.982
1629866700,+3.49,+31.911,+11.634,+0.983
1629866760,+3.49,+31.902,+11.659,+0.983
1629866820,+3.49,+31.902,+11.701,+0.985
1629866880,+3.49,+31.876,+11.715,+0.984
1629866940,+3.49,+31.894,+11.665,+0.983
1629867000,+3.49,+31.894,+11.674,+0.984
1629867060,+3.49,+31.859,+11.578,+0.984
1629867120,+3.49,+31.867,+11.595,+0.984
1629867180,+3.49,+31.850,+11.535,+0.983
1629867240,+3.49,+31.850,+11.517,+0.982
1629867300,+3.49,+31.859,+11.581,+0.983
1629867360,+3.49,+31.841,+11.572,+0.982
1629867420,+3.49,+31.824,+11.632,+0.984
1629867480,+3.49,+31.824,+11.671,+0.983
1629867540,+3.49,+31.824,+11.666,+0.983
1629867600,+3.49,+31.797,+11.592,+0.982
1629867660,+3.49,+31.806,+11.578,+0.984
1629867720,+3.49,+31.806,+11.598,+0.983
1629867780,+3.49,+31.789,+11.606,+0.984
1629867840,+3.49,+31.780,+11.598,+0.984
1629867900,+3.49,+31.780,+11.540,+0.985
1629867960,+3.49,+31.780,+11.512,+0.984
1629868020,+3.49,+31.771,+11.454,+0.983
1629868080,+3.49,+31.745,+11.413,+0.982
1629868140,+3.49,+31.762,+11.357,+0.984
1629868200,+3.49,+31.745,+11.284,+0.983
1629868260,+3.49,+31.728,+11.200,+0.984
1629868320,+3.49,+31.728,+11.211,+0.984
1629868380,+3.49,+31.728,+11.158,+0.984
1629868440,+3.49,+31.736,+11.052,+0.982
1629868500,+3.49,+31.719,+11.100,+0.982
1629868560,+3.49,+31.693,+11.125,+0.983
1629868620,+3.49,+31.701,+11.072,+0.983
1629868680,+3.49,+31.693,+11.077,+0.984
1629868740,+3.49,+31.675,+11.023,+0.983
1629868800,+3.49,+31.684,+10.928,+0.984
1629868860,+3.49,+31.675,+10.896,+0.983
1629868920,+3.49,+31.658,+10.912,+0.983
1629868980,+3.49,+31.675,+10.865,+0.983
1629869040,+3.49,+31.666,+10.867,+0.983
1629869100,+3.49,+31.658,+10.861,+0.983
1629869160,+3.49,+31.649,+10.780,+0.983
1629869220,+3.49,+31.640,+10.827,+0.984
1629869280,+3.49,+31.640,+10.824,+0.983
1629869340,+3.49,+31.623,+10.821,+0.984
1629869400,+3.49,+31.623,+10.795,+0.985
1629869460,+3.49,+31.623,+10.687,+0.984
1629869520,+3.49,+31.614,+10.647,+0.983
1629869580,+3.49,+31.614,+10.627,+0.983
1629869640,+3.49,+31.623,+10.574,+0.983
1629869700,+3.49,+31.597,+10.534,+0.983
1629869760,+3.49,+31.588,+10.505,+0.983
1629869820,+3.49,+31.570,+10.432,+0.983
1629869880,+3.49,+31.579,+10.297,+0.983
1629869940,+3.49,+31.553,+10.241,+0.984
1629870000,+3.49,+31.544,+10.264,+0.983
1629870060,+3.49,+31.553,+10.304,+0.983
1629870120,+3.49,+31.536,+10.295,+0.982
1629870180,+3.49,+31.544,+10.344,+0.984
1629870240,+3.49,+31.536,+10.310,+0.982
1629870300,+3.49,+31.536,+10.284,+0.983
1629870360,+3.49,+31.527,+10.253,+0.984
1629870420,+3.49,+31.509,+10.300,+0.983
1629870480,+3.49,+31.501,+10.351,+0.984
1629870540,+3.49,+31.492,+10.318,+0.984
1629870600,+3.49,+31.501,+10.263,+0.983
1629870660,+3.49,+31.492,+10.270,+0.984
1629870720,+3.49,+31.492,+10.235,+0.983
1629870780,+3.49,+31.457,+10.279,+0.984
1629870840,+3.49,+31.475,+10.314,+0.983
1629870900,+3.49,+31.466,+10.318,+0.982
1629870960,+3.49,+31.466,+10.346,+0.982
1629871020,+3.49,+31.466,+10.347,+0.984
1629871080,+3.49,+31.457,+10.290,+0.984
1629871140,+3.49,+31.448,+10.216,+0.984
1629871200,+3.49,+31.431,+10.245,+0.984
1629871260,+3.49,+31.422,+10.202,+0.982
1629871320,+3.49,+31.422,+10.185,+0.985
1629871380,+3.49,+31.414,+10.060,+0.983
1629871440,+3.49,+31.414,+10.035,+0.984
1629871500,+3.49,+31.422,+10.049,+0.985
1629871560,+3.49,+31.405,+10.024,+0.982
1629871620,+3.49,+31.414,+10.046,+0.984
1629871680,+3.49,+31.405,+10.023,+0.983
1629871740,+3.49,+31.396,+10.033,+0.983
1629871800,+3.49,+31.387,+10.018,+0.984
1629871860,+3.49,+31.396, +9.910,+0.983
1629871920,+3.49,+31.379, +9.876,+0.984
1629871980,+3.49,+31.370, +9.895,+0.984
1629872040,+3.49,+31.361, +9.827,+0.983
1629872100,+3.49,+31.344, +9.866,+0.984
1629872160,+3.49,+31.344, +9.809,+0.985
1629872220,+3.50,+31.326, +9.915,+0.983
1629872280,+3.49,+31.326, +9.973,+0.984
1629872340,+3.50,+31.318,+10.019,+0.984
1629872400,+3.50,+31.292,+10.015,+0.984
1629872460,+3.50,+31.309, +9.944,+0.983
1629872520,+3.50,+31.292, +9.927,+0.984
1629872580,+3.50,+31.300, +9.956,+0.985
1629872640,+3.50,+31.300, +9.887,+0.984
1629872700,+3.50,+31.274, +9.882,+0.983
1629872760,+3.50,+31.274, +9.785,+0.984
1629872820,+3.50,+31.266, +9.694,+0.984
1629872880,+3.50,+31.257, +9.667,+0.984
1629872940,+3.50,+31.257, +9.789,+0.983
1629873000,+3.50,+31.239, +9.904,+0.984
1629873060,+3.50,+31.239, +9.913,+0.984
1629873120,+3.50,+31.239, +9.901,+0.983
1629873180,+3.50,+31.231, +9.932,+0.983
1629873240,+3.50,+31.222, +9.895,+0.984
1629873300,+3.50,+31.231, +9.897,+0.983
1629873360,+3.50,+31.196, +9.942,+0.985
1629873420,+3.50,+31.213, +9.933,+0.984
1629873480,+3.50,+31.187, +9.882,+0.983
1629873540,+3.50,+31.205, +9.813,+0.985
1629873600,+3.50,+31.205, +9.659,+0.983
1629873660,+3.50,+31.196, +9.597,+0.983
1629873720,+3.50,+31.179, +9.575,+0.984
1629873780,+3.50,+31.179, +9.470,+0.983
1629873840,+3.50,+31.135, +9.471,+0.983
1629873900,+3.50,+31.152, +9.436,+0.983
1629873960,+3.50,+31.152, +9.501,+0.985
1629874020,+3.50,+31.135, +9.470,+0.984
1629874080,+3.50,+31.144, +9.414,+0.983
1629874140,+3.50,+31.152, +9.339,+0.985
1629874200,+3.50,+31.135, +9.345,+0.984
1629874260,+3.50,+31.135, +9.324,+0.983
1629874320,+3.50,+31.126, +9.256,+0.983
1629874380,+3.50,+31.118, +9.351,+0.984
1629874440,+3.50,+31.109, +9.337,+0.984
1629874500,+3.50,+31.100, +9.313,+0.983
1629874560,+3.50,+31.109, +9.286,+0.984
1629874620,+3.50,+31.109, +9.266,+0.984
1629874680,+3.50,+31.083, +9.171,+0.983
1629874740,+3.50,+31.100, +9.154,+0.984
1629874800,+3.50,+31.083, +9.246,+0.985
1629874860,+3.50,+31.083, +9.228,+0.983
1629874920,+3.50,+31.074, +9.354,+0.984
1629874980,+3.50,+31.074, +9.332,+0.984
1629875040,+3.50,+31.057, +9.265,+0.983
1629875100,+3.50,+31.057, +9.162,+0.983
1629875160,+3.50,+31.057, +9.149,+0.983
1629875220,+3.50,+31.039, +9.135,+0.983
1629875280,+3.50,+31.022, +9.153,+0.983
1629875340,+3.50,+31.057, +9.155,+0.983
1629875400,+3.50,+31.013, +9.169,+0.984
1629875460,+3.50,+31.022, +9.133,+0.984
1629875520,+3.50,+31.013, +9.058,+0.984
1629875580,+3.50,+31.031, +9.001,+0.984
1629875640,+3.50,+31.031, +9.037,+0.983
1629875700,+3.50,+31.005, +9.002,+0.984
1629875760,+3.50,+30.996, +9.041,+0.983
1629875820,+3.50,+31.005, +9.041,+0.983
1629875880,+3.50,+30.996, +9.029,+0.984
1629875940,+3.50,+30.970, +9.003,+0.984
1629876000,+3.50,+30.979, +8.941,+0.984
1629876060,+3.50,+30.970, +8.945,+0.984
1629876120,+3.50,+30.979, +8.932,+0.984
1629876180,+3.50,+30.961, +8.933,+0.984
1629876240,+3.50,+30.970, +8.867,+0.984
1629876300,+3.50,+30.953, +8.788,+0.983
1629876360,+3.50,+30.944, +8.701,+0.983
1629876420,+3.50,+30.953, +8.723,+0.984
1629876480,+3.50,+30.953, +8.675,+0.983
1629876540,+3.50,+30.953, +8.590,+0.984
1629876600,+3.50,+30.935, +8.468,+0.984
1629876660,+3.50,+30.935, +8.485,+0.984
1629876720,+3.50,+30.927, +8.517,+0.984
1629876780,+3.50,+30.927, +8.549,+0.984
1629876840,+3.50,+30.927, +8.527,+0.983
1629876900,+3.50,+30.900, +8.516,+0.984
1629876960,+3.49,+30.900, +8.419,+0.983
1629877020,+3.49,+30.900, +8.368,+0.983
1629877080,+3.49,+30.900, +8.376,+0.984
1629877140,+3.49,+30.909, +8.369,+0.983
1629877200,+3.49,+30.883, +8.336,+0.983
1629877260,+3.49,+30.883, +8.290,+0.983
1629877320,+3.49,+30.892, +8.346,+0.984
1629877380,+3.49,+30.874, +8.378,+0.984
1629877440,+3.49,+30.892, +8.384,+0.984
1629877500,+3.49,+30.866, +8.436,+0.984
1629877560,+3.49,+30.866, +8.433,+0.984
1629877620,+3.49,+30.857, +8.360,+0.984
1629877680,+3.49,+30.848, +8.280,+0.983
1629877740,+3.49,+30.857, +8.274,+0.984
1629877800,+3.49,+30.840, +8.143,+0.983
1629877860,+3.49,+30.857, +8.084,+0.984
1629877920,+3.49,+30.848, +8.060,+0.984
1629877980,+3.49,+30.840, +8.058,+0.984
1629878040,+3.49,+30.831, +8.024,+0.982
1629878100,+3.49,+30.822, +7.937,+0.983
1629878160,+3.49,+30.822, +7.848,+0.983
1629878220,+3.49,+30.822, +7.787,+0.983
1629878280,+3.49,+30.814, +7.737,+0.983
1629878340,+3.49,+30.814, +7.791,+0.984
1629878400,+3.49,+30.796, +7.811,+0.984
1629878460,+3.49,+30.796, +7.818,+0.983
1629878520,+3.49,+30.805, +7.845,+0.984
1629878580,+3.49,+30.788, +7.802,+0.983
1629878640,+3.49,+30.788, +7.790,+0.984
1629878700,+3.49,+30.779, +7.815,+0.984
1629878760,+3.49,+30.770, +7.820,+0.984
1629878820,+3.49,+30.744, +7.808,+0.983
1629878880,+3.49,+30.762, +7.755,+0.983
1629878940,+3.49,+30.770, +7.771,+0.984
1629879000,+3.49,+30.762, +7.783,+0.984
1629879060,+3.49,+30.744, +7.830,+0.984
1629879120,+3.49,+30.736, +7.806,+0.984
1629879180,+3.49,+30.727, +7.789,+0.983
1629879240,+3.49,+30.744, +7.781,+0.984
1629879300,+3.49,+30.744, +7.721,+0.984
1629879360,+3.49,+30.718, +7.554,+0.983
1629879420,+3.49,+30.727, +7.538,+0.983
1629879480,+3.49,+30.718, +7.560,+0.984
1629879540,+3.49,+30.718, +7.567,+0.984
1629879600,+3.49,+30.718, +7.535,+0.984
1629879660,+3.49,+30.710, +7.484,+0.983
1629879720,+3.49,+30.710, +7.419,+0.983
1629879780,+3.49,+30.692, +7.353,+0.984
1629879840,+3.49,+30.684, +7.315,+0.982
1629879900,+3.49,+30.701, +7.239,+0.983
1629879960,+3.49,+30.692, +7.204,+0.983
1629880020,+3.49,+30.692, +7.166,+0.983
1629880080,+3.49,+30.684, +7.230,+0.984
1629880140,+3.49,+30.675, +7.192,+0.983
1629880200,+3.49,+30.675, +7.175,+0.983
1629880260,+3.49,+30.675, +7.090,+0.983
1629880320,+3.49,+30.649, +7.062,+0.982
1629880380,+3.49,+30.666, +7.127,+0.983
1629880440,+3.49,+30.666, +7.071,+0.984
1629880500,+3.49,+30.666, +7.054,+0.984
1629880560,+3.49,+30.640, +7.089,+0.983
1629880620,+3.49,+30.640, +7.141,+0.984
1629880680,+3.49,+30.649, +7.176,+0.984
1629880740,+3.49,+30.649, +7.172,+0.983
1629880800,+3.49,+30.640, +7.194,+0.984
1629880860,+3.49,+30.632, +7.198,+0.983
1629880920,+3.49,+30.606, +7.244,+0.983
1629880980,+3.49,+30.597, +7.245,+0.983
1629881040,+3.49,+30.614, +7.194,+0.984
1629881100,+3.49,+30.614, +7.142,+0.984
1629881160,+3.49,+30.606, +7.049,+0.983
1629881220,+3.49,+30.614, +6.974,+0.984
1629881280,+3.49,+30.597, +6.996,+0.984
1629881340,+3.49,+30.606, +6.965,+0.984
1629881400,+3.49,+30.597, +6.869,+0.983
1629881460,+3.49,+30.588, +6.788,+0.984
1629881520,+3.49,+30.580, +6.661,+0.983
1629881580,+3.49,+30.588, +6.574,+0.984
1629881640,+3.49,+30.571, +6.508,+0.984
1629881700,+3.49,+30.580, +6.476,+0.983
1629881760,+3.49,+30.580, +6.414,+0.983
1629881820,+3.49,+30.571, +6.352,+0.983
1629881880,+3.49,+30.571, +6.336,+0.984
1629881940,+3.49,+30.562, +6.323,+0.984
1629882000,+3.49,+30.554, +6.335,+0.983
1629882060,+3.49,+30.571, +6.332,+0.984
1629882120,+3.49,+30.562, +6.329,+0.984
1629882180,+3.49,+30.545, +6.253,+0.984
1629882240,+3.49,+30.545, +6.210,+0.984
1629882300,+3.49,+30.536, +6.228,+0.984
1629882360,+3.49,+30.528, +6.234,+0.984
1629882420,+3.49,+30.536, +6.215,+0.983
1629882480,+3.49,+30.528, +6.169,+0.984
1629882540,+3.49,+30.519, +6.128,+0.984
1629882600,+3.49,+30.502, +6.223,+0.984
1629882660,+3.49,+30.493, +6.240,+0.984
1629882720,+3.49,+30.502, +6.213,+0.984
1629882780,+3.49,+30.493, +6.117,+0.984
1629882840,+3.49,+30.502, +6.149,+0.984
1629882900,+3.49,+30.502, +6.104,+0.984
1629882960,+3.49,+30.493, +6.057,+0.984
1629883020,+3.49,+30.510, +6.030,+0.984
1629883080,+3.49,+30.493, +5.956,+0.984
1629883140,+3.49,+30.484, +5.844,+0.984
1629883200,+3.49,+30.476, +5.771,+0.984
1629883260,+3.49,+30.476, +5.722,+0.984
1629883320,+3.49,+30.484, +5.727,+0.984
1629883380,+3.49,+30.476, +5.702,+0.984
1629883440,+3.49,+30.476, +5.671,+0.984
1629883500,+3.49,+30.458, +5.631,+0.984
1629883560,+3.49,+30.467, +5.621,+0.984
1629883620,+3.49,+30.476, +5.636,+0.984
1629883680,+3.49,+30.458, +5.678,+0.984
1629883740,+3.49,+30.441, +5.643,+0.983
1629883800,+3.49,+30.450, +5.575,+0.983
1629883860,+3.49,+30.441, +5.532,+0.983
1629883920,+3.49,+30.441, +5.583,+0.984
1629883980,+3.49,+30.450, +5.623,+0.984
1629884040,+3.49,+30.424, +5.623,+0.984
1629884100,+3.49,+30.424, +5.596,+0.984
1629884160,+3.49,+30.415, +5.570,+0.984
1629884220,+3.49,+30.415, +5.517,+0.984
1629884280,+3.49,+30.415, +5.487,+0.984
1629884340,+3.49,+30.415, +5.547,+0.984
1629884400,+3.49,+30.424, +5.493,+0.984
1629884460,+3.49,+30.398, +5.442,+0.984
1629884520,+3.49,+30.406, +5.404,+0.984
1629884580,+3.49,+30.415, +5.382,+0.984
1629884640,+3.49,+30.398, +5.374,+0.984
1629884700,+3.49,+30.389, +5.189,+0.984
1629884760,+3.49,+30.389, +5.148,+0.984
1629884820,+3.49,+30.372, +5.121,+0.984
1629884880,+3.49,+30.380, +5.060,+0.984
1629884940,+3.49,+30.380, +5.025,+0.984
1629885000,+3.49,+30.398, +5.087,+0.984
1629885060,+3.49,+30.372, +5.183,+0.985
1629885120,+3.49,+30.380, +5.160,+0.985
1629885180,+3.49,+30.380, +5.048,+0.984
1629885240,+3.49,+30.372, +5.034,+0.984
1629885300,+3.49,+30.363, +5.013,+0.984
1629885360,+3.49,+30.372, +4.988,+0.984
1629885420,+3.49,+30.363, +4.972,+0.984
1629885480,+3.49,+30.337, +4.878,+0.984
1629885540,+3.49,+30.372, +4.763,+0.984
1629885600,+3.49,+30.346, +4.699,+0.985
1629885660,+3.49,+30.346, +4.658,+0.984
1629885720,+3.49,+30.355, +4.669,+0.984
1629885780,+3.49,+30.337, +4.789,+0.984
1629885840,+3.49,+30.329, +4.879,+0.984
1629885900,+3.49,+30.337, +4.862,+0.984
1629885960,+3.49,+30.329, +4.785,+0.984
1629886020,+3.49,+30.337, +4.714,+0.984
1629886080,+3.49,+30.320, +4.754,+0.984
1629886140,+3.49,+30.311, +4.769,+0.985
1629886200,+3.49,+30.303, +4.746,+0.984
1629886260,+3.49,+30.311, +4.638,+0.984
1629886320,+3.49,+30.294, +4.554,+0.984
1629886380,+3.49,+30.311, +4.488,+0.984
1629886440,+3.49,+30.303, +4.483,+0.985
1629886500,+3.49,+30.303, +4.495,+0.984
1629886560,+3.49,+30.294, +4.496,+0.984
1629886620,+3.49,+30.320, +4.515,+0.984
1629886680,+3.49,+30.294, +4.570,+0.984
1629886740,+3.49,+30.277, +4.545,+0.984
1629886800,+3.49,+30.294, +4.470,+0.984
1629886860,+3.49,+30.285, +4.412,+0.985
1629886920,+3.49,+30.277, +4.354,+0.984
1629886980,+3.49,+30.268, +4.315,+0.984
1629887040,+3.49,+30.268, +4.300,+0.984
1629887100,+3.49,+30.277, +4.223,+0.984
1629887160,+3.49,+30.268, +4.221,+0.985
1629887220,+3.49,+30.259, +4.047,+0.984
1629887280,+3.49,+30.259, +4.001,+0.984
1629887340,+3.49,+30.259, +4.078,+0.984
1629887400,+3.49,+30.259, +4.140,+0.985
1629887460,+3.49,+30.251, +4.151,+0.984
1629887520,+3.49,+30.251, +4.108,+0.985
1629887580,+3.49,+30.251, +4.131,+0.984
1629887640,+3.49,+30.242, +4.111,+0.984
1629887700,+3.49,+30.234, +4.051,+0.984
1629887760,+3.49,+30.251, +3.975,+0.985
1629887820,+3.49,+30.225, +3.965,+0.985
1629887880,+3.49,+30.242, +3.997,+0.985
1629887940,+3.49,+30.216, +3.968,+0.985
1629888000,+3.49,+30.216, +3.852,+0.985
1629888060,+3.49,+30.208, +3.820,+0.984
1629888120,+3.49,+30.190, +3.778,+0.985
1629888180,+3.49,+30.190, +3.802,+0.985
1629888240,+3.49,+30.199, +3.781,+0.985
1629888300,+3.49,+30.208, +3.788,+0.985
1629888360,+3.49,+30.190, +3.770,+0.985
1629888420,+3.49,+30.190, +3.766,+0.985
1629888480,+3.49,+30.199, +3.707,+0.985
1629888540,+3.49,+30.182, +3.543,+0.985
1629888600,+3.49,+30.173, +3.394,+0.985
1629888660,+3.49,+30.173, +3.410,+0.985
1629888720,+3.49,+30.182, +3.414,+0.985
1629888780,+3.49,+30.182, +3.335,+0.985
1629888840,+3.49,+30.164, +3.294,+0.985
1629888900,+3.49,+30.164, +3.282,+0.985
1629888960,+3.49,+30.164, +3.301,+0.986
1629889020,+3.49,+30.156, +3.303,+0.985
1629889080,+3.49,+30.164, +3.293,+0.985
1629889140,+3.49,+30.164, +3.264,+0.986
1629889200,+3.49,+30.147, +3.245,+0.986
1629889260,+3.49,+30.156, +3.275,+0.986
1629889320,+3.49,+30.147, +3.369,+0.986
1629889380,+3.49,+30.147, +3.397,+0.986
1629889440,+3.49,+30.121, +3.345,+0.985
1629889500,+3.49,+30.121, +3.346,+0.985
1629889560,+3.49,+30.121, +3.325,+0.986
1629889620,+3.49,+30.113, +3.277,+0.985
1629889680,+3.49,+30.121, +3.281,+0.986
1629889740,+3.49,+30.095, +3.309,+0.985
1629889800,+3.49,+30.095, +3.292,+0.986
1629889860,+3.49,+30.095, +3.206,+0.985
1629889920,+3.49,+30.113, +3.131,+0.986
1629889980,+3.49,+30.104, +3.086,+0.986
1629890040,+3.49,+30.095, +3.115,+0.986
1629890100,+3.49,+30.095, +3.066,+0.986
1629890160,+3.49,+30.095, +3.141,+0.986
1629890220,+3.49,+30.069, +3.166,+0.986
1629890280,+3.49,+30.052, +3.167,+0.986
1629890340,+3.49,+30.069, +3.110,+0.985
1629890400,+3.49,+30.069, +3.033,+0.986
1629890460,+3.49,+30.052, +2.902,+0.986
1629890520,+3.49,+30.069, +2.803,+0.986
1629890580,+3.49,+30.087, +2.815,+0.986
1629890640,+3.49,+30.069, +2.784,+0.986
1629890700,+3.49,+30.052, +2.661,+0.986
1629890760,+3.49,+30.078, +2.572,+0.986
1629890820,+3.49,+30.061, +2.519,+0.986
1629890880,+3.49,+30.069, +2.449,+0.986
1629890940,+3.49,+30.061, +2.418,+0.986
1629891000,+3.49,+30.052, +2.431,+0.986
1629891060,+3.49,+30.052, +2.426,+0.987
1629891120,+3.49,+30.026, +2.396,+0.987
1629891180,+3.49,+30.035, +2.378,+0.986
1629891240,+3.49,+30.043, +2.359,+0.986
1629891300,+3.49,+30.043, +2.318,+0.986
1629891360,+3.49,+30.035, +2.319,+0.986
1629891420,+3.49,+30.026, +2.278,+0.986
1629891480,+3.49,+30.035, +2.287,+0.987
1629891540,+3.49,+30.035, +2.226,+0.986
1629891600,+3.49,+30.026, +2.281,+0.986
1629891660,+3.49,+30.018, +2.478,+0.986
1629891720,+3.49,+30.009, +2.491,+0.986
1629891780,+3.49,+30.009, +2.434,+0.987
1629891840,+3.49,+30.009, +2.428,+0.986
1629891900,+3.49,+30.009, +2.412,+0.986
1629891960,+3.49,+30.009, +2.335,+0.986
1629892020,+3.49,+30.009, +2.323,+0.986
1629892080,+3.49,+29.983, +2.350,+0.987
1629892140,+3.49,+29.992, +2.362,+0.986
1629892200,+3.49,+29.983, +2.298,+0.987
1629892260,+3.49,+29.974, +2.241,+0.987
1629892320,+3.49,+29.974, +2.235,+0.987
1629892380,+3.49,+29.966, +2.308,+0.987
1629892440,+3.49,+29.949, +2.235,+0.986
1629892500,+3.49,+29.957, +2.206,+0.987
1629892560,+3.49,+29.940, +2.162,+0.987
1629892620,+3.49,+29.940, +2.131,+0.987
1629892680,+3.49,+29.957, +2.067,+0.987
1629892740,+3.49,+29.957, +2.070,+0.987
1629892800,+3.49,+29.957, +2.072,+0.987
1629892860,+3.49,+29.940, +2.025,+0.987
1629892920,+3.49,+29.940, +1.944,+0.986
1629892980,+3.49,+29.931, +1.939,+0.986
1629893040,+3.49,+29.949, +1.958,+0.986
1629893100,+3.49,+29.931, +1.888,+0.986
1629893160,+3.49,+29.923, +1.884,+0.987
1629893220,+3.49,+29.949, +1.794,+0.986
1629893280,+3.49,+29.923, +1.770,+0.986
1629893340,+3.49,+29.914, +1.781,+0.986
1629893400,+3.49,+29.905, +1.804,+0.986
1629893460,+3.49,+29.914, +1.853,+0.986
1629893520,+3.49,+29.905, +1.857,+0.986
1629893580,+3.49,+29.923, +1.950,+0.987
1629893640,+3.49,+29.914, +2.019,+0.987
1629893700,+3.49,+29.888, +2.003,+0.987
1629893760,+3.49,+29.905, +1.951,+0.986
1629893820,+3.49,+29.897, +1.857,+0.986
1629893880,+3.49,+29.888, +1.843,+0.986
1629893940,+3.49,+29.888, +1.826,+0.986
1629894000,+3.49,+29.880, +1.837,+0.986
1629894060,+3.49,+29.888, +1.819,+0.986
1629894120,+3.49,+29.880, +1.819,+0.986
1629894180,+3.49,+29.897, +1.807,+0.986
1629894240,+3.49,+29.871, +1.743,+0.986
1629894300,+3.49,+29.871, +1.687,+0.986
1629894360,+3.49,+29.871, +1.679,+0.986
1629894420,+3.49,+29.871, +1.658,+0.986
1629894480,+3.49,+29.880, +1.658,+0.986
1629894540,+3.49,+29.862, +1.674,+0.986
1629894600,+3.49,+29.871, +1.654,+0.986
1629894660,+3.49,+29.862, +1.616,+0.985
1629894720,+3.49,+29.862, +1.575,+0.986
1629894780,+3.49,+29.862, +1.552,+0.986
1629894840,+3.49,+29.862, +1.547,+0.986
1629894900,+3.49,+29.871, +1.537,+0.986
1629894960,+3.49,+29.845, +1.694,+0.987
1629895020,+3.49,+29.854, +1.663,+0.987
1629895080,+3.49,+29.871, +1.638,+0.987
1629895140,+3.49,+29.854, +1.563,+0.986
1629895200,+3.49,+29.854, +1.500,+0.986
1629895260,+3.49,+29.845, +1.478,+0.986
1629895320,+3.49,+29.845, +1.396,+0.985
1629895380,+3.49,+29.845, +1.375,+0.986
1629895440,+3.49,+29.845, +1.379,+0.986
1629895500,+3.49,+29.836, +1.368,+0.986
1629895560,+3.49,+29.836, +1.307,+0.985
1629895620,+3.49,+29.828, +1.235,+0.985
1629895680,+3.49,+29.845, +1.170,+0.985
1629895740,+3.49,+29.836, +1.139,+0.985
1629895800,+3.49,+29.836, +1.236,+0.985
1629895860,+3.49,+29.845, +1.222,+0.985
1629895920,+3.49,+29.836, +1.160,+0.985
1629895980,+3.49,+29.836, +1.139,+0.985
1629896040,+3.49,+29.828, +1.116,+0.985
1629896100,+3.49,+29.819, +1.107,+0.985
1629896160,+3.49,+29.828, +1.112,+0.985
1629896220,+3.49,+29.828, +1.122,+0.985
1629896280,+3.49,+29.828, +1.101,+0.985
1629896340,+3.49,+29.845, +1.040,+0.984
1629896400,+3.49,+29.836, +0.991,+0.984
1629896460,+3.49,+29.819, +1.013,+0.985
1629896520,+3.49,+29.854, +1.039,+0.984
1629896580,+3.49,+29.854, +1.030,+0.984
1629896640,+3.49,+29.845, +1.024,+0.984
1629896700,+3.49,+29.836, +0.989,+0.984
1629896760,+3.49,+29.845, +0.969,+0.984
1629896820,+3.49,+29.836, +0.991,+0.984
1629896880,+3.49,+29.828, +1.019,+0.984
1629896940,+3.49,+29.836, +1.030,+0.984
1629897000,+3.49,+29.836, +0.977,+0.984
1629897060,+3.49,+29.836, +0.942,+0.984
1629897120,+3.49,+29.836, +0.927,+0.983
1629897180,+3.49,+29.854, +0.945,+0.984
1629897240,+3.49,+29.836, +0.932,+0.984
1629897300,+3.49,+29.828, +0.949,+0.984
1629897360,+3.49,+29.836, +0.932,+0.983
1629897420,+3.49,+29.836, +0.953,+0.984
1629897480,+3.49,+29.836, +0.976,+0.984
1629897540,+3.49,+29.836, +0.970,+0.984
1629897600,+3.49,+29.828, +0.884,+0.983
1629897660,+3.49,+29.854, +0.765,+0.982
1629897720,+3.49,+29.836, +0.684,+0.981
1629897780,+3.49,+29.854, +0.629,+0.980
1629897840,+3.49,+29.828, +0.623,+0.980
1629897900,+3.49,+29.854, +0.581,+0.980
1629897960,+3.49,+29.845, +0.524,+0.979
1629898020,+3.49,+29.845, +0.536,+0.979
1629898080,+3.49,+29.836, +0.576,+0.980
1629898140,+3.49,+29.854, +0.600,+0.980
1629898200,+3.49,+29.836, +0.631,+0.980
1629898260,+3.49,+29.845, +0.651,+0.981
1629898320,+3.49,+29.845, +0.663,+0.981
1629898380,+3.49,+29.845, +0.655,+0.981
1629898440,+3.49,+29.854, +0.649,+0.981
1629898500,+3.49,+29.845, +0.730,+0.982
1629898560,+3.49,+29.871, +0.753,+0.982
1629898620,+3.49,+29.845, +0.746,+0.982
1629898680,+3.49,+29.845, +0.757,+0.982
1629898740,+3.49,+29.854, +0.773,+0.982
1629898800,+3.49,+29.862, +0.741,+0.982
1629898860,+3.49,+29.862, +0.753,+0.982
1629898920,+3.49,+29.862, +0.788,+0.982
1629898980,+3.49,+29.871, +0.891,+0.983
1629899040,+3.49,+29.880, +0.965,+0.983
1629899100,+3.49,+29.862, +0.989,+0.984
1629899160,+3.49,+29.880, +1.001,+0.984
1629899220,+3.49,+29.888, +0.990,+0.983
1629899280,+3.49,+29.880, +1.004,+0.983
1629899340,+3.49,+29.880, +0.999,+0.984
1629899400,+3.49,+29.862, +1.004,+0.984
1629899460,+3.49,+29.880, +0.996,+0.984
1629899520,+3.49,+29.880, +0.981,+0.983
1629899580,+3.49,+29.880, +1.037,+0.983
1629899640,+3.49,+29.871, +1.071,+0.984
1629899700,+3.49,+29.862, +1.120,+0.984
1629899760,+3.49,+29.880, +1.192,+0.985
1629899820,+3.49,+29.888, +1.269,+0.985
1629899880,+3.49,+29.862, +1.239,+0.985
1629899940,+3.49,+29.871, +1.268,+0.985
1629900000,+3.49,+29.862, +1.261,+0.985
1629900060,+3.49,+29.871, +1.292,+0.985
1629900120,+3.49,+29.862, +1.308,+0.986
1629900180,+3.49,+29.880, +1.287,+0.986
1629900240,+3.49,+29.871, +1.283,+0.986
1629900300,+3.49,+29.862, +1.296,+0.986
1629900360,+3.49,+29.888, +1.358,+0.985
1629900420,+3.49,+29.871, +1.408,+0.986
1629900480,+3.49,+29.871, +1.362,+0.986
1629900540,+3.49,+29.880, +1.435,+0.986
1629900600,+3.49,+29.880, +1.437,+0.986
1629900660,+3.49,+29.888, +1.551,+0.986
1629900720,+3.49,+29.888, +1.577,+0.986
1629900780,+3.49,+29.888, +1.558,+0.986
1629900840,+3.49,+29.888, +1.569,+0.986
1629900900,+3.49,+29.880, +1.584,+0.986
1629900960,+3.49,+29.871, +1.678,+0.986
1629901020,+3.49,+29.854, +1.921,+0.987
1629901080,+3.49,+29.871, +1.864,+0.987
1629901140,+3.49,+29.880, +1.743,+0.986
1629901200,+3.49,+29.897, +1.650,+0.986
1629901260,+3.49,+29.880, +1.634,+0.986
1629901320,+3.49,+29.880, +1.559,+0.986
1629901380,+3.49,+29.897, +1.548,+0.986
1629901440,+3.49,+29.871, +1.664,+0.986
1629901500,+3.49,+29.905, +1.695,+0.986
1629901560,+3.49,+29.905, +1.625,+0.986
1629901620,+3.49,+29.880, +1.592,+0.986
1629901680,+3.49,+29.905, +1.580,+0.986
1629901740,+3.49,+29.914, +1.567,+0.986
1629901800,+3.49,+29.931, +1.590,+0.986
1629901860,+3.49,+29.905, +1.602,+0.986
1629901920,+3.49,+29.923, +1.602,+0.986
1629901980,+3.49,+29.931, +1.656,+0.986
1629902040,+3.49,+29.940, +1.697,+0.986
1629902100,+3.49,+29.949, +1.730,+0.986
1629902160,+3.49,+29.949, +1.757,+0.985
1629902220,+3.49,+29.966, +1.736,+0.985
1629902280,+3.49,+29.974, +1.744,+0.985
1629902340,+3.49,+29.974, +1.797,+0.985
1629902400,+3.49,+29.957, +1.860,+0.986
1629902460,+3.49,+29.957, +1.922,+0.986
1629902520,+3.49,+29.949, +2.044,+0.986
1629902580,+3.49,+29.983, +2.055,+0.986
1629902640,+3.49,+30.000, +2.055,+0.985
1629902700,+3.49,+29.966, +2.060,+0.985
1629902760,+3.49,+29.966, +2.019,+0.985
1629902820,+3.49,+29.966, +2.027,+0.986
1629902880,+3.49,+29.957, +1.962,+0.986
1629902940,+3.49,+29.983, +1.925,+0.985
1629903000,+3.49,+29.983, +1.949,+0.985
1629903060,+3.49,+29.983, +2.021,+0.985
1629903120,+3.49,+30.009, +2.026,+0.985
1629903180,+3.49,+29.992, +2.046,+0.985
1629903240,+3.49,+30.009, +2.170,+0.986
1629903300,+3.49,+30.018, +2.205,+0.986
1629903360,+3.49,+30.026, +2.202,+0.986
1629903420,+3.49,+30.018, +2.202,+0.986
1629903480,+3.49,+30.026, +2.155,+0.986
1629903540,+3.49,+30.052, +2.174,+0.985
1629903600,+3.49,+30.043, +2.253,+0.986
1629903660,+3.49,+30.069, +2.205,+0.985
1629903720,+3.49,+30.061, +2.273,+0.985
1629903780,+3.49,+30.061, +2.479,+0.986
1629903840,+3.49,+30.069, +2.432,+0.986
1629903900,+3.49,+30.069, +2.349,+0.986
1629903960,+3.49,+30.078, +2.261,+0.985
1629904020,+3.49,+30.078, +2.236,+0.986
1629904080,+3.49,+30.087, +2.269,+0.985
1629904140,+3.49,+30.095, +2.253,+0.986
1629904200,+3.49,+30.095, +2.622,+0.985
1629904260,+3.49,+30.104, +2.657,+0.986
1629904320,+3.49,+30.095, +2.616,+0.985
1629904380,+3.49,+30.095, +2.595,+0.985
1629904440,+3.49,+30.130, +2.557,+0.985
1629904500,+3.49,+30.121, +2.661,+0.985
1629904560,+3.49,+30.147, +2.730,+0.985
1629904620,+3.49,+30.130, +3.000,+0.985
1629904680,+3.49,+30.147, +2.983,+0.985
1629904740,+3.49,+30.147, +2.908,+0.985
1629904800,+3.49,+30.156, +2.746,+0.985
1629904860,+3.49,+30.138, +2.920,+0.984
1629904920,+3.49,+30.138, +2.908,+0.985
1629904980,+3.49,+30.156, +2.881,+0.985
1629905040,+3.49,+30.164, +2.896,+0.985
1629905100,+3.49,+30.164, +2.971,+0.985
1629905160,+3.49,+30.164, +3.025,+0.985
1629905220,+3.49,+30.164, +3.028,+0.985
1629905280,+3.49,+30.164, +3.120,+0.985
1629905340,+3.49,+30.164, +3.193,+0.985
1629905400,+3.49,+30.173, +3.084,+0.985
1629905460,+3.49,+30.164, +2.976,+0.985
1629905520,+3.49,+30.199, +2.973,+0.985
1629905580,+3.49,+30.190, +3.074,+0.985
1629905640,+3.49,+30.164, +3.177,+0.985
1629905700,+3.49,+30.182, +3.058,+0.984
1629905760,+3.49,+30.182, +2.992,+0.985
1629905820,+3.49,+30.199, +2.965,+0.985
1629905880,+3.49,+30.182, +3.040,+0.985
1629905940,+3.49,+30.216, +3.039,+0.984
1629906000,+3.49,+30.242, +3.102,+0.984
1629906060,+3.49,+30.234, +3.133,+0.984
1629906120,+3.49,+30.234, +3.072,+0.984
1629906180,+3.49,+30.251, +3.107,+0.984
1629906240,+3.49,+30.216, +3.141,+0.984
1629906300,+3.49,+30.242, +3.242,+0.984
1629906360,+3.49,+30.251, +3.217,+0.984
1629906420,+3.49,+30.259, +3.219,+0.985
1629906480,+3.49,+30.259, +3.222,+0.984
1629906540,+3.49,+30.259, +3.405,+0.985
1629906600,+3.49,+30.277, +3.424,+0.984
1629906660,+3.49,+30.277, +3.433,+0.984
1629906720,+3.49,+30.285, +3.411,+0.984
1629906780,+3.49,+30.294, +3.385,+0.984
1629906840,+3.49,+30.294, +3.358,+0.984
1629906900,+3.49,+30.311, +3.299,+0.984
1629906960,+3.49,+30.337, +3.341,+0.984
1629907020,+3.49,+30.311, +3.364,+0.984
1629907080,+3.49,+30.311, +3.378,+0.984
1629907140,+3.49,+30.320, +3.502,+0.985
1629907200,+3.49,+30.337, +3.553,+0.984
1629907260,+3.49,+30.363, +3.788,+0.984
1629907320,+3.49,+30.372, +3.791,+0.983
1629907380,+3.49,+30.380, +3.749,+0.984
1629907440,+3.49,+30.355, +3.633,+0.984
1629907500,+3.49,+30.363, +3.822,+0.984
1629907560,+3.49,+30.372, +3.832,+0.984
1629907620,+3.49,+30.355, +3.949,+0.984
1629907680,+3.49,+30.372, +4.051,+0.984
1629907740,+3.49,+30.372, +4.047,+0.984
1629907800,+3.49,+30.372, +4.135,+0.984
1629907860,+3.49,+30.389, +4.097,+0.983
1629907920,+3.49,+30.389, +3.922,+0.984
1629907980,+3.49,+30.415, +3.781,+0.983
1629908040,+3.49,+30.415, +3.872,+0.983
1629908100,+3.49,+30.424, +3.851,+0.984
1629908160,+3.49,+30.432, +3.813,+0.984
1629908220,+3.49,+30.450, +3.903,+0.983
1629908280,+3.49,+30.432, +3.945,+0.983
1629908340,+3.49,+30.476, +3.963,+0.983
1629908400,+3.49,+30.467, +3.994,+0.983
1629908460,+3.49,+30.493, +3.980,+0.983
1629908520,+3.49,+30.502, +3.948,+0.983
1629908580,+3.49,+30.493, +4.016,+0.983
1629908640,+3.49,+30.450, +4.131,+0.983
1629908700,+3.49,+30.476, +4.357,+0.983
1629908760,+3.49,+30.484, +4.136,+0.983
1629908820,+3.49,+30.484, +4.242,+0.983
1629908880,+3.49,+30.510, +4.175,+0.983
1629908940,+3.49,+30.510, +4.074,+0.983
1629909000,+3.49,+30.502, +4.121,+0.983
1629909060,+3.49,+30.545, +4.330,+0.983
1629909120,+3.49,+30.545, +4.456,+0.982
1629909180,+3.49,+30.545, +4.436,+0.982
1629909240,+3.49,+30.536, +4.267,+0.983
1629909300,+3.49,+30.528, +4.253,+0.983
1629909360,+3.49,+30.519, +4.497,+0.983
1629909420,+3.49,+30.528, +4.575,+0.983
1629909480,+3.49,+30.554, +4.437,+0.982
1629909540,+3.49,+30.554, +4.389,+0.983
1629909600,+3.49,+30.562, +4.486,+0.983
1629909660,+3.49,+30.545, +4.360,+0.982
1629909720,+3.49,+30.571, +4.370,+0.983
1629909780,+3.49,+30.562, +4.243,+0.982
1629909840,+3.49,+30.571, +4.190,+0.982
1629909900,+3.49,+30.597, +4.250,+0.982
1629909960,+3.49,+30.606, +4.350,+0.983
1629910020,+3.49,+30.640, +4.454,+0.983
1629910080,+3.49,+30.658, +4.506,+0.982
1629910140,+3.49,+30.640, +4.555,+0.983
1629910200,+3.49,+30.632, +4.592,+0.983
1629910260,+3.49,+30.614, +4.776,+0.983
1629910320,+3.49,+30.632, +4.867,+0.982
1629910380,+3.49,+30.658, +4.798,+0.982
1629910440,+3.49,+30.640, +4.684,+0.983
1629910500,+3.49,+30.649, +4.665,+0.983
1629910560,+3.49,+30.666, +4.652,+0.983
1629910620,+3.49,+30.658, +4.708,+0.982
1629910680,+3.49,+30.666, +4.777,+0.982
1629910740,+3.48,+30.710, +4.858,+0.982
1629910800,+3.49,+30.727, +4.930,+0.982
1629910860,+3.49,+30.718, +5.097,+0.981
1629910920,+3.48,+30.718, +5.240,+0.983
1629910980,+3.49,+30.692, +5.450,+0.982
1629911040,+3.48,+30.736, +5.628,+0.982
1629911100,+3.48,+30.727, +5.518,+0.982
1629911160,+3.48,+30.762, +5.568,+0.982
1629911220,+3.48,+30.762, +5.597,+0.982
1629911280,+3.48,+30.753, +5.584,+0.983
1629911340,+3.48,+30.779, +5.851,+0.982
1629911400,+3.49,+30.796, +5.881,+0.981
1629911460,+3.48,+30.796, +5.819,+0.981
1629911520,+3.48,+30.831, +5.680,+0.982
1629911580,+3.48,+30.840, +5.720,+0.982
1629911640,+3.49,+30.840, +5.731,+0.982
1629911700,+3.49,+30.840, +5.693,+0.982
1629911760,+3.48,+30.822, +5.634,+0.981
1629911820,+3.48,+30.831, +5.624,+0.982
1629911880,+3.49,+30.814, +5.590,+0.982
1629911940,+3.48,+30.788, +5.516,+0.982
1629912000,+3.49,+30.779, +5.451,+0.981
1629912060,+3.49,+30.744, +5.606,+0.982
1629912120,+3.48,+30.753, +5.563,+0.982
1629912180,+3.49,+30.753, +5.503,+0.982
1629912240,+3.48,+30.744, +5.778,+0.982
1629912300,+3.49,+30.744, +5.796,+0.982
1629912360,+3.49,+30.727, +5.610,+0.982
1629912420,+3.48,+30.762, +5.484,+0.983
1629912480,+3.48,+30.770, +5.685,+0.982
1629912540,+3.49,+30.779, +5.689,+0.982
1629912600,+3.48,+30.814, +5.622,+0.982
1629912660,+3.49,+30.840, +5.567,+0.981
1629912720,+3.49,+30.874, +5.620,+0.982
1629912780,+3.49,+30.892, +5.759,+0.982
1629912840,+3.49,+30.883, +6.129,+0.982
1629912900,+3.49,+30.909, +6.283,+0.982
1629912960,+3.49,+30.953, +6.611,+0.982
1629913020,+3.49,+30.979, +6.885,+0.982
1629913080,+3.49,+30.970, +6.839,+0.982
1629913140,+3.49,+30.979, +6.630,+0.981
1629913200,+3.49,+30.961, +6.428,+0.981
1629913260,+3.49,+30.944, +6.418,+0.982
1629913320,+3.49,+30.970, +6.453,+0.981
1629913380,+3.49,+31.013, +6.451,+0.981
1629913440,+3.49,+31.048, +6.480,+0.981
1629913500,+3.49,+31.074, +6.763,+0.981
1629913560,+3.49,+31.109, +7.084,+0.981
1629913620,+3.49,+31.135, +7.237,+0.982
1629913680,+3.49,+31.118, +7.273,+0.981
1629913740,+3.49,+31.126, +7.354,+0.981
1629913800,+3.49,+31.118, +7.365,+0.981
1629913860,+3.49,+31.135, +7.434,+0.981
1629913920,+3.49,+31.179, +7.514,+0.981
1629913980,+3.49,+31.161, +7.572,+0.980
1629914040,+3.49,+31.187, +7.595,+0.981
1629914100,+3.49,+31.205, +7.468,+0.981
1629914160,+3.49,+31.196, +7.551,+0.981
1629914220,+3.49,+31.187, +7.482,+0.982
1629914280,+3.49,+31.187, +7.504,+0.980
1629914340,+3.49,+31.170, +7.625,+0.981
1629914400,+3.49,+31.196, +7.700,+0.981
1629914460,+3.49,+31.161, +7.678,+0.981
1629914520,+3.49,+31.161, +7.462,+0.982
1629914580,+3.49,+31.152, +7.385,+0.982
1629914640,+3.49,+31.205, +7.766,+0.981
1629914700,+3.49,+31.222, +8.091,+0.981
1629914760,+3.49,+31.213, +8.047,+0.981
1629914820,+3.49,+31.179, +7.803,+0.981
1629914880,+3.49,+31.170, +7.632,+0.980
1629914940,+3.49,+31.152, +7.741,+0.981
1629915000,+3.49,+31.196, +7.900,+0.981
1629915060,+3.49,+31.222, +7.903,+0.981
1629915120,+3.49,+31.196, +7.780,+0.981
1629915180,+3.49,+31.196, +7.565,+0.982
1629915240,+3.49,+31.170, +7.390,+0.981
1629915300,+3.49,+31.170, +7.308,+0.981
1629915360,+3.49,+31.161, +7.366,+0.982
1629915420,+3.49,+31.187, +7.298,+0.981
1629915480,+3.49,+31.179, +7.280,+0.982
1629915540,+3.49,+31.187, +7.282,+0.982
1629915600,+3.49,+31.231, +7.297,+0.981
1629915660,+3.49,+31.266, +7.946,+0.981
1629915720,+3.49,+31.335, +8.269,+0.981
1629915780,+3.49,+31.396, +8.371,+0.981
1629915840,+3.49,+31.431, +8.437,+0.981
1629915900,+3.49,+31.448, +8.348,+0.982
1629915960,+3.49,+31.475, +8.315,+0.981
1629916020,+3.49,+31.518, +8.595,+0.982
1629916080,+3.49,+31.544, +8.713,+0.981
1629916140,+3.49,+31.579, +8.814,+0.981
1629916200,+3.49,+31.570, +8.929,+0.981
1629916260,+3.49,+31.588, +8.914,+0.981
1629916320,+3.49,+31.570, +9.114,+0.980
1629916380,+3.49,+31.544, +9.129,+0.980
1629916440,+3.49,+31.553, +9.111,+0.980
1629916500,+3.49,+31.579, +9.125,+0.981
1629916560,+3.49,+31.588, +9.111,+0.982
1629916620,+3.49,+31.562, +9.000,+0.981
1629916680,+3.49,+31.553, +8.918,+0.980
1629916740,+3.49,+31.570, +8.959,+0.981
1629916800,+3.49,+31.527, +9.042,+0.981
1629916860,+3.49,+31.492, +9.006,+0.982
1629916920,+3.49,+31.509, +9.011,+0.982
1629916980,+3.49,+31.509, +9.247,+0.982
1629917040,+3.49,+31.509, +9.123,+0.981
1629917100,+3.49,+31.544, +9.044,+0.982
1629917160,+3.49,+31.544, +8.969,+0.982
1629917220,+3.49,+31.570, +8.983,+0.980
1629917280,+3.49,+31.579, +9.042,+0.982
1629917340,+3.49,+31.579, +9.067,+0.981
1629917400,+3.49,+31.562, +9.127,+0.981
1629917460,+3.49,+31.588, +9.339,+0.981
1629917520,+3.49,+31.588, +9.311,+0.981
1629917580,+3.49,+31.553, +9.105,+0.981
1629917640,+3.49,+31.553, +8.994,+0.980
1629917700,+3.49,+31.562, +9.100,+0.982
1629917760,+3.49,+31.579, +9.560,+0.981
1629917820,+3.49,+31.597, +9.662,+0.981
1629917880,+3.49,+31.579, +9.530,+0.981
1629917940,+3.49,+31.562, +9.392,+0.982
1629918000,+3.49,+31.527, +9.418,+0.981
1629918060,+3.49,+31.501, +9.268,+0.981
1629918120,+3.49,+31.544, +9.237,+0.981
1629918180,+3.49,+31.605, +9.357,+0.982
1629918240,+3.49,+31.658, +9.673,+0.982
1629918300,+3.49,+31.684, +9.882,+0.981
1629918360,+3.49,+31.710, +9.929,+0.981
1629918420,+3.49,+31.701, +9.819,+0.982
1629918480,+3.49,+31.693, +9.927,+0.982
1629918540,+3.49,+31.666, +9.812,+0.981
1629918600,+3.49,+31.684, +9.704,+0.981
1629918660,+3.49,+31.658, +9.648,+0.980
1629918720,+3.49,+31.640, +9.485,+0.981
1629918780,+3.49,+31.666, +9.651,+0.983
1629918840,+3.49,+31.719,+10.045,+0.981
1629918900,+3.49,+31.684,+10.033,+0.982
1629918960,+3.49,+31.666, +9.943,+0.982
1629919020,+3.49,+31.623, +9.641,+0.981
1629919080,+3.49,+31.640, +9.797,+0.981
1629919140,+3.49,+31.675, +9.958,+0.981
1629919200,+3.49,+31.701, +9.980,+0.979
1629919260,+3.49,+31.754,+10.233,+0.980
1629919320,+3.49,+31.710,+10.113,+0.982
1629919380,+3.49,+31.719,+10.063,+0.980
1629919440,+3.49,+31.719,+10.307,+0.981
1629919500,+3.49,+31.789,+10.541,+0.981
1629919560,+3.49,+31.824,+10.736,+0.982
1629919620,+3.49,+31.867,+10.745,+0.981
1629919680,+3.49,+31.911,+10.935,+0.979
1629919740,+3.49,+31.885,+10.862,+0.981
1629919800,+3.49,+31.876,+10.803,+0.982
1629919860,+3.49,+31.876,+10.859,+0.982
1629919920,+3.48,+31.894,+11.126,+0.982
1629919980,+3.48,+31.911,+10.996,+0.980
1629920040,+3.49,+31.894,+11.004,+0.981
1629920100,+3.49,+31.920,+11.067,+0.981
1629920160,+3.49,+31.946,+11.156,+0.981
1629920220,+3.48,+31.937,+11.084,+0.981
1629920280,+3.49,+31.963,+10.983,+0.980
1629920340,+3.49,+31.955,+10.918,+0.979
1629920400,+3.49,+31.946,+10.953,+0.981
1629920460,+3.49,+31.937,+10.984,+0.981
1629920520,+3.49,+31.928,+10.848,+0.981
1629920580,+3.49,+31.867,+10.843,+0.982
1629920640,+3.49,+31.797,+10.647,+0.982
1629920700,+3.49,+31.771,+10.548,+0.981
1629920760,+3.49,+31.771,+10.847,+0.981
1629920820,+3.49,+31.824,+11.212,+0.982
1629920880,+3.49,+31.850,+11.183,+0.981
1629920940,+3.49,+31.850,+11.090,+0.982
1629921000,+3.49,+31.859,+10.870,+0.980
1629921060,+3.49,+31.894,+10.965,+0.982
1629921120,+3.49,+31.937,+11.041,+0.981
1629921180,+3.49,+31.928,+11.056,+0.980
1629921240,+3.49,+31.946,+11.202,+0.981
1629921300,+3.49,+31.963,+11.302,+0.980
1629921360,+3.49,+31.990,+11.250,+0.981
1629921420,+3.49,+31.990,+11.341,+0.981
1629921480,+3.49,+32.007,+11.432,+0.981
1629921540,+3.49,+32.007,+11.536,+0.980
1629921600,+3.49,+31.981,+11.467,+0.982
1629921660,+3.49,+31.963,+11.401,+0.980
1629921720,+3.49,+32.007,+11.423,+0.982
1629921780,+3.49,+32.060,+11.586,+0.980
1629921840,+3.49,+32.147,+11.870,+0.980
1629921900,+3.49,+32.191,+12.012,+0.980
1629921960,+3.49,+32.209,+12.094,+0.982
1629922020,+3.49,+32.217,+12.128,+0.981
1629922080,+3.49,+32.244,+12.109,+0.981
1629922140,+3.49,+32.270,+12.217,+0.980
1629922200,+3.49,+32.305,+12.307,+0.981
1629922260,+3.49,+32.314,+12.406,+0.982
1629922320,+3.49,+32.305,+12.403,+0.982
1629922380,+3.49,+32.252,+12.271,+0.981
1629922440,+3.49,+32.191,+11.924,+0.980
1629922500,+3.49,+32.103,+11.694,+0.980
1629922560,+3.49,+32.025,+11.556,+0.980
1629922620,+3.49,+32.007,+11.469,+0.982
1629922680,+3.49,+31.990,+11.344,+0.983
1629922740,+3.49,+32.007,+11.370,+0.981
1629922800,+3.49,+32.130,+12.040,+0.982
1629922860,+3.49,+32.261,+12.728,+0.980
1629922920,+3.49,+32.349,+13.061,+0.982
1629922980,+3.49,+32.428,+13.120,+0.982
1629923040,+3.49,+32.463,+13.007,+0.981
1629923100,+3.49,+32.463,+13.022,+0.980
1629923160,+3.49,+32.472,+13.097,+0.980
1629923220,+3.49,+32.463,+13.141,+0.982
1629923280,+3.49,+32.507,+13.132,+0.981
1629923340,+3.49,+32.507,+13.157,+0.979
1629923400,+3.49,+32.516,+13.255,+0.982
1629923460,+3.49,+32.507,+13.172,+0.981
1629923520,+3.49,+32.454,+13.065,+0.981
1629923580,+3.49,+32.437,+12.917,+0.980
1629923640,+3.49,+32.375,+12.810,+0.980
1629923700,+3.49,+32.349,+12.782,+0.983
1629923760,+3.49,+32.375,+12.806,+0.981
1629923820,+3.49,+32.375,+12.861,+0.980
1629923880,+3.49,+32.331,+12.903,+0.981
1629923940,+3.49,+32.314,+12.887,+0.981
1629924000,+3.49,+32.340,+12.970,+0.981
1629924060,+3.49,+32.314,+12.952,+0.981
1629924120,+3.49,+32.226,+12.660,+0.981
1629924180,+3.49,+32.182,+12.348,+0.982
1629924240,+3.49,+32.182,+12.373,+0.981
1629924300,+3.49,+32.165,+12.457,+0.982
1629924360,+3.49,+32.147,+12.493,+0.982
1629924420,+3.49,+32.156,+12.660,+0.980
1629924480,+3.49,+32.209,+12.721,+0.982
1629924540,+3.49,+32.279,+12.891,+0.982
1629924600,+3.49,+32.305,+13.008,+0.982
1629924660,+3.49,+32.296,+13.029,+0.981
1629924720,+3.49,+32.270,+12.924,+0.982
1629924780,+3.49,+32.349,+13.048,+0.981
1629924840,+3.49,+32.437,+13.302,+0.981
1629924900,+3.49,+32.445,+13.318,+0.982
1629924960,+3.49,+32.463,+13.372,+0.981
1629925020,+3.49,+32.551,+13.778,+0.982
1629925080,+3.49,+32.586,+13.766,+0.980
1629925140,+3.49,+32.559,+13.703,+0.983
1629925200,+3.49,+32.559,+13.610,+0.983
1629925260,+3.49,+32.577,+13.819,+0.983
1629925320,+3.49,+32.612,+13.874,+0.982
1629925380,+3.49,+32.630,+13.874,+0.980
1629925440,+3.49,+32.656,+13.973,+0.982
1629925500,+3.49,+32.682,+13.939,+0.981
1629925560,+3.49,+32.700,+14.183,+0.981
1629925620,+3.49,+32.744,+14.222,+0.980
1629925680,+3.49,+32.744,+14.261,+0.979
1629925740,+3.49,+32.744,+14.396,+0.981
1629925800,+3.49,+32.718,+14.227,+0.979
1629925860,+3.49,+32.665,+14.032,+0.981
1629925920,+3.49,+32.595,+13.574,+0.980
1629925980,+3.49,+32.524,+13.268,+0.980
1629926040,+3.49,+32.437,+13.379,+0.982
1629926100,+3.49,+32.358,+13.502,+0.984
1629926160,+3.49,+32.366,+13.595,+0.980
1629926220,+3.49,+32.358,+13.478,+0.982
1629926280,+3.49,+32.384,+13.417,+0.981
1629926340,+3.49,+32.419,+13.499,+0.980
1629926400,+3.49,+32.419,+13.803,+0.982
1629926460,+3.49,+32.489,+13.881,+0.982
1629926520,+3.49,+32.419,+13.603,+0.982
1629926580,+3.49,+32.419,+13.564,+0.981
1629926640,+3.49,+32.410,+13.657,+0.982
1629926700,+3.49,+32.410,+13.691,+0.981
1629926760,+3.49,+32.437,+13.697,+0.982
1629926820,+3.49,+32.437,+13.701,+0.981
1629926880,+3.49,+32.454,+14.005,+0.982
1629926940,+3.49,+32.445,+13.946,+0.982
1629927000,+3.49,+32.437,+13.862,+0.982
1629927060,+3.49,+32.410,+13.644,+0.981
1629927120,+3.49,+32.393,+13.749,+0.982
1629927180,+3.49,+32.393,+13.703,+0.982
1629927240,+3.49,+32.296,+13.317,+0.983
1629927300,+3.49,+32.270,+13.159,+0.982
1629927360,+3.49,+32.270,+13.140,+0.981
1629927420,+3.49,+32.296,+13.296,+0.982
1629927480,+3.49,+32.287,+13.366,+0.983
1629927540,+3.49,+32.349,+13.437,+0.981
1629927600,+3.49,+32.366,+13.531,+0.982
1629927660,+3.49,+32.384,+13.750,+0.983
1629927720,+3.49,+32.419,+14.168,+0.983
1629927780,+3.49,+32.489,+14.668,+0.983
1629927840,+3.49,+32.516,+15.024,+0.984
1629927900,+3.49,+32.577,+15.074,+0.980
1629927960,+3.49,+32.647,+15.211,+0.982
1629928020,+3.49,+32.709,+15.268,+0.983
1629928080,+3.49,+32.753,+15.273,+0.981
1629928140,+3.49,+32.832,+15.446,+0.982
1629928200,+3.49,+32.885,+15.575,+0.981
1629928260,+3.49,+32.876,+15.640,+0.981
1629928320,+3.49,+32.858,+15.568,+0.983
1629928380,+3.49,+32.753,+15.293,+0.982
1629928440,+3.49,+32.700,+14.989,+0.981
1629928500,+3.49,+32.647,+14.916,+0.982
1629928560,+3.49,+32.603,+14.805,+0.982
1629928620,+3.49,+32.612,+14.909,+0.982
1629928680,+3.49,+32.682,+15.254,+0.982
1629928740,+3.49,+32.744,+15.479,+0.981
1629928800,+3.49,+32.850,+15.785,+0.981
1629928860,+3.49,+32.894,+15.952,+0.983
1629928920,+3.49,+32.929,+15.922,+0.981
1629928980,+3.49,+32.938,+15.925,+0.982
1629929040,+3.49,+32.999,+15.969,+0.983
1629929100,+3.49,+33.096,+16.177,+0.983
1629929160,+3.49,+33.140,+16.242,+0.981
1629929220,+3.49,+33.123,+16.229,+0.981
1629929280,+3.49,+33.079,+16.164,+0.982
1629929340,+3.49,+33.035,+15.943,+0.980
1629929400,+3.49,+32.973,+16.043,+0.982
1629929460,+3.49,+32.946,+15.862,+0.982
1629929520,+3.49,+32.867,+15.592,+0.980
1629929580,+3.49,+32.841,+15.476,+0.983
1629929640,+3.49,+32.867,+15.416,+0.979
1629929700,+3.49,+32.858,+15.677,+0.983
1629929760,+3.49,+32.841,+15.624,+0.981
1629929820,+3.49,+32.867,+15.671,+0.983
1629929880,+3.49,+32.832,+15.559,+0.981
1629929940,+3.49,+32.797,+15.498,+0.983
1629930000,+3.49,+32.744,+15.331,+0.983
1629930060,+3.49,+32.744,+15.340,+0.982
1629930120,+3.49,+32.762,+15.351,+0.981
1629930180,+3.49,+32.788,+15.400,+0.980
1629930240,+3.49,+32.841,+15.478,+0.982
1629930300,+3.49,+32.885,+15.647,+0.981
1629930360,+3.49,+32.929,+15.814,+0.982
1629930420,+3.49,+32.946,+15.893,+0.982
1629930480,+3.49,+32.991,+15.923,+0.982
1629930540,+3.49,+33.008,+15.921,+0.981
1629930600,+3.49,+32.894,+15.624,+0.980
1629930660,+3.49,+32.806,+15.185,+0.980
1629930720,+3.49,+32.788,+15.162,+0.982
1629930780,+3.49,+32.779,+15.230,+0.981
1629930840,+3.49,+32.735,+15.181,+0.980
1629930900,+3.49,+32.691,+15.236,+0.981
1629930960,+3.49,+32.621,+15.237,+0.983
1629931020,+3.49,+32.621,+15.204,+0.982
1629931080,+3.49,+32.630,+14.951,+0.980
1629931140,+3.49,+32.656,+15.392,+0.983
1629931200,+3.49,+32.674,+15.448,+0.983
1629931260,+3.49,+32.691,+15.519,+0.983
1629931320,+3.49,+32.718,+15.502,+0.980
1629931380,+3.49,+32.735,+15.823,+0.982
1629931440,+3.49,+32.762,+15.776,+0.981
1629931500,+3.49,+32.744,+15.688,+0.981
1629931560,+3.49,+32.735,+15.687,+0.981
1629931620,+3.49,+32.709,+15.496,+0.982
1629931680,+3.49,+32.709,+15.419,+0.982
1629931740,+3.49,+32.691,+15.264,+0.980
1629931800,+3.49,+32.674,+15.214,+0.981
1629931860,+3.49,+32.674,+15.251,+0.982
1629931920,+3.49,+32.656,+15.278,+0.982
1629931980,+3.49,+32.674,+15.245,+0.983
1629932040,+3.49,+32.691,+15.290,+0.981
1629932100,+3.49,+32.709,+15.326,+0.982
1629932160,+3.49,+32.726,+15.395,+0.982
1629932220,+3.49,+32.779,+15.424,+0.983
1629932280,+3.49,+32.797,+15.659,+0.983
1629932340,+3.49,+32.814,+15.781,+0.981
1629932400,+3.49,+32.876,+15.931,+0.982
1629932460,+3.49,+32.858,+15.851,+0.982
1629932520,+3.49,+32.858,+15.725,+0.982
1629932580,+3.49,+32.876,+15.890,+0.985
1629932640,+3.49,+32.876,+15.848,+0.980
1629932700,+3.49,+32.911,+15.803,+0.983
1629932760,+3.49,+32.902,+15.724,+0.981
1629932820,+3.49,+32.911,+15.706,+0.981
1629932880,+3.49,+32.929,+15.766,+0.983
1629932940,+3.49,+32.946,+15.896,+0.983
1629933000,+3.49,+32.938,+16.062,+0.985
1629933060,+3.49,+32.938,+15.930,+0.980
1629933120,+3.49,+32.955,+16.049,+0.983
1629933180,+3.49,+32.946,+16.066,+0.982
1629933240,+3.49,+32.982,+16.040,+0.982
1629933300,+3.49,+32.973,+16.134,+0.983
1629933360,+3.49,+32.946,+16.370,+0.984
1629933420,+3.49,+32.946,+16.341,+0.982
1629933480,+3.49,+32.920,+16.212,+0.982
1629933540,+3.49,+32.902,+16.211,+0.982
1629933600,+3.49,+32.911,+16.151,+0.981
1629933660,+3.49,+32.894,+16.242,+0.981
1629933720,+3.49,+32.885,+16.139,+0.981
1629933780,+3.49,+32.850,+15.922,+0.981
1629933840,+3.49,+32.867,+15.980,+0.983
1629933900,+3.49,+32.850,+16.028,+0.982
1629933960,+3.49,+32.867,+16.059,+0.982
1629934020,+3.49,+32.876,+16.095,+0.983
1629934080,+3.49,+32.858,+16.060,+0.983
1629934140,+3.49,+32.902,+15.946,+0.981
1629934200,+3.49,+32.902,+16.073,+0.983
1629934260,+3.49,+32.911,+16.090,+0.982
1629934320,+3.49,+32.920,+16.312,+0.984
1629934380,+3.49,+32.920,+16.440,+0.985
1629934440,+3.49,+32.911,+16.270,+0.981
1629934500,+3.49,+32.902,+16.162,+0.982
1629934560,+3.49,+32.894,+16.086,+0.981
1629934620,+3.49,+32.885,+16.081,+0.982
1629934680,+3.49,+32.920,+16.013,+0.983
1629934740,+3.49,+32.894,+16.017,+0.982
1629934800,+3.49,+32.938,+15.986,+0.981
1629934860,+3.49,+32.946,+16.051,+0.982
1629934920,+3.49,+32.964,+16.046,+0.980
1629934980,+3.49,+32.973,+16.141,+0.980
1629935040,+3.49,+32.991,+16.174,+0.983
1629935100,+3.49,+32.973,+16.041,+0.981
1629935160,+3.49,+32.973,+16.024,+0.982
1629935220,+3.49,+32.920,+15.852,+0.983
1629935280,+3.49,+32.920,+15.783,+0.982
1629935340,+3.49,+32.929,+15.729,+0.982
1629935400,+3.49,+32.920,+15.660,+0.981
1629935460,+3.49,+32.938,+15.752,+0.983
1629935520,+3.49,+32.938,+15.803,+0.981
1629935580,+3.49,+32.894,+15.675,+0.981
1629935640,+3.49,+32.911,+15.671,+0.983
1629935700,+3.49,+32.902,+15.729,+0.983
1629935760,+3.49,+32.929,+15.830,+0.983
1629935820,+3.49,+32.938,+15.930,+0.984
1629935880,+3.49,+32.938,+15.993,+0.983
1629935940,+3.49,+32.929,+15.951,+0.982
1629936000,+3.49,+32.938,+15.837,+0.982
1629936060,+3.49,+32.920,+15.760,+0.983
1629936120,+3.49,+32.920,+15.651,+0.982
1629936180,+3.49,+32.929,+15.625,+0.981
1629936240,+3.49,+32.929,+15.566,+0.981
1629936300,+3.49,+32.946,+15.745,+0.981
1629936360,+3.49,+32.982,+15.825,+0.984
1629936420,+3.49,+32.964,+15.822,+0.983
1629936480,+3.49,+32.973,+15.686,+0.981
1629936540,+3.49,+32.991,+15.596,+0.982
1629936600,+3.49,+33.008,+15.520,+0.981
1629936660,+3.49,+32.982,+15.506,+0.982
1629936720,+3.49,+32.982,+15.417,+0.982
1629936780,+3.49,+32.973,+15.369,+0.982
1629936840,+3.49,+32.973,+15.211,+0.980
1629936900,+3.49,+32.964,+15.187,+0.983
1629936960,+3.49,+32.964,+15.152,+0.983
1629937020,+3.49,+32.973,+15.187,+0.983
1629937080,+3.49,+32.955,+15.216,+0.983
1629937140,+3.49,+32.973,+15.621,+0.983
1629937200,+3.49,+33.017,+15.602,+0.983
1629937260,+3.49,+32.991,+15.567,+0.982
1629937320,+3.49,+33.017,+15.515,+0.981
1629937380,+3.49,+33.026,+15.478,+0.980
1629937440,+3.49,+33.026,+15.466,+0.983
1629937500,+3.49,+33.043,+15.435,+0.983
1629937560,+3.49,+33.061,+15.355,+0.981
1629937620,+3.49,+33.061,+15.355,+0.981
1629937680,+3.49,+33.070,+15.352,+0.982
1629937740,+3.49,+33.052,+15.259,+0.982
1629937800,+3.49,+33.035,+15.341,+0.982
1629937860,+3.49,+33.052,+15.336,+0.982
1629937920,+3.49,+33.043,+15.311,+0.982
1629937980,+3.49,+33.061,+15.285,+0.982
1629938040,+3.49,+33.035,+15.184,+0.982
1629938100,+3.49,+33.043,+15.164,+0.983
1629938160,+3.49,+33.043,+15.076,+0.981
1629938220,+3.49,+33.043,+14.975,+0.981
1629938280,+3.49,+33.035,+14.937,+0.982
1629938340,+3.49,+33.043,+14.935,+0.981
1629938400,+3.49,+33.035,+14.972,+0.983
1629938460,+3.49,+33.035,+14.961,+0.982
1629938520,+3.49,+33.017,+14.875,+0.982
1629938580,+3.49,+33.017,+14.846,+0.983
1629938640,+3.49,+33.008,+14.820,+0.981
1629938700,+3.49,+33.008,+14.860,+0.982
1629938760,+3.49,+32.999,+14.634,+0.978
1629938820,+3.49,+33.008,+14.631,+0.982
1629938880,+3.49,+33.008,+14.663,+0.981
1629938940,+3.49,+33.061,+14.769,+0.980
1629939000,+3.49,+33.070,+14.889,+0.980
1629939060,+3.49,+33.061,+15.051,+0.982
1629939120,+3.49,+33.061,+15.062,+0.982
1629939180,+3.49,+33.061,+15.031,+0.982
1629939240,+3.49,+33.061,+15.045,+0.984
1629939300,+3.49,+33.079,+15.034,+0.982
1629939360,+3.49,+33.052,+14.970,+0.983
1629939420,+3.49,+33.052,+14.843,+0.981
1629939480,+3.49,+33.026,+14.771,+0.983
1629939540,+3.49,+33.043,+14.711,+0.982
1629939600,+3.49,+33.017,+14.639,+0.982
1629939660,+3.49,+33.026,+14.606,+0.984
1629939720,+3.49,+32.999,+14.557,+0.982
1629939780,+3.49,+32.999,+14.490,+0.982
1629939840,+3.49,+33.017,+14.437,+0.981
1629939900,+3.49,+33.017,+14.408,+0.980
1629939960,+3.49,+32.999,+14.465,+0.980
1629940020,+3.49,+33.087,+14.715,+0.982
1629940080,+3.49,+33.052,+14.551,+0.981
1629940140,+3.49,+33.008,+14.299,+0.983
