7450-387970
OS REV: 1.05 Sensor Cal: 1615486469
Time (sec),  BV (Volts),  T (deg C),  DO (mg/l),  Q ()
1631236200,+3.48,+29.793,+12.748,+0.982
1631236260,+3.48,+29.785,+12.773,+0.984
1631236320,+3.48,+29.776,+12.741,+0.983
1631236380,+3.48,+29.776,+12.729,+0.983
1631236440,+3.48,+29.750,+12.794,+0.983
1631236500,+3.48,+29.733,+12.833,+0.983
1631236560,+3.48,+29.724,+12.828,+0.982
1631236620,+3.48,+29.742,+12.872,+0.984
1631236680,+3.48,+29.724,+12.840,+0.983
1631236740,+3.48,+29.724,+12.767,+0.982
1631236800,+3.48,+29.699,+12.740,+0.983
1631236860,+3.48,+29.699,+12.687,+0.984
1631236920,+3.48,+29.699,+12.632,+0.983
1631236980,+3.48,+29.664,+12.634,+0.985
1631237040,+3.48,+29.664,+12.591,+0.985
1631237100,+3.48,+29.656,+12.545,+0.984
1631237160,+3.48,+29.647,+12.527,+0.984
1631237220,+3.48,+29.638,+12.495,+0.982
1631237280,+3.48,+29.621,+12.525,+0.984
1631237340,+3.48,+29.621,+12.550,+0.984
1631237400,+3.48,+29.613,+12.541,+0.985
1631237460,+3.48,+29.595,+12.518,+0.983
1631237520,+3.48,+29.578,+12.525,+0.982
1631237580,+3.48,+29.569,+12.555,+0.984
1631237640,+3.48,+29.561,+12.484,+0.983
1631237700,+3.48,+29.544,+12.430,+0.983
1631237760,+3.48,+29.544,+12.356,+0.981
1631237820,+3.48,+29.552,+12.340,+0.983
1631237880,+3.48,+29.535,+12.332,+0.984
1631237940,+3.48,+29.509,+12.286,+0.984
1631238000,+3.48,+29.509,+12.230,+0.983
1631238060,+3.48,+29.492,+12.199,+0.983
1631238120,+3.48,+29.501,+12.199,+0.983
1631238180,+3.48,+29.475,+12.203,+0.983
1631238240,+3.48,+29.483,+12.137,+0.981
1631238300,+3.48,+29.466,+12.175,+0.983
1631238360,+3.48,+29.466,+12.139,+0.983
1631238420,+3.48,+29.440,+12.131,+0.983
1631238480,+3.48,+29.440,+12.077,+0.982
1631238540,+3.48,+29.432,+12.041,+0.982
1631238600,+3.48,+29.415,+11.999,+0.982
1631238660,+3.48,+29.423,+11.951,+0.982
1631238720,+3.48,+29.415,+11.920,+0.982
1631238780,+3.48,+29.415,+11.853,+0.981
1631238840,+3.48,+29.380,+11.839,+0.982
1631238900,+3.48,+29.372,+11.803,+0.983
1631238960,+3.48,+29.397,+11.700,+0.981
1631239020,+3.48,+29.372,+11.664,+0.982
1631239080,+3.48,+29.372,+11.602,+0.982
1631239140,+3.48,+29.363,+11.554,+0.983
1631239200,+3.48,+29.354,+11.442,+0.981
1631239260,+3.48,+29.346,+11.382,+0.982
1631239320,+3.48,+29.329,+11.338,+0.981
1631239380,+3.48,+29.329,+11.312,+0.982
1631239440,+3.48,+29.320,+11.338,+0.982
1631239500,+3.48,+29.320,+11.374,+0.981
1631239560,+3.48,+29.294,+11.436,+0.982
1631239620,+3.48,+29.312,+11.457,+0.981
1631239680,+3.48,+29.286,+11.447,+0.981
1631239740,+3.48,+29.277,+11.449,+0.981
1631239800,+3.48,+29.277,+11.467,+0.982
1631239860,+3.48,+29.286,+11.439,+0.981
1631239920,+3.48,+29.260,+11.412,+0.981
1631239980,+3.48,+29.251,+11.371,+0.981
1631240040,+3.48,+29.243,+11.333,+0.982
1631240100,+3.48,+29.251,+11.254,+0.981
1631240160,+3.48,+29.226,+11.188,+0.981
1631240220,+3.48,+29.226,+11.146,+0.982
1631240280,+3.48,+29.217,+11.086,+0.982
1631240340,+3.48,+29.208,+11.020,+0.981
1631240400,+3.48,+29.208,+10.971,+0.982
1631240460,+3.48,+29.191,+10.849,+0.980
1631240520,+3.48,+29.183,+10.786,+0.981
1631240580,+3.48,+29.174,+10.736,+0.981
1631240640,+3.48,+29.174,+10.691,+0.981
1631240700,+3.48,+29.166,+10.627,+0.980
1631240760,+3.48,+29.131,+10.609,+0.981
1631240820,+3.48,+29.148,+10.621,+0.982
1631240880,+3.48,+29.140,+10.616,+0.980
1631240940,+3.48,+29.123,+10.624,+0.981
1631241000,+3.48,+29.131,+10.560,+0.979
1631241060,+3.48,+29.123,+10.516,+0.980
1631241120,+3.48,+29.114,+10.489,+0.980
1631241180,+3.48,+29.088,+10.447,+0.980
1631241240,+3.48,+29.097,+10.371,+0.981
1631241300,+3.48,+29.088,+10.313,+0.980
1631241360,+3.48,+29.071,+10.313,+0.981
1631241420,+3.48,+29.063,+10.310,+0.981
1631241480,+3.48,+29.071,+10.267,+0.980
1631241540,+3.48,+29.054,+10.250,+0.980
1631241600,+3.48,+29.037,+10.234,+0.979
1631241660,+3.48,+29.037,+10.222,+0.979
1631241720,+3.48,+29.045,+10.240,+0.980
1631241780,+3.48,+29.037,+10.194,+0.980
1631241840,+3.48,+29.020,+10.167,+0.980
1631241900,+3.48,+29.028,+10.132,+0.980
1631241960,+3.48,+29.028,+10.157,+0.981
1631242020,+3.48,+29.011,+10.137,+0.980
1631242080,+3.48,+29.011,+10.122,+0.981
1631242140,+3.48,+29.003,+10.116,+0.982
1631242200,+3.48,+28.994,+10.078,+0.981
1631242260,+3.48,+28.985,+10.073,+0.982
1631242320,+3.48,+28.977,+10.068,+0.981
1631242380,+3.48,+28.951,+10.081,+0.981
1631242440,+3.48,+28.960,+10.147,+0.982
1631242500,+3.48,+28.960,+10.171,+0.981
1631242560,+3.48,+28.951,+10.208,+0.982
1631242620,+3.48,+28.951,+10.194,+0.984
1631242680,+3.48,+28.917,+10.159,+0.982
1631242740,+3.48,+28.934,+10.117,+0.982
1631242800,+3.48,+28.934,+10.049,+0.982
1631242860,+3.48,+28.925,+10.024,+0.982
1631242920,+3.48,+28.908,+10.019,+0.981
1631242980,+3.48,+28.891,+10.049,+0.982
1631243040,+3.49,+28.891,+10.051,+0.982
1631243100,+3.48,+28.883,+10.091,+0.983
1631243160,+3.48,+28.900,+10.113,+0.982
1631243220,+3.48,+28.883,+10.125,+0.982
1631243280,+3.48,+28.865,+10.137,+0.982
1631243340,+3.48,+28.848,+10.156,+0.983
1631243400,+3.48,+28.848,+10.124,+0.983
1631243460,+3.49,+28.857,+10.108,+0.984
1631243520,+3.49,+28.840,+10.078,+0.982
1631243580,+3.48,+28.840,+10.058,+0.983
1631243640,+3.49,+28.840,+10.058,+0.984
1631243700,+3.48,+28.814,+10.019,+0.982
1631243760,+3.48,+28.831, +9.967,+0.982
1631243820,+3.48,+28.814, +9.925,+0.981
1631243880,+3.48,+28.805, +9.872,+0.981
1631243940,+3.48,+28.788, +9.830,+0.981
1631244000,+3.49,+28.814, +9.778,+0.980
1631244060,+3.49,+28.788, +9.731,+0.981
1631244120,+3.49,+28.797, +9.638,+0.980
1631244180,+3.49,+28.780, +9.594,+0.980
1631244240,+3.48,+28.763, +9.567,+0.981
1631244300,+3.49,+28.771, +9.531,+0.980
1631244360,+3.49,+28.763, +9.527,+0.981
1631244420,+3.48,+28.763, +9.535,+0.981
1631244480,+3.49,+28.745, +9.529,+0.980
1631244540,+3.48,+28.745, +9.509,+0.981
1631244600,+3.48,+28.728, +9.490,+0.981
1631244660,+3.48,+28.728, +9.480,+0.981
1631244720,+3.48,+28.728, +9.452,+0.981
1631244780,+3.48,+28.728, +9.364,+0.980
1631244840,+3.48,+28.711, +9.290,+0.980
1631244900,+3.48,+28.703, +9.218,+0.980
1631244960,+3.48,+28.694, +9.160,+0.981
1631245020,+3.48,+28.686, +9.074,+0.980
1631245080,+3.48,+28.686, +9.004,+0.980
1631245140,+3.48,+28.677, +8.952,+0.980
1631245200,+3.48,+28.677, +8.913,+0.979
1631245260,+3.48,+28.660, +8.945,+0.980
1631245320,+3.48,+28.660, +8.943,+0.979
1631245380,+3.48,+28.634, +8.930,+0.979
1631245440,+3.48,+28.643, +8.876,+0.980
1631245500,+3.48,+28.626, +8.818,+0.980
1631245560,+3.48,+28.634, +8.737,+0.979
1631245620,+3.48,+28.617, +8.700,+0.980
1631245680,+3.48,+28.626, +8.624,+0.979
1631245740,+3.48,+28.617, +8.587,+0.979
1631245800,+3.48,+28.609, +8.539,+0.978
1631245860,+3.48,+28.600, +8.544,+0.979
1631245920,+3.48,+28.609, +8.544,+0.978
1631245980,+3.48,+28.591, +8.539,+0.978
1631246040,+3.48,+28.566, +8.509,+0.979
1631246100,+3.48,+28.574, +8.487,+0.979
1631246160,+3.48,+28.566, +8.512,+0.979
1631246220,+3.48,+28.557, +8.529,+0.978
1631246280,+3.48,+28.574, +8.566,+0.979
1631246340,+3.48,+28.540, +8.600,+0.979
1631246400,+3.48,+28.557, +8.614,+0.980
1631246460,+3.48,+28.540, +8.578,+0.980
1631246520,+3.48,+28.523, +8.496,+0.979
1631246580,+3.48,+28.514, +8.416,+0.980
1631246640,+3.48,+28.523, +8.346,+0.981
1631246700,+3.48,+28.523, +8.269,+0.980
1631246760,+3.48,+28.523, +8.174,+0.980
1631246820,+3.48,+28.497, +8.095,+0.979
1631246880,+3.48,+28.489, +7.997,+0.979
1631246940,+3.48,+28.489, +7.927,+0.979
1631247000,+3.48,+28.472, +7.868,+0.978
1631247060,+3.48,+28.472, +7.839,+0.978
1631247120,+3.48,+28.463, +7.806,+0.979
1631247180,+3.48,+28.463, +7.763,+0.979
1631247240,+3.48,+28.455, +7.717,+0.979
1631247300,+3.48,+28.446, +7.657,+0.978
1631247360,+3.48,+28.446, +7.610,+0.978
1631247420,+3.48,+28.429, +7.557,+0.978
1631247480,+3.48,+28.420, +7.508,+0.977
1631247540,+3.48,+28.412, +7.453,+0.977
1631247600,+3.48,+28.420, +7.415,+0.977
1631247660,+3.48,+28.412, +7.377,+0.977
1631247720,+3.48,+28.395, +7.336,+0.976
1631247780,+3.48,+28.386, +7.294,+0.976
1631247840,+3.48,+28.378, +7.237,+0.976
1631247900,+3.48,+28.386, +7.181,+0.976
1631247960,+3.48,+28.386, +7.136,+0.976
1631248020,+3.48,+28.369, +7.111,+0.977
1631248080,+3.48,+28.361, +7.084,+0.976
1631248140,+3.48,+28.361, +7.094,+0.976
1631248200,+3.48,+28.369, +7.101,+0.977
1631248260,+3.48,+28.361, +7.119,+0.977
1631248320,+3.48,+28.344, +7.132,+0.976
1631248380,+3.48,+28.344, +7.171,+0.977
1631248440,+3.48,+28.344, +7.217,+0.977
1631248500,+3.48,+28.326, +7.277,+0.978
1631248560,+3.48,+28.335, +7.306,+0.979
1631248620,+3.48,+28.309, +7.311,+0.979
1631248680,+3.48,+28.309, +7.280,+0.977
1631248740,+3.48,+28.301, +7.258,+0.977
1631248800,+3.48,+28.309, +7.215,+0.977
1631248860,+3.48,+28.284, +7.203,+0.977
1631248920,+3.48,+28.292, +7.204,+0.977
1631248980,+3.48,+28.292, +7.184,+0.976
1631249040,+3.48,+28.292, +7.150,+0.976
1631249100,+3.48,+28.267, +7.136,+0.975
1631249160,+3.48,+28.267, +7.112,+0.975
1631249220,+3.48,+28.267, +7.078,+0.976
1631249280,+3.48,+28.258, +7.056,+0.976
1631249340,+3.48,+28.258, +7.042,+0.975
1631249400,+3.48,+28.250, +7.030,+0.975
1631249460,+3.48,+28.250, +7.021,+0.976
1631249520,+3.48,+28.250, +6.981,+0.976
1631249580,+3.48,+28.233, +6.912,+0.975
1631249640,+3.48,+28.224, +6.840,+0.975
1631249700,+3.48,+28.241, +6.790,+0.975
1631249760,+3.48,+28.224, +6.746,+0.976
1631249820,+3.48,+28.241, +6.640,+0.975
1631249880,+3.48,+28.215, +6.531,+0.975
1631249940,+3.48,+28.224, +6.424,+0.975
1631250000,+3.48,+28.198, +6.330,+0.975
1631250060,+3.48,+28.190, +6.264,+0.974
1631250120,+3.48,+28.198, +6.223,+0.974
1631250180,+3.48,+28.198, +6.221,+0.974
1631250240,+3.48,+28.190, +6.216,+0.974
1631250300,+3.48,+28.173, +6.197,+0.973
1631250360,+3.48,+28.164, +6.196,+0.973
1631250420,+3.48,+28.181, +6.175,+0.973
1631250480,+3.48,+28.156, +6.147,+0.973
1631250540,+3.48,+28.164, +6.122,+0.972
1631250600,+3.48,+28.147, +6.120,+0.972
1631250660,+3.48,+28.139, +6.098,+0.972
1631250720,+3.48,+28.147, +6.071,+0.971
1631250780,+3.48,+28.139, +6.137,+0.971
1631250840,+3.48,+28.130, +6.277,+0.970
1631250900,+3.48,+28.130, +6.422,+0.971
1631250960,+3.48,+28.113, +6.533,+0.971
1631251020,+3.48,+28.113, +6.635,+0.972
1631251080,+3.48,+28.113, +6.682,+0.972
1631251140,+3.48,+28.113, +6.690,+0.973
1631251200,+3.48,+28.096, +6.671,+0.973
1631251260,+3.48,+28.113, +6.644,+0.975
1631251320,+3.48,+28.087, +6.573,+0.974
1631251380,+3.48,+28.087, +6.498,+0.974
1631251440,+3.48,+28.079, +6.418,+0.975
1631251500,+3.48,+28.079, +6.319,+0.975
1631251560,+3.48,+28.079, +6.195,+0.974
1631251620,+3.48,+28.070, +6.102,+0.975
1631251680,+3.48,+28.053, +5.999,+0.975
1631251740,+3.48,+28.045, +5.870,+0.975
1631251800,+3.48,+28.045, +5.746,+0.975
1631251860,+3.48,+28.028, +5.647,+0.975
1631251920,+3.48,+28.036, +5.566,+0.976
1631251980,+3.48,+28.019, +5.497,+0.975
1631252040,+3.48,+28.028, +5.466,+0.976
1631252100,+3.48,+28.036, +5.458,+0.976
1631252160,+3.48,+28.002, +5.469,+0.976
1631252220,+3.48,+27.994, +5.472,+0.976
1631252280,+3.48,+27.985, +5.501,+0.977
1631252340,+3.48,+28.002, +5.530,+0.977
1631252400,+3.48,+27.985, +5.561,+0.977
1631252460,+3.48,+27.985, +5.584,+0.977
1631252520,+3.48,+27.977, +5.597,+0.977
1631252580,+3.48,+27.977, +5.597,+0.977
1631252640,+3.48,+27.977, +5.584,+0.977
1631252700,+3.48,+27.951, +5.561,+0.978
1631252760,+3.48,+27.951, +5.498,+0.978
1631252820,+3.48,+27.960, +5.427,+0.978
1631252880,+3.48,+27.960, +5.349,+0.978
1631252940,+3.48,+27.951, +5.258,+0.977
1631253000,+3.48,+27.960, +5.157,+0.977
1631253060,+3.48,+27.951, +5.049,+0.977
1631253120,+3.48,+27.951, +4.936,+0.976
1631253180,+3.48,+27.934, +4.844,+0.976
1631253240,+3.48,+27.925, +4.766,+0.975
1631253300,+3.48,+27.925, +4.694,+0.974
1631253360,+3.48,+27.934, +4.607,+0.973
1631253420,+3.48,+27.908, +4.485,+0.972
1631253480,+3.48,+27.900, +4.352,+0.971
1631253540,+3.48,+27.900, +4.201,+0.971
1631253600,+3.48,+27.900, +4.024,+0.969
1631253660,+3.48,+27.891, +3.871,+0.969
1631253720,+3.48,+27.891, +3.731,+0.968
1631253780,+3.48,+27.891, +3.684,+0.967
1631253840,+3.48,+27.883, +3.731,+0.967
1631253900,+3.48,+27.874, +3.807,+0.967
1631253960,+3.48,+27.891, +3.880,+0.970
1631254020,+3.48,+27.883, +3.936,+0.972
1631254080,+3.48,+27.883, +3.939,+0.973
1631254140,+3.48,+27.866, +3.877,+0.973
1631254200,+3.48,+27.849, +3.774,+0.973
1631254260,+3.48,+27.857, +3.655,+0.972
1631254320,+3.48,+27.849, +3.547,+0.972
1631254380,+3.48,+27.840, +3.422,+0.970
1631254440,+3.48,+27.849, +3.317,+0.969
1631254500,+3.48,+27.840, +3.252,+0.969
1631254560,+3.48,+27.832, +3.231,+0.970
1631254620,+3.48,+27.849, +3.209,+0.971
1631254680,+3.48,+27.823, +3.185,+0.971
1631254740,+3.48,+27.832, +3.161,+0.972
1631254800,+3.48,+27.823, +3.136,+0.972
1631254860,+3.48,+27.832, +3.105,+0.973
1631254920,+3.48,+27.823, +3.051,+0.972
1631254980,+3.48,+27.823, +2.943,+0.970
1631255040,+3.48,+27.798, +2.822,+0.968
1631255100,+3.48,+27.815, +2.712,+0.967
1631255160,+3.48,+27.789, +2.599,+0.966
1631255220,+3.48,+27.789, +2.487,+0.965
1631255280,+3.48,+27.789, +2.398,+0.963
1631255340,+3.48,+27.772, +2.343,+0.962
1631255400,+3.48,+27.772, +2.294,+0.962
1631255460,+3.48,+27.772, +2.242,+0.962
1631255520,+3.48,+27.772, +2.183,+0.962
1631255580,+3.48,+27.764, +2.145,+0.961
1631255640,+3.48,+27.755, +2.102,+0.961
1631255700,+3.48,+27.764, +2.057,+0.961
1631255760,+3.48,+27.755, +2.009,+0.961
1631255820,+3.48,+27.755, +1.948,+0.962
1631255880,+3.48,+27.755, +1.890,+0.962
1631255940,+3.48,+27.747, +1.838,+0.962
1631256000,+3.48,+27.747, +1.776,+0.962
1631256060,+3.48,+27.730, +1.691,+0.962
1631256120,+3.48,+27.738, +1.594,+0.962
1631256180,+3.48,+27.730, +1.499,+0.963
1631256240,+3.48,+27.730, +1.417,+0.964
1631256300,+3.48,+27.721, +1.371,+0.965
1631256360,+3.48,+27.721, +1.321,+0.965
1631256420,+3.48,+27.721, +1.259,+0.964
1631256480,+3.48,+27.704, +1.170,+0.964
1631256540,+3.48,+27.704, +1.071,+0.964
1631256600,+3.48,+27.704, +0.990,+0.964
1631256660,+3.48,+27.713, +0.919,+0.963
1631256720,+3.48,+27.696, +0.848,+0.962
1631256780,+3.48,+27.678, +0.790,+0.959
1631256840,+3.48,+27.678, +0.757,+0.959
1631256900,+3.48,+27.678, +0.723,+0.958
1631256960,+3.48,+27.661, +0.700,+0.958
1631257020,+3.48,+27.661, +0.686,+0.957
1631257080,+3.48,+27.670, +0.692,+0.955
1631257140,+3.48,+27.636, +0.711,+0.955
1631257200,+3.48,+27.644, +0.720,+0.954
1631257260,+3.48,+27.644, +0.736,+0.954
1631257320,+3.48,+27.644, +0.747,+0.955
1631257380,+3.48,+27.636, +0.807,+0.956
1631257440,+3.48,+27.644, +0.872,+0.957
1631257500,+3.48,+27.636, +0.914,+0.958
1631257560,+3.48,+27.644, +0.927,+0.959
1631257620,+3.48,+27.627, +0.914,+0.960
1631257680,+3.48,+27.627, +0.898,+0.961
1631257740,+3.48,+27.627, +0.904,+0.960
1631257800,+3.48,+27.619, +0.893,+0.960
1631257860,+3.48,+27.610, +0.867,+0.962
1631257920,+3.48,+27.610, +0.833,+0.963
1631257980,+3.48,+27.593, +0.757,+0.965
1631258040,+3.48,+27.602, +0.674,+0.965
1631258100,+3.48,+27.602, +0.596,+0.966
1631258160,+3.48,+27.593, +0.516,+0.966
1631258220,+3.48,+27.610, +0.422,+0.965
1631258280,+3.48,+27.585, +0.337,+0.964
1631258340,+3.48,+27.585, +0.279,+0.964
1631258400,+3.48,+27.585, +0.251,+0.964
1631258460,+3.48,+27.576, +0.242,+0.964
1631258520,+3.48,+27.568, +0.291,+0.963
1631258580,+3.48,+27.568, +0.559,+0.962
1631258640,+3.48,+27.542, +0.840,+0.965
1631258700,+3.48,+27.542, +1.049,+0.967
1631258760,+3.48,+27.542, +1.211,+0.968
1631258820,+3.48,+27.542, +1.348,+0.970
1631258880,+3.48,+27.534, +1.428,+0.972
1631258940,+3.48,+27.534, +1.441,+0.973
1631259000,+3.48,+27.500, +1.423,+0.973
1631259060,+3.48,+27.517, +1.388,+0.973
1631259120,+3.48,+27.508, +1.353,+0.973
1631259180,+3.48,+27.508, +1.296,+0.974
1631259240,+3.48,+27.508, +1.217,+0.974
1631259300,+3.48,+27.500, +1.127,+0.975
1631259360,+3.48,+27.500, +1.020,+0.974
1631259420,+3.48,+27.500, +0.911,+0.974
1631259480,+3.48,+27.491, +0.814,+0.974
1631259540,+3.48,+27.500, +0.734,+0.973
1631259600,+3.48,+27.483, +0.687,+0.971
1631259660,+3.48,+27.491, +0.633,+0.970
1631259720,+3.48,+27.483, +0.596,+0.969
1631259780,+3.48,+27.466, +0.625,+0.968
1631259840,+3.48,+27.474, +0.649,+0.966
1631259900,+3.48,+27.466, +0.673,+0.965
1631259960,+3.48,+27.474, +0.683,+0.966
1631260020,+3.48,+27.483, +0.658,+0.967
1631260080,+3.48,+27.466, +0.618,+0.967
1631260140,+3.48,+27.466, +0.562,+0.966
1631260200,+3.48,+27.457, +0.534,+0.965
1631260260,+3.48,+27.449, +0.527,+0.964
1631260320,+3.48,+27.457, +0.527,+0.964
1631260380,+3.48,+27.440, +0.538,+0.963
1631260440,+3.48,+27.432, +0.572,+0.963
1631260500,+3.48,+27.432, +0.583,+0.962
1631260560,+3.48,+27.440, +0.642,+0.963
1631260620,+3.48,+27.423, +0.731,+0.964
1631260680,+3.48,+27.432, +0.810,+0.967
1631260740,+3.48,+27.423, +0.849,+0.969
1631260800,+3.48,+27.415, +0.834,+0.968
1631260860,+3.48,+27.432, +0.812,+0.968
1631260920,+3.48,+27.415, +0.800,+0.968
1631260980,+3.48,+27.398, +0.798,+0.970
1631261040,+3.48,+27.406, +0.788,+0.970
1631261100,+3.48,+27.423, +0.754,+0.971
1631261160,+3.48,+27.398, +0.691,+0.971
1631261220,+3.48,+27.415, +0.611,+0.971
1631261280,+3.48,+27.406, +0.520,+0.970
1631261340,+3.48,+27.389, +0.419,+0.969
1631261400,+3.48,+27.389, +0.313,+0.967
1631261460,+3.48,+27.398, +0.231,+0.966
1631261520,+3.48,+27.381, +0.174,+0.966
1631261580,+3.48,+27.372, +0.128,+0.966
1631261640,+3.48,+27.364, +0.095,+0.966
1631261700,+3.48,+27.381, +0.076,+0.966
1631261760,+3.48,+27.372, +0.067,+0.966
1631261820,+3.48,+27.364, +0.061,+0.966
1631261880,+3.48,+27.364, +0.055,+0.966
1631261940,+3.48,+27.381, +0.048,+0.966
1631262000,+3.48,+27.347, +0.043,+0.966
1631262060,+3.48,+27.347, +0.041,+0.966
1631262120,+3.48,+27.347, +0.043,+0.966
1631262180,+3.48,+27.355, +0.042,+0.966
1631262240,+3.48,+27.355, +0.042,+0.966
1631262300,+3.48,+27.338, +0.044,+0.966
1631262360,+3.48,+27.330, +0.046,+0.966
1631262420,+3.48,+27.321, +0.049,+0.966
1631262480,+3.48,+27.330, +0.051,+0.966
1631262540,+3.48,+27.321, +0.055,+0.967
1631262600,+3.48,+27.313, +0.055,+0.966
1631262660,+3.48,+27.321, +0.054,+0.966
1631262720,+3.48,+27.313, +0.048,+0.966
1631262780,+3.48,+27.304, +0.043,+0.966
1631262840,+3.48,+27.313, +0.040,+0.966
1631262900,+3.48,+27.296, +0.038,+0.966
1631262960,+3.48,+27.279, +0.037,+0.966
1631263020,+3.48,+27.296, +0.037,+0.966
1631263080,+3.48,+27.287, +0.037,+0.966
1631263140,+3.48,+27.279, +0.037,+0.966
1631263200,+3.48,+27.279, +0.037,+0.966
1631263260,+3.48,+27.270, +0.037,+0.966
1631263320,+3.48,+27.279, +0.037,+0.966
1631263380,+3.48,+27.270, +0.037,+0.966
1631263440,+3.48,+27.270, +0.037,+0.966
1631263500,+3.48,+27.253, +0.037,+0.966
1631263560,+3.48,+27.270, +0.037,+0.966
1631263620,+3.48,+27.262, +0.038,+0.966
1631263680,+3.48,+27.253, +0.048,+0.966
1631263740,+3.48,+27.245, +0.053,+0.966
1631263800,+3.48,+27.253, +0.055,+0.966
1631263860,+3.48,+27.236, +0.053,+0.966
1631263920,+3.48,+27.253, +0.050,+0.966
1631263980,+3.48,+27.236, +0.051,+0.966
1631264040,+3.48,+27.245, +0.050,+0.966
1631264100,+3.48,+27.236, +0.049,+0.966
1631264160,+3.48,+27.236, +0.049,+0.966
1631264220,+3.48,+27.219, +0.048,+0.966
1631264280,+3.48,+27.211, +0.047,+0.966
1631264340,+3.48,+27.219, +0.045,+0.966
1631264400,+3.48,+27.228, +0.043,+0.966
1631264460,+3.48,+27.219, +0.041,+0.967
1631264520,+3.48,+27.202, +0.040,+0.966
1631264580,+3.48,+27.202, +0.039,+0.966
1631264640,+3.48,+27.186, +0.039,+0.966
1631264700,+3.48,+27.186, +0.039,+0.967
1631264760,+3.48,+27.194, +0.038,+0.966
1631264820,+3.48,+27.177, +0.037,+0.966
1631264880,+3.48,+27.194, +0.036,+0.966
1631264940,+3.48,+27.169, +0.038,+0.967
1631265000,+3.48,+27.177, +0.037,+0.966
1631265060,+3.48,+27.186, +0.037,+0.966
1631265120,+3.48,+27.169, +0.037,+0.966
1631265180,+3.48,+27.160, +0.037,+0.967
1631265240,+3.48,+27.169, +0.037,+0.967
1631265300,+3.48,+27.143, +0.037,+0.967
1631265360,+3.48,+27.143, +0.037,+0.967
1631265420,+3.48,+27.143, +0.037,+0.967
1631265480,+3.48,+27.135, +0.050,+0.967
1631265540,+3.48,+27.126, +0.203,+0.963
1631265600,+3.48,+27.109, +0.343,+0.958
1631265660,+3.48,+27.109, +0.438,+0.954
1631265720,+3.48,+27.109, +0.503,+0.953
1631265780,+3.48,+27.101, +0.540,+0.953
1631265840,+3.48,+27.092, +0.568,+0.953
1631265900,+3.48,+27.084, +0.579,+0.953
1631265960,+3.48,+27.101, +0.579,+0.953
1631266020,+3.48,+27.084, +0.598,+0.953
1631266080,+3.48,+27.084, +0.609,+0.953
1631266140,+3.48,+27.075, +0.604,+0.954
1631266200,+3.48,+27.075, +0.590,+0.955
1631266260,+3.48,+27.084, +0.561,+0.957
1631266320,+3.48,+27.075, +0.529,+0.957
1631266380,+3.48,+27.067, +0.499,+0.957
1631266440,+3.48,+27.067, +0.478,+0.958
1631266500,+3.48,+27.067, +0.453,+0.959
1631266560,+3.48,+27.058, +0.417,+0.960
1631266620,+3.48,+27.050, +0.380,+0.960
1631266680,+3.48,+27.067, +0.362,+0.961
1631266740,+3.48,+27.058, +0.346,+0.961
1631266800,+3.48,+27.067, +0.317,+0.962
1631266860,+3.48,+27.058, +0.295,+0.962
1631266920,+3.48,+27.058, +0.276,+0.963
1631266980,+3.48,+27.050, +0.247,+0.964
1631267040,+3.48,+27.050, +0.226,+0.963
1631267100,+3.48,+27.050, +0.225,+0.963
1631267160,+3.48,+27.033, +0.237,+0.963
1631267220,+3.48,+27.041, +0.241,+0.964
1631267280,+3.48,+27.033, +0.224,+0.964
1631267340,+3.48,+27.033, +0.210,+0.964
1631267400,+3.48,+27.016, +0.195,+0.964
1631267460,+3.48,+27.024, +0.173,+0.965
1631267520,+3.48,+27.016, +0.155,+0.965
1631267580,+3.48,+27.016, +0.146,+0.965
1631267640,+3.48,+26.999, +0.146,+0.965
1631267700,+3.48,+27.016, +0.136,+0.965
1631267760,+3.48,+26.999, +0.119,+0.966
1631267820,+3.48,+27.007, +0.099,+0.966
1631267880,+3.48,+26.999, +0.087,+0.966
1631267940,+3.48,+26.990, +0.082,+0.966
1631268000,+3.48,+26.999, +0.080,+0.966
1631268060,+3.48,+26.990, +0.081,+0.966
1631268120,+3.48,+26.973, +0.082,+0.965
1631268180,+3.48,+26.982, +0.085,+0.965
1631268240,+3.48,+26.956, +0.089,+0.965
1631268300,+3.48,+26.956, +0.097,+0.965
1631268360,+3.48,+26.973, +0.100,+0.965
1631268420,+3.48,+26.956, +0.095,+0.965
1631268480,+3.48,+26.948, +0.093,+0.965
1631268540,+3.48,+26.948, +0.098,+0.965
1631268600,+3.48,+26.956, +0.106,+0.965
1631268660,+3.48,+26.956, +0.114,+0.964
1631268720,+3.48,+26.948, +0.114,+0.964
1631268780,+3.48,+26.956, +0.112,+0.964
1631268840,+3.48,+26.939, +0.115,+0.964
1631268900,+3.48,+26.948, +0.115,+0.964
1631268960,+3.48,+26.948, +0.109,+0.965
1631269020,+3.48,+26.948, +0.095,+0.966
1631269080,+3.48,+26.931, +0.078,+0.966
1631269140,+3.48,+26.906, +0.063,+0.966
1631269200,+3.48,+26.923, +0.054,+0.966
1631269260,+3.48,+26.923, +0.052,+0.966
1631269320,+3.48,+26.906, +0.057,+0.966
1631269380,+3.48,+26.914, +0.070,+0.966
1631269440,+3.48,+26.906, +0.082,+0.965
1631269500,+3.48,+26.889, +0.095,+0.965
1631269560,+3.48,+26.889, +0.098,+0.965
1631269620,+3.48,+26.897, +0.092,+0.965
1631269680,+3.48,+26.889, +0.086,+0.966
1631269740,+3.48,+26.889, +0.085,+0.966
1631269800,+3.48,+26.880, +0.084,+0.966
1631269860,+3.48,+26.889, +0.084,+0.966
1631269920,+3.48,+26.880, +0.087,+0.966
1631269980,+3.48,+26.863, +0.088,+0.966
1631270040,+3.48,+26.863, +0.086,+0.966
1631270100,+3.48,+26.863, +0.083,+0.966
1631270160,+3.48,+26.863, +0.078,+0.966
1631270220,+3.48,+26.872, +0.077,+0.965
1631270280,+3.48,+26.855, +0.080,+0.966
1631270340,+3.48,+26.855, +0.087,+0.966
1631270400,+3.48,+26.846, +0.099,+0.966
1631270460,+3.48,+26.838, +0.098,+0.966
1631270520,+3.48,+26.838, +0.096,+0.966
1631270580,+3.48,+26.846, +0.094,+0.966
1631270640,+3.48,+26.838, +0.094,+0.966
1631270700,+3.48,+26.829, +0.093,+0.966
1631270760,+3.48,+26.821, +0.096,+0.966
1631270820,+3.48,+26.829, +0.098,+0.965
1631270880,+3.48,+26.829, +0.106,+0.965
1631270940,+3.48,+26.829, +0.115,+0.965
1631271000,+3.48,+26.821, +0.124,+0.965
1631271060,+3.48,+26.812, +0.125,+0.966
1631271120,+3.48,+26.812, +0.118,+0.966
1631271180,+3.48,+26.804, +0.108,+0.966
1631271240,+3.48,+26.804, +0.104,+0.966
1631271300,+3.48,+26.804, +0.098,+0.966
1631271360,+3.48,+26.787, +0.094,+0.965
1631271420,+3.48,+26.795, +0.101,+0.965
1631271480,+3.48,+26.787, +0.108,+0.964
1631271540,+3.48,+26.778, +0.113,+0.964
1631271600,+3.48,+26.762, +0.118,+0.965
1631271660,+3.48,+26.787, +0.116,+0.965
1631271720,+3.48,+26.770, +0.115,+0.965
1631271780,+3.48,+26.753, +0.110,+0.965
1631271840,+3.48,+26.770, +0.107,+0.966
1631271900,+3.48,+26.762, +0.095,+0.966
1631271960,+3.48,+26.753, +0.081,+0.966
1631272020,+3.48,+26.753, +0.073,+0.966
1631272080,+3.48,+26.753, +0.063,+0.967
1631272140,+3.48,+26.745, +0.050,+0.966
1631272200,+3.48,+26.728, +0.043,+0.967
1631272260,+3.48,+26.745, +0.040,+0.966
1631272320,+3.48,+26.736, +0.039,+0.966
1631272380,+3.48,+26.719, +0.038,+0.967
1631272440,+3.48,+26.728, +0.040,+0.967
1631272500,+3.48,+26.711, +0.043,+0.966
1631272560,+3.48,+26.694, +0.047,+0.967
1631272620,+3.48,+26.702, +0.040,+0.967
1631272680,+3.48,+26.694, +0.036,+0.967
1631272740,+3.48,+26.702, +0.037,+0.967
1631272800,+3.48,+26.694, +0.036,+0.967
1631272860,+3.48,+26.694, +0.036,+0.966
1631272920,+3.48,+26.685, +0.036,+0.966
1631272980,+3.48,+26.677, +0.037,+0.967
1631273040,+3.48,+26.685, +0.036,+0.967
1631273100,+3.48,+26.677, +0.037,+0.967
1631273160,+3.48,+26.677, +0.037,+0.967
1631273220,+3.48,+26.668, +0.037,+0.967
1631273280,+3.48,+26.651, +0.036,+0.967
1631273340,+3.48,+26.677, +0.036,+0.967
1631273400,+3.48,+26.660, +0.036,+0.967
1631273460,+3.48,+26.660, +0.036,+0.967
1631273520,+3.48,+26.634, +0.037,+0.967
1631273580,+3.48,+26.660, +0.037,+0.967
1631273640,+3.48,+26.626, +0.036,+0.967
1631273700,+3.48,+26.634, +0.036,+0.967
1631273760,+3.48,+26.634, +0.037,+0.967
1631273820,+3.48,+26.618, +0.037,+0.967
1631273880,+3.48,+26.626, +0.037,+0.967
1631273940,+3.48,+26.626, +0.038,+0.967
1631274000,+3.48,+26.626, +0.040,+0.967
1631274060,+3.48,+26.609, +0.043,+0.967
1631274120,+3.48,+26.609, +0.044,+0.967
1631274180,+3.48,+26.618, +0.044,+0.967
1631274240,+3.48,+26.609, +0.045,+0.967
1631274300,+3.48,+26.592, +0.051,+0.967
1631274360,+3.48,+26.592, +0.060,+0.967
1631274420,+3.48,+26.584, +0.066,+0.967
1631274480,+3.48,+26.601, +0.069,+0.967
1631274540,+3.48,+26.592, +0.068,+0.967
1631274600,+3.48,+26.584, +0.066,+0.967
1631274660,+3.48,+26.592, +0.065,+0.967
1631274720,+3.48,+26.584, +0.064,+0.967
1631274780,+3.48,+26.592, +0.059,+0.967
1631274840,+3.48,+26.567, +0.052,+0.967
1631274900,+3.48,+26.575, +0.048,+0.967
1631274960,+3.48,+26.567, +0.047,+0.967
1631275020,+3.48,+26.567, +0.045,+0.967
1631275080,+3.48,+26.550, +0.042,+0.967
1631275140,+3.48,+26.533, +0.041,+0.967
1631275200,+3.48,+26.558, +0.041,+0.967
1631275260,+3.48,+26.550, +0.040,+0.967
1631275320,+3.48,+26.550, +0.039,+0.967
1631275380,+3.48,+26.541, +0.039,+0.967
1631275440,+3.48,+26.541, +0.039,+0.967
1631275500,+3.48,+26.541, +0.041,+0.967
1631275560,+3.48,+26.524, +0.041,+0.967
1631275620,+3.48,+26.516, +0.038,+0.967
1631275680,+3.48,+26.524, +0.254,+0.970
1631275740,+3.48,+26.516, +0.515,+0.968
1631275800,+3.48,+26.499, +0.496,+0.964
1631275860,+3.48,+26.524, +0.438,+0.962
1631275920,+3.48,+26.499, +0.389,+0.960
1631275980,+3.48,+26.508, +0.342,+0.959
1631276040,+3.48,+26.499, +0.308,+0.959
1631276100,+3.48,+26.491, +0.281,+0.959
1631276160,+3.48,+26.474, +0.278,+0.960
1631276220,+3.48,+26.482, +0.326,+0.960
1631276280,+3.47,+26.474, +0.368,+0.961
1631276340,+3.47,+26.457, +0.395,+0.962
1631276400,+3.47,+26.457, +0.399,+0.962
1631276460,+3.47,+26.457, +0.391,+0.962
1631276520,+3.47,+26.465, +0.375,+0.961
1631276580,+3.47,+26.457, +0.357,+0.961
1631276640,+3.47,+26.457, +0.341,+0.960
1631276700,+3.47,+26.431, +0.325,+0.961
1631276760,+3.47,+26.431, +0.306,+0.961
1631276820,+3.47,+26.440, +0.290,+0.961
1631276880,+3.47,+26.423, +0.275,+0.961
1631276940,+3.47,+26.440, +0.254,+0.961
1631277000,+3.47,+26.440, +0.234,+0.962
1631277060,+3.47,+26.440, +0.218,+0.963
1631277120,+3.47,+26.423, +0.201,+0.963
1631277180,+3.47,+26.414, +0.182,+0.964
1631277240,+3.47,+26.423, +0.160,+0.964
1631277300,+3.47,+26.406, +0.143,+0.965
1631277360,+3.47,+26.423, +0.133,+0.965
1631277420,+3.47,+26.414, +0.129,+0.965
1631277480,+3.47,+26.414, +0.123,+0.966
1631277540,+3.47,+26.398, +0.117,+0.966
1631277600,+3.47,+26.406, +0.110,+0.966
1631277660,+3.47,+26.406, +0.105,+0.966
1631277720,+3.47,+26.389, +0.098,+0.966
1631277780,+3.47,+26.398, +0.092,+0.966
1631277840,+3.47,+26.406, +0.088,+0.966
1631277900,+3.47,+26.389, +0.082,+0.966
1631277960,+3.47,+26.398, +0.083,+0.966
1631278020,+3.47,+26.381, +0.081,+0.967
1631278080,+3.47,+26.381, +0.093,+0.967
1631278140,+3.47,+26.372, +0.143,+0.967
1631278200,+3.47,+26.389, +0.206,+0.967
1631278260,+3.47,+26.372, +0.265,+0.967
1631278320,+3.47,+26.398, +0.309,+0.967
1631278380,+3.47,+26.372, +0.346,+0.968
1631278440,+3.47,+26.372, +0.364,+0.968
1631278500,+3.47,+26.364, +0.362,+0.969
1631278560,+3.47,+26.364, +0.359,+0.969
1631278620,+3.47,+26.364, +0.360,+0.968
1631278680,+3.47,+26.364, +0.356,+0.969
1631278740,+3.47,+26.364, +0.357,+0.969
1631278800,+3.47,+26.355, +0.346,+0.968
1631278860,+3.47,+26.355, +0.347,+0.969
1631278920,+3.47,+26.364, +0.546,+0.971
1631278980,+3.47,+26.347, +0.801,+0.973
1631279040,+3.47,+26.347, +1.028,+0.975
1631279100,+3.47,+26.347, +1.206,+0.976
1631279160,+3.47,+26.347, +1.315,+0.978
1631279220,+3.47,+26.338, +1.390,+0.978
1631279280,+3.47,+26.330, +1.439,+0.978
1631279340,+3.47,+26.338, +1.475,+0.978
1631279400,+3.47,+26.338, +1.496,+0.978
1631279460,+3.47,+26.321, +1.500,+0.978
1631279520,+3.47,+26.338, +1.497,+0.978
1631279580,+3.47,+26.330, +1.506,+0.978
1631279640,+3.47,+26.321, +1.861,+0.978
1631279700,+3.47,+26.313, +2.197,+0.979
1631279760,+3.47,+26.321, +2.429,+0.981
1631279820,+3.47,+26.321, +2.560,+0.981
1631279880,+3.47,+26.296, +2.625,+0.982
1631279940,+3.47,+26.330, +2.625,+0.982
1631280000,+3.47,+26.305, +2.619,+0.982
1631280060,+3.47,+26.330, +2.623,+0.983
1631280120,+3.47,+26.305, +2.641,+0.983
1631280180,+3.47,+26.321, +2.645,+0.983
1631280240,+3.47,+26.330, +2.641,+0.983
1631280300,+3.47,+26.313, +2.632,+0.984
1631280360,+3.47,+26.296, +2.639,+0.983
1631280420,+3.47,+26.321, +2.736,+0.983
1631280480,+3.47,+26.305, +2.848,+0.983
1631280540,+3.47,+26.305, +2.946,+0.983
1631280600,+3.47,+26.313, +3.038,+0.983
1631280660,+3.47,+26.321, +3.132,+0.983
1631280720,+3.47,+26.321, +3.198,+0.983
1631280780,+3.47,+26.321, +3.261,+0.983
1631280840,+3.47,+26.313, +3.315,+0.983
1631280900,+3.47,+26.330, +3.350,+0.983
1631280960,+3.47,+26.321, +3.365,+0.983
1631281020,+3.47,+26.338, +3.428,+0.983
1631281080,+3.47,+26.321, +3.490,+0.983
1631281140,+3.47,+26.305, +3.560,+0.984
1631281200,+3.47,+26.321, +3.642,+0.984
1631281260,+3.47,+26.330, +3.720,+0.983
1631281320,+3.47,+26.321, +3.778,+0.983
1631281380,+3.47,+26.313, +3.840,+0.983
1631281440,+3.47,+26.321, +3.904,+0.983
1631281500,+3.47,+26.313, +3.980,+0.983
1631281560,+3.47,+26.330, +4.063,+0.983
1631281620,+3.47,+26.330, +4.141,+0.983
1631281680,+3.47,+26.338, +4.218,+0.983
1631281740,+3.47,+26.355, +4.303,+0.982
1631281800,+3.47,+26.330, +4.407,+0.983
1631281860,+3.47,+26.347, +4.505,+0.982
1631281920,+3.47,+26.338, +4.626,+0.983
1631281980,+3.47,+26.355, +4.749,+0.982
1631282040,+3.47,+26.355, +4.880,+0.982
1631282100,+3.47,+26.355, +5.021,+0.983
1631282160,+3.47,+26.338, +5.147,+0.983
1631282220,+3.47,+26.355, +5.256,+0.982
1631282280,+3.47,+26.364, +5.404,+0.983
1631282340,+3.47,+26.347, +5.549,+0.982
1631282400,+3.47,+26.347, +5.682,+0.983
1631282460,+3.47,+26.372, +5.800,+0.983
1631282520,+3.47,+26.364, +5.916,+0.982
1631282580,+3.47,+26.381, +6.039,+0.982
1631282640,+3.47,+26.372, +6.176,+0.982
1631282700,+3.47,+26.372, +6.336,+0.983
1631282760,+3.47,+26.381, +6.458,+0.982
1631282820,+3.47,+26.372, +6.592,+0.983
1631282880,+3.47,+26.364, +6.708,+0.982
1631282940,+3.47,+26.381, +6.839,+0.983
1631283000,+3.47,+26.398, +6.990,+0.983
1631283060,+3.47,+26.398, +7.106,+0.982
1631283120,+3.47,+26.381, +7.244,+0.981
1631283180,+3.47,+26.389, +7.381,+0.982
1631283240,+3.47,+26.398, +7.516,+0.982
1631283300,+3.47,+26.389, +7.618,+0.982
1631283360,+3.47,+26.406, +7.726,+0.982
1631283420,+3.47,+26.406, +7.850,+0.982
1631283480,+3.47,+26.406, +7.970,+0.982
1631283540,+3.47,+26.398, +8.082,+0.982
1631283600,+3.47,+26.423, +8.189,+0.983
1631283660,+3.47,+26.414, +8.264,+0.982
1631283720,+3.47,+26.398, +8.360,+0.982
1631283780,+3.47,+26.423, +8.440,+0.982
1631283840,+3.47,+26.431, +8.530,+0.982
1631283900,+3.47,+26.423, +8.624,+0.983
1631283960,+3.47,+26.414, +8.722,+0.983
1631284020,+3.47,+26.423, +8.859,+0.983
1631284080,+3.47,+26.423, +9.003,+0.983
1631284140,+3.47,+26.431, +9.105,+0.983
1631284200,+3.47,+26.431, +9.169,+0.982
1631284260,+3.47,+26.414, +9.186,+0.982
1631284320,+3.47,+26.423, +9.194,+0.981
1631284380,+3.47,+26.423, +9.246,+0.981
1631284440,+3.47,+26.414, +9.201,+0.981
1631284500,+3.47,+26.414, +9.239,+0.981
1631284560,+3.47,+26.423, +9.278,+0.982
1631284620,+3.47,+26.431, +9.336,+0.981
1631284680,+3.47,+26.448, +9.432,+0.982
1631284740,+3.47,+26.440, +9.612,+0.982
1631284800,+3.47,+26.448, +9.770,+0.982
1631284860,+3.47,+26.440, +9.892,+0.981
1631284920,+3.47,+26.482,+10.040,+0.982
1631284980,+3.47,+26.474,+10.207,+0.982
1631285040,+3.47,+26.474,+10.384,+0.982
1631285100,+3.47,+26.491,+10.590,+0.983
1631285160,+3.47,+26.491,+10.791,+0.984
1631285220,+3.47,+26.499,+10.972,+0.984
1631285280,+3.47,+26.508,+11.156,+0.983
1631285340,+3.47,+26.508,+11.289,+0.983
1631285400,+3.47,+26.524,+11.469,+0.984
1631285460,+3.47,+26.508,+11.634,+0.983
1631285520,+3.48,+26.533,+11.766,+0.983
1631285580,+3.48,+26.533,+11.956,+0.984
1631285640,+3.48,+26.533,+12.086,+0.983
1631285700,+3.48,+26.558,+12.128,+0.984
1631285760,+3.48,+26.567,+12.147,+0.983
1631285820,+3.48,+26.567,+12.105,+0.983
1631285880,+3.48,+26.584,+12.073,+0.983
1631285940,+3.48,+26.575,+12.095,+0.982
1631286000,+3.48,+26.584,+12.206,+0.983
1631286060,+3.48,+26.592,+12.384,+0.984
1631286120,+3.48,+26.592,+12.540,+0.984
1631286180,+3.48,+26.601,+12.689,+0.984
1631286240,+3.48,+26.618,+12.825,+0.985
1631286300,+3.48,+26.618,+12.952,+0.984
1631286360,+3.48,+26.626,+13.080,+0.983
1631286420,+3.48,+26.643,+13.248,+0.985
1631286480,+3.48,+26.643,+13.403,+0.984
1631286540,+3.48,+26.651,+13.602,+0.985
1631286600,+3.48,+26.660,+13.711,+0.985
1631286660,+3.48,+26.668,+13.832,+0.986
1631286720,+3.48,+26.660,+13.922,+0.985
1631286780,+3.48,+26.677,+13.994,+0.984
1631286840,+3.48,+26.685,+14.073,+0.984
1631286900,+3.48,+26.694,+14.195,+0.985
1631286960,+3.48,+26.694,+14.275,+0.984
1631287020,+3.48,+26.694,+14.378,+0.984
1631287080,+3.48,+26.711,+14.454,+0.984
1631287140,+3.48,+26.702,+14.493,+0.983
1631287200,+3.48,+26.719,+14.589,+0.983
1631287260,+3.48,+26.736,+14.702,+0.985
1631287320,+3.48,+26.736,+14.712,+0.982
1631287380,+3.48,+26.736,+14.807,+0.984
1631287440,+3.48,+26.745,+14.785,+0.984
1631287500,+3.48,+26.745,+14.803,+0.983
1631287560,+3.48,+26.753,+14.900,+0.984
1631287620,+3.48,+26.770,+15.002,+0.983
1631287680,+3.48,+26.778,+15.203,+0.985
1631287740,+3.48,+26.795,+15.375,+0.984
1631287800,+3.48,+26.778,+15.616,+0.985
1631287860,+3.48,+26.770,+15.703,+0.982
1631287920,+3.48,+26.778,+15.855,+0.985
1631287980,+3.47,+26.804,+15.982,+0.984
1631288040,+3.48,+26.787,+16.191,+0.985
1631288100,+3.48,+26.812,+16.326,+0.984
1631288160,+3.48,+26.829,+16.472,+0.984
1631288220,+3.47,+26.829,+16.600,+0.986
1631288280,+3.47,+26.829,+16.729,+0.985
1631288340,+3.47,+26.829,+16.850,+0.985
1631288400,+3.48,+26.838,+16.939,+0.987
1631288460,+3.47,+26.855,+16.896,+0.985
1631288520,+3.47,+26.846,+16.985,+0.986
1631288580,+3.47,+26.863,+17.073,+0.985
1631288640,+3.47,+26.872,+17.172,+0.984
1631288700,+3.47,+26.889,+17.341,+0.985
1631288760,+3.47,+26.889,+17.495,+0.986
1631288820,+3.47,+26.880,+17.429,+0.985
1631288880,+3.47,+26.880,+17.333,+0.985
1631288940,+3.47,+26.906,+17.335,+0.984
1631289000,+3.47,+26.906,+17.589,+0.986
1631289060,+3.47,+26.931,+17.830,+0.985
1631289120,+3.47,+26.948,+18.102,+0.985
1631289180,+3.47,+26.939,+18.366,+0.984
1631289240,+3.47,+26.973,+18.572,+0.984
1631289300,+3.47,+26.956,+18.850,+0.985
1631289360,+3.47,+26.982,+19.069,+0.986
1631289420,+3.47,+26.990,+19.290,+0.987
1631289480,+3.47,+26.999,+19.483,+0.984
1631289540,+3.47,+27.007,+19.689,+0.986
1631289600,+3.47,+27.024,+19.710,+0.984
1631289660,+3.47,+27.033,+19.865,+0.987
1631289720,+3.47,+27.041,+19.948,+0.988
1631289780,+3.47,+27.041,+19.959,+0.987
1631289840,+3.47,+27.058,+19.942,+0.986
1631289900,+3.47,+27.058,+19.839,+0.986
1631289960,+3.47,+27.067,+19.722,+0.986
1631290020,+3.47,+27.075,+19.577,+0.985
1631290080,+3.47,+27.075,+19.584,+0.986
1631290140,+3.47,+27.092,+19.566,+0.986
1631290200,+3.47,+27.092,+19.591,+0.986
1631290260,+3.47,+27.109,+19.594,+0.986
1631290320,+3.47,+27.109,+19.676,+0.987
1631290380,+3.47,+27.118,+19.717,+0.987
1631290440,+3.47,+27.109,+19.713,+0.985
1631290500,+3.47,+27.118,+19.746,+0.985
1631290560,+3.47,+27.126,+19.797,+0.987
1631290620,+3.47,+27.135,+19.751,+0.986
1631290680,+3.47,+27.135,+19.697,+0.987
1631290740,+3.47,+27.143,+19.673,+0.986
1631290800,+3.47,+27.143,+19.753,+0.986
1631290860,+3.47,+27.143,+19.766,+0.984
1631290920,+3.47,+27.160,+19.897,+0.987
1631290980,+3.47,+27.152,+19.804,+0.982
1631291040,+3.47,+27.169,+19.964,+0.987
1631291100,+3.47,+27.169,+19.909,+0.985
1631291160,+3.47,+27.177,+19.915,+0.984
1631291220,+3.47,+27.186,+19.833,+0.987
1631291280,+3.47,+27.177,+19.573,+0.986
1631291340,+3.47,+27.194,+19.600,+0.986
1631291400,+3.47,+27.194,+19.730,+0.986
1631291460,+3.47,+27.194,+19.578,+0.986
1631291520,+3.47,+27.186,+19.199,+0.985
1631291580,+3.47,+27.194,+18.941,+0.986
1631291640,+3.47,+27.211,+18.964,+0.986
1631291700,+3.47,+27.202,+19.104,+0.986
1631291760,+3.47,+27.219,+19.345,+0.988
1631291820,+3.47,+27.228,+19.435,+0.985
1631291880,+3.47,+27.236,+19.722,+0.988
1631291940,+3.47,+27.228,+19.803,+0.984
1631292000,+3.47,+27.245,+20.036,+0.987
1631292060,+3.47,+27.262,+20.125,+0.988
1631292120,+3.47,+27.279,+19.962,+0.985
1631292180,+3.47,+27.296,+19.962,+0.986
1631292240,+3.47,+27.304,+20.055,+0.986
1631292300,+3.47,+27.296,+20.164,+0.987
1631292360,+3.47,+27.296,+20.106,+0.986
1631292420,+3.47,+27.296,+20.004,+0.987
1631292480,+3.47,+27.304,+19.990,+0.986
1631292540,+3.47,+27.347,+20.134,+0.988
1631292600,+3.47,+27.338,+20.010,+0.983
1631292660,+3.47,+27.338,+20.115,+0.987
1631292720,+3.47,+27.347,+20.276,+0.988
1631292780,+3.47,+27.364,+20.491,+0.985
1631292840,+3.47,+27.381,+20.754,+0.985
1631292900,+3.47,+27.398,+21.046,+0.987
1631292960,+3.47,+27.415,+21.232,+0.987
1631293020,+3.47,+27.440,+21.269,+0.985
1631293080,+3.47,+27.440,+21.391,+0.987
1631293140,+3.47,+27.466,+21.612,+0.989
1631293200,+3.47,+27.474,+21.545,+0.987
1631293260,+3.47,+27.483,+21.275,+0.986
1631293320,+3.47,+27.491,+21.153,+0.986
1631293380,+3.47,+27.508,+21.415,+0.987
1631293440,+3.47,+27.517,+21.641,+0.989
1631293500,+3.47,+27.534,+21.804,+0.989
1631293560,+3.47,+27.534,+21.975,+0.989
1631293620,+3.47,+27.551,+22.036,+0.987
1631293680,+3.47,+27.559,+22.131,+0.986
1631293740,+3.47,+27.576,+22.154,+0.986
1631293800,+3.47,+27.576,+22.098,+0.985
1631293860,+3.47,+27.568,+22.282,+0.988
1631293920,+3.47,+27.568,+22.330,+0.986
1631293980,+3.47,+27.585,+22.323,+0.985
1631294040,+3.47,+27.585,+22.418,+0.988
1631294100,+3.47,+27.593,+22.323,+0.987
1631294160,+3.47,+27.593,+22.246,+0.988
1631294220,+3.47,+27.602,+22.010,+0.985
1631294280,+3.47,+27.602,+21.960,+0.986
1631294340,+3.47,+27.593,+21.979,+0.986
1631294400,+3.47,+27.593,+21.888,+0.985
1631294460,+3.47,+27.602,+21.804,+0.987
1631294520,+3.47,+27.627,+21.773,+0.988
1631294580,+3.47,+27.610,+21.625,+0.985
1631294640,+3.47,+27.619,+21.679,+0.988
1631294700,+3.47,+27.602,+21.633,+0.986
1631294760,+3.47,+27.610,+21.686,+0.987
1631294820,+3.47,+27.610,+21.807,+0.987
1631294880,+3.47,+27.610,+21.843,+0.987
1631294940,+3.47,+27.619,+21.891,+0.985
1631295000,+3.47,+27.610,+22.116,+0.988
1631295060,+3.47,+27.636,+22.161,+0.986
1631295120,+3.47,+27.627,+22.331,+0.986
1631295180,+3.47,+27.670,+22.586,+0.987
1631295240,+3.48,+27.678,+22.902,+0.988
1631295300,+3.48,+27.696,+23.052,+0.989
1631295360,+3.47,+27.713,+22.878,+0.984
1631295420,+3.48,+27.747,+22.894,+0.985
1631295480,+3.47,+27.755,+22.966,+0.987
1631295540,+3.47,+27.764,+23.060,+0.986
1631295600,+3.47,+27.781,+23.321,+0.988
1631295660,+3.47,+27.781,+23.472,+0.986
1631295720,+3.47,+27.823,+23.503,+0.985
1631295780,+3.47,+27.857,+23.825,+0.987
1631295840,+3.47,+27.891,+24.121,+0.987
1631295900,+3.47,+27.917,+24.420,+0.988
1631295960,+3.47,+27.943,+24.488,+0.985
1631296020,+3.47,+27.960,+24.752,+0.987
1631296080,+3.47,+27.985,+24.761,+0.986
1631296140,+3.47,+28.002,+24.932,+0.987
1631296200,+3.47,+28.028,+25.044,+0.987
1631296260,+3.47,+28.036,+25.000,+0.989
1631296320,+3.47,+28.028,+24.849,+0.984
1631296380,+3.47,+28.028,+24.895,+0.984
1631296440,+3.47,+28.045,+24.948,+0.985
1631296500,+3.47,+28.045,+24.892,+0.985
1631296560,+3.47,+28.045,+24.736,+0.983
1631296620,+3.47,+28.045,+24.791,+0.987
1631296680,+3.47,+28.045,+24.755,+0.987
1631296740,+3.47,+28.045,+24.709,+0.986
1631296800,+3.47,+28.036,+24.643,+0.984
1631296860,+3.47,+28.028,+24.858,+0.987
1631296920,+3.47,+28.019,+24.809,+0.986
1631296980,+3.47,+28.019,+24.819,+0.987
1631297040,+3.47,+28.028,+24.640,+0.983
1631297100,+3.47,+28.019,+24.656,+0.986
1631297160,+3.47,+28.019,+24.416,+0.985
1631297220,+3.47,+28.019,+24.451,+0.986
1631297280,+3.47,+28.036,+24.457,+0.985
1631297340,+3.47,+28.053,+24.542,+0.986
1631297400,+3.47,+28.062,+24.626,+0.989
1631297460,+3.47,+28.079,+24.632,+0.989
1631297520,+3.47,+28.096,+24.638,+0.989
1631297580,+3.47,+28.113,+24.571,+0.987
1631297640,+3.47,+28.139,+24.688,+0.987
1631297700,+3.47,+28.147,+24.773,+0.986
1631297760,+3.47,+28.164,+24.908,+0.987
1631297820,+3.47,+28.207,+24.868,+0.983
1631297880,+3.47,+28.207,+24.840,+0.984
1631297940,+3.47,+28.215,+24.825,+0.986
1631298000,+3.47,+28.250,+24.663,+0.986
1631298060,+3.47,+28.258,+24.585,+0.986
1631298120,+3.47,+28.267,+24.642,+0.987
1631298180,+3.47,+28.318,+24.678,+0.987
1631298240,+3.47,+28.335,+24.785,+0.986
1631298300,+3.47,+28.352,+24.969,+0.989
1631298360,+3.47,+28.369,+24.995,+0.988
1631298420,+3.47,+28.378,+24.848,+0.986
1631298480,+3.47,+28.403,+24.876,+0.987
1631298540,+3.47,+28.395,+24.882,+0.987
1631298600,+3.47,+28.420,+24.949,+0.986
1631298660,+3.47,+28.446,+24.921,+0.986
1631298720,+3.47,+28.463,+24.975,+0.986
1631298780,+3.47,+28.480,+25.106,+0.986
1631298840,+3.47,+28.506,+25.128,+0.984
1631298900,+3.47,+28.514,+25.376,+0.985
1631298960,+3.47,+28.523,+25.410,+0.985
1631299020,+3.47,+28.557,+25.404,+0.986
1631299080,+3.47,+28.566,+25.460,+0.985
1631299140,+3.47,+28.583,+25.618,+0.987
1631299200,+3.47,+28.609,+25.629,+0.987
1631299260,+3.47,+28.626,+25.565,+0.987
1631299320,+3.47,+28.660,+25.530,+0.987
1631299380,+3.47,+28.677,+25.698,+0.990
1631299440,+3.47,+28.711,+25.594,+0.987
1631299500,+3.47,+28.728,+25.634,+0.987
1631299560,+3.47,+28.754,+25.844,+0.988
1631299620,+3.47,+28.797,+25.930,+0.988
1631299680,+3.47,+28.788,+25.992,+0.986
1631299740,+3.47,+28.788,+26.284,+0.989
1631299800,+3.47,+28.797,+26.394,+0.987
1631299860,+3.47,+28.763,+26.644,+0.989
1631299920,+3.47,+28.771,+26.643,+0.986
1631299980,+3.47,+28.754,+26.789,+0.989
1631300040,+3.47,+28.763,+26.510,+0.987
1631300100,+3.47,+28.737,+26.259,+0.987
1631300160,+3.47,+28.694,+26.115,+0.988
1631300220,+3.47,+28.643,+25.907,+0.987
1631300280,+3.47,+28.600,+25.760,+0.987
1631300340,+3.47,+28.617,+25.552,+0.987
1631300400,+3.47,+28.583,+25.395,+0.986
1631300460,+3.47,+28.591,+25.418,+0.988
1631300520,+3.47,+28.600,+25.354,+0.985
1631300580,+3.47,+28.617,+25.352,+0.984
1631300640,+3.47,+28.651,+25.576,+0.988
1631300700,+3.47,+28.651,+25.667,+0.989
1631300760,+3.47,+28.686,+25.695,+0.988
1631300820,+3.47,+28.703,+25.696,+0.986
1631300880,+3.47,+28.737,+25.796,+0.986
1631300940,+3.47,+28.754,+25.858,+0.986
1631301000,+3.48,+28.780,+25.977,+0.986
1631301060,+3.47,+28.814,+26.153,+0.989
1631301120,+3.47,+28.814,+26.135,+0.987
1631301180,+3.47,+28.823,+26.237,+0.988
1631301240,+3.47,+28.831,+26.429,+0.990
1631301300,+3.47,+28.857,+26.441,+0.986
1631301360,+3.47,+28.874,+26.590,+0.985
1631301420,+3.47,+28.900,+26.812,+0.987
1631301480,+3.47,+28.917,+27.159,+0.992
1631301540,+3.47,+28.951,+27.061,+0.987
1631301600,+3.47,+28.960,+27.217,+0.986
1631301660,+3.47,+28.968,+27.348,+0.986
1631301720,+3.47,+28.994,+27.313,+0.984
1631301780,+3.47,+29.020,+27.482,+0.987
1631301840,+3.47,+29.037,+27.571,+0.991
1631301900,+3.47,+29.054,+27.330,+0.987
1631301960,+3.47,+29.045,+27.344,+0.988
1631302020,+3.47,+28.985,+27.142,+0.988
1631302080,+3.47,+28.977,+26.970,+0.986
1631302140,+3.47,+28.934,+26.903,+0.988
1631302200,+3.47,+28.934,+26.774,+0.987
1631302260,+3.47,+28.942,+26.650,+0.987
1631302320,+3.47,+28.925,+26.607,+0.986
1631302380,+3.47,+28.917,+26.621,+0.988
1631302440,+3.47,+28.934,+26.598,+0.987
1631302500,+3.47,+28.960,+26.630,+0.989
1631302560,+3.47,+28.977,+26.574,+0.988
1631302620,+3.47,+28.977,+26.578,+0.986
1631302680,+3.47,+28.977,+26.809,+0.988
1631302740,+3.47,+29.003,+27.053,+0.988
1631302800,+3.47,+29.011,+27.203,+0.986
1631302860,+3.47,+29.045,+27.399,+0.987
1631302920,+3.47,+29.063,+27.755,+0.992
1631302980,+3.47,+29.114,+27.677,+0.988
1631303040,+3.47,+29.105,+27.630,+0.985
1631303100,+3.47,+29.123,+27.733,+0.989
1631303160,+3.47,+29.157,+27.682,+0.988
1631303220,+3.47,+29.174,+27.438,+0.984
1631303280,+3.47,+29.200,+27.439,+0.985
1631303340,+3.47,+29.226,+27.302,+0.985
1631303400,+3.47,+29.260,+27.219,+0.986
1631303460,+3.47,+29.251,+27.189,+0.986
1631303520,+3.47,+29.269,+27.348,+0.990
1631303580,+3.47,+29.294,+27.245,+0.986
1631303640,+3.47,+29.303,+27.345,+0.988
1631303700,+3.47,+29.354,+27.456,+0.988
1631303760,+3.47,+29.406,+27.431,+0.988
1631303820,+3.47,+29.440,+27.407,+0.987
1631303880,+3.47,+29.501,+27.466,+0.989
1631303940,+3.47,+29.518,+27.467,+0.989
1631304000,+3.47,+29.552,+27.423,+0.987
1631304060,+3.47,+29.595,+27.491,+0.988
1631304120,+3.47,+29.604,+27.397,+0.986
1631304180,+3.47,+29.621,+27.422,+0.986
1631304240,+3.47,+29.630,+27.449,+0.988
1631304300,+3.47,+29.656,+27.301,+0.984
1631304360,+3.47,+29.656,+27.509,+0.987
1631304420,+3.47,+29.690,+27.487,+0.986
1631304480,+3.47,+29.707,+27.566,+0.987
1631304540,+3.47,+29.742,+27.528,+0.986
1631304600,+3.47,+29.776,+27.472,+0.986
1631304660,+3.47,+29.768,+27.440,+0.986
1631304720,+3.47,+29.785,+27.493,+0.986
1631304780,+3.47,+29.802,+27.530,+0.987
1631304840,+3.47,+29.802,+27.603,+0.988
1631304900,+3.47,+29.819,+27.534,+0.988
1631304960,+3.47,+29.802,+27.237,+0.984
1631305020,+3.47,+29.785,+27.135,+0.987
1631305080,+3.47,+29.750,+27.031,+0.987
1631305140,+3.47,+29.724,+26.839,+0.987
1631305200,+3.47,+29.716,+26.713,+0.986
1631305260,+3.47,+29.681,+26.617,+0.986
1631305320,+3.47,+29.664,+26.424,+0.983
1631305380,+3.47,+29.664,+26.390,+0.986
1631305440,+3.47,+29.647,+26.295,+0.987
1631305500,+3.47,+29.638,+26.232,+0.987
1631305560,+3.47,+29.664,+26.122,+0.986
1631305620,+3.47,+29.638,+26.141,+0.987
1631305680,+3.47,+29.647,+26.123,+0.987
1631305740,+3.47,+29.664,+26.057,+0.985
1631305800,+3.47,+29.681,+26.082,+0.988
1631305860,+3.47,+29.681,+26.039,+0.987
1631305920,+3.47,+29.690,+25.975,+0.987
1631305980,+3.47,+29.699,+25.964,+0.989
1631306040,+3.47,+29.699,+25.786,+0.984
1631306100,+3.47,+29.707,+25.960,+0.988
1631306160,+3.47,+29.716,+25.997,+0.988
1631306220,+3.47,+29.750,+25.945,+0.985
1631306280,+3.47,+29.742,+26.119,+0.987
1631306340,+3.47,+29.776,+26.160,+0.988
1631306400,+3.47,+29.785,+26.044,+0.985
1631306460,+3.47,+29.768,+25.957,+0.984
1631306520,+3.47,+29.768,+26.075,+0.987
1631306580,+3.47,+29.742,+26.008,+0.985
1631306640,+3.47,+29.716,+26.147,+0.988
1631306700,+3.47,+29.724,+26.168,+0.986
1631306760,+3.47,+29.733,+26.265,+0.987
1631306820,+3.47,+29.733,+26.304,+0.985
1631306880,+3.47,+29.750,+26.547,+0.991
1631306940,+3.47,+29.776,+26.467,+0.987
1631307000,+3.47,+29.785,+26.474,+0.987
1631307060,+3.47,+29.811,+26.363,+0.986
1631307120,+3.48,+29.819,+26.436,+0.987
1631307180,+3.48,+29.845,+26.536,+0.987
1631307240,+3.48,+29.862,+26.415,+0.983
1631307300,+3.48,+29.880,+26.679,+0.987
1631307360,+3.48,+29.905,+26.683,+0.987
1631307420,+3.48,+29.905,+26.606,+0.985
1631307480,+3.48,+29.931,+26.711,+0.988
1631307540,+3.48,+29.931,+26.679,+0.987
1631307600,+3.48,+29.949,+26.575,+0.984
1631307660,+3.48,+29.966,+26.644,+0.985
1631307720,+3.48,+29.992,+26.643,+0.987
1631307780,+3.48,+30.026,+26.317,+0.982
1631307840,+3.48,+30.018,+26.393,+0.986
1631307900,+3.48,+30.018,+26.282,+0.987
1631307960,+3.48,+30.009,+26.169,+0.988
1631308020,+3.48,+29.983,+26.037,+0.984
1631308080,+3.48,+29.966,+26.102,+0.986
1631308140,+3.48,+29.966,+26.109,+0.987
1631308200,+3.47,+29.957,+26.016,+0.986
1631308260,+3.48,+29.940,+26.095,+0.987
1631308320,+3.48,+29.940,+26.107,+0.987
1631308380,+3.48,+29.931,+26.147,+0.987
1631308440,+3.48,+29.914,+26.303,+0.991
1631308500,+3.48,+29.931,+26.250,+0.988
1631308560,+3.48,+29.940,+26.190,+0.987
1631308620,+3.48,+29.966,+26.190,+0.988
1631308680,+3.48,+29.966,+26.138,+0.985
1631308740,+3.48,+30.009,+26.021,+0.982
1631308800,+3.48,+30.009,+26.145,+0.984
1631308860,+3.48,+30.043,+26.344,+0.988
1631308920,+3.47,+30.052,+26.275,+0.985
1631308980,+3.47,+30.087,+26.431,+0.988
1631309040,+3.47,+30.121,+26.454,+0.988
1631309100,+3.47,+30.156,+26.384,+0.986
1631309160,+3.48,+30.164,+26.529,+0.988
1631309220,+3.47,+30.190,+26.470,+0.985
1631309280,+3.47,+30.182,+26.515,+0.985
1631309340,+3.47,+30.182,+26.564,+0.985
1631309400,+3.47,+30.216,+26.586,+0.985
1631309460,+3.47,+30.208,+26.639,+0.986
1631309520,+3.47,+30.199,+26.657,+0.986
1631309580,+3.47,+30.208,+26.684,+0.988
1631309640,+3.47,+30.216,+26.664,+0.988
1631309700,+3.47,+30.216,+26.568,+0.987
1631309760,+3.47,+30.208,+26.485,+0.984
1631309820,+3.47,+30.199,+26.621,+0.986
1631309880,+3.47,+30.216,+26.688,+0.988
1631309940,+3.47,+30.234,+26.659,+0.989
1631310000,+3.47,+30.208,+26.519,+0.985
1631310060,+3.47,+30.225,+26.495,+0.984
1631310120,+3.47,+30.242,+26.620,+0.987
1631310180,+3.47,+30.251,+26.579,+0.986
1631310240,+3.47,+30.259,+26.568,+0.988
1631310300,+3.47,+30.259,+26.349,+0.984
1631310360,+3.47,+30.251,+26.418,+0.987
1631310420,+3.47,+30.259,+26.367,+0.985
1631310480,+3.47,+30.251,+26.291,+0.985
1631310540,+3.47,+30.294,+26.253,+0.986
1631310600,+3.47,+30.268,+26.266,+0.988
1631310660,+3.47,+30.285,+26.072,+0.985
1631310720,+3.47,+30.294,+25.992,+0.986
1631310780,+3.47,+30.320,+25.851,+0.988
1631310840,+3.47,+30.355,+25.489,+0.982
1631310900,+3.47,+30.406,+25.648,+0.988
1631310960,+3.47,+30.432,+25.600,+0.986
1631311020,+3.47,+30.476,+25.551,+0.983
1631311080,+3.47,+30.528,+25.738,+0.984
1631311140,+3.47,+30.562,+26.110,+0.989
1631311200,+3.47,+30.588,+26.193,+0.987
1631311260,+3.47,+30.588,+26.301,+0.988
1631311320,+3.47,+30.606,+26.279,+0.986
1631311380,+3.47,+30.597,+26.311,+0.986
1631311440,+3.47,+30.597,+26.337,+0.986
1631311500,+3.47,+30.580,+26.326,+0.986
1631311560,+3.47,+30.554,+26.311,+0.985
1631311620,+3.47,+30.554,+26.254,+0.984
1631311680,+3.47,+30.519,+26.298,+0.986
1631311740,+3.47,+30.502,+26.351,+0.989
1631311800,+3.47,+30.510,+26.116,+0.985
1631311860,+3.47,+30.519,+26.017,+0.984
1631311920,+3.47,+30.519,+26.013,+0.985
1631311980,+3.47,+30.536,+26.006,+0.987
1631312040,+3.47,+30.562,+25.943,+0.989
1631312100,+3.47,+30.580,+25.708,+0.985
1631312160,+3.47,+30.580,+25.712,+0.988
1631312220,+3.47,+30.588,+25.541,+0.985
1631312280,+3.47,+30.623,+25.499,+0.987
1631312340,+3.47,+30.632,+25.403,+0.987
1631312400,+3.47,+30.623,+25.300,+0.986
1631312460,+3.47,+30.623,+25.203,+0.986
1631312520,+3.47,+30.580,+25.124,+0.987
1631312580,+3.47,+30.588,+24.982,+0.985
1631312640,+3.47,+30.580,+24.965,+0.986
1631312700,+3.47,+30.562,+24.925,+0.986
1631312760,+3.47,+30.562,+24.953,+0.988
1631312820,+3.47,+30.545,+24.784,+0.984
1631312880,+3.47,+30.545,+24.854,+0.986
1631312940,+3.47,+30.545,+24.875,+0.986
1631313000,+3.47,+30.536,+24.910,+0.987
1631313060,+3.47,+30.554,+24.816,+0.986
1631313120,+3.47,+30.554,+24.744,+0.985
1631313180,+3.47,+30.571,+24.670,+0.985
1631313240,+3.47,+30.554,+24.767,+0.990
1631313300,+3.47,+30.554,+24.558,+0.987
1631313360,+3.47,+30.562,+24.355,+0.985
1631313420,+3.47,+30.545,+24.230,+0.985
1631313480,+3.47,+30.536,+24.109,+0.986
1631313540,+3.47,+30.528,+23.971,+0.988
1631313600,+3.47,+30.519,+23.610,+0.985
1631313660,+3.47,+30.510,+23.437,+0.987
1631313720,+3.47,+30.502,+23.216,+0.987
1631313780,+3.47,+30.484,+23.023,+0.987
1631313840,+3.47,+30.467,+22.852,+0.985
1631313900,+3.47,+30.484,+22.816,+0.986
1631313960,+3.47,+30.476,+22.724,+0.986
1631314020,+3.47,+30.484,+22.685,+0.985
1631314080,+3.47,+30.502,+22.666,+0.985
1631314140,+3.47,+30.528,+22.698,+0.988
1631314200,+3.47,+30.528,+22.440,+0.984
1631314260,+3.47,+30.554,+22.353,+0.984
1631314320,+3.47,+30.562,+22.373,+0.987
1631314380,+3.47,+30.562,+22.256,+0.985
1631314440,+3.47,+30.536,+22.228,+0.987
1631314500,+3.47,+30.554,+22.071,+0.986
1631314560,+3.47,+30.562,+22.009,+0.988
1631314620,+3.47,+30.545,+21.864,+0.988
1631314680,+3.47,+30.536,+21.672,+0.985
1631314740,+3.47,+30.554,+21.512,+0.985
1631314800,+3.47,+30.571,+21.411,+0.985
1631314860,+3.47,+30.571,+21.257,+0.984
1631314920,+3.47,+30.588,+21.192,+0.988
1631314980,+3.47,+30.588,+21.076,+0.986
1631315040,+3.47,+30.597,+21.012,+0.987
1631315100,+3.47,+30.588,+20.850,+0.985
1631315160,+3.47,+30.580,+20.796,+0.987
1631315220,+3.47,+30.597,+20.698,+0.988
1631315280,+3.47,+30.580,+20.530,+0.987
1631315340,+3.47,+30.580,+20.321,+0.986
1631315400,+3.47,+30.571,+20.172,+0.986
1631315460,+3.47,+30.545,+20.025,+0.987
1631315520,+3.47,+30.528,+19.873,+0.986
1631315580,+3.47,+30.528,+19.753,+0.985
1631315640,+3.47,+30.510,+19.687,+0.986
1631315700,+3.48,+30.502,+19.583,+0.984
1631315760,+3.48,+30.484,+19.579,+0.985
1631315820,+3.48,+30.493,+19.495,+0.986
1631315880,+3.47,+30.484,+19.361,+0.984
1631315940,+3.48,+30.484,+19.235,+0.984
1631316000,+3.48,+30.493,+19.171,+0.986
1631316060,+3.48,+30.484,+19.000,+0.985
1631316120,+3.47,+30.502,+18.754,+0.983
1631316180,+3.48,+30.493,+18.630,+0.984
1631316240,+3.47,+30.493,+18.572,+0.986
1631316300,+3.48,+30.519,+18.408,+0.986
1631316360,+3.48,+30.536,+18.255,+0.986
1631316420,+3.48,+30.528,+18.110,+0.985
1631316480,+3.47,+30.536,+17.968,+0.985
1631316540,+3.48,+30.536,+17.824,+0.985
1631316600,+3.47,+30.536,+17.689,+0.986
1631316660,+3.48,+30.510,+17.484,+0.984
1631316720,+3.48,+30.519,+17.366,+0.987
1631316780,+3.47,+30.519,+17.194,+0.985
1631316840,+3.48,+30.528,+17.038,+0.985
1631316900,+3.47,+30.536,+16.956,+0.986
1631316960,+3.47,+30.528,+16.726,+0.984
1631317020,+3.47,+30.545,+16.559,+0.984
1631317080,+3.48,+30.554,+16.358,+0.983
1631317140,+3.47,+30.554,+16.244,+0.984
1631317200,+3.48,+30.571,+16.077,+0.983
1631317260,+3.47,+30.571,+15.958,+0.984
1631317320,+3.47,+30.562,+15.814,+0.984
1631317380,+3.47,+30.571,+15.710,+0.985
1631317440,+3.48,+30.562,+15.534,+0.984
1631317500,+3.48,+30.562,+15.331,+0.984
1631317560,+3.47,+30.545,+15.110,+0.983
1631317620,+3.48,+30.528,+14.973,+0.985
1631317680,+3.48,+30.510,+14.776,+0.983
1631317740,+3.48,+30.510,+14.648,+0.982
1631317800,+3.48,+30.467,+14.578,+0.984
1631317860,+3.48,+30.476,+14.508,+0.983
1631317920,+3.48,+30.450,+14.446,+0.982
1631317980,+3.48,+30.432,+14.465,+0.983
1631318040,+3.48,+30.424,+14.421,+0.982
1631318100,+3.48,+30.432,+14.335,+0.982
1631318160,+3.48,+30.432,+14.280,+0.984
1631318220,+3.48,+30.458,+14.108,+0.984
1631318280,+3.48,+30.467,+13.942,+0.983
1631318340,+3.48,+30.458,+13.788,+0.984
1631318400,+3.48,+30.476,+13.582,+0.983
1631318460,+3.48,+30.493,+13.415,+0.982
1631318520,+3.48,+30.502,+13.321,+0.983
1631318580,+3.48,+30.484,+13.235,+0.983
1631318640,+3.48,+30.493,+13.094,+0.982
1631318700,+3.48,+30.528,+13.002,+0.984
1631318760,+3.48,+30.502,+12.845,+0.983
1631318820,+3.48,+30.493,+12.742,+0.983
1631318880,+3.48,+30.510,+12.639,+0.983
1631318940,+3.48,+30.476,+12.532,+0.984
1631319000,+3.48,+30.484,+12.377,+0.983
1631319060,+3.48,+30.467,+12.212,+0.983
1631319120,+3.48,+30.476,+12.046,+0.983
1631319180,+3.48,+30.458,+11.868,+0.982
1631319240,+3.48,+30.458,+11.674,+0.982
1631319300,+3.48,+30.450,+11.507,+0.981
1631319360,+3.48,+30.441,+11.371,+0.982
1631319420,+3.48,+30.441,+11.145,+0.980
1631319480,+3.48,+30.415,+10.996,+0.982
1631319540,+3.48,+30.406,+10.829,+0.981
1631319600,+3.48,+30.415,+10.651,+0.980
1631319660,+3.48,+30.406,+10.513,+0.981
1631319720,+3.48,+30.415,+10.320,+0.980
1631319780,+3.48,+30.406,+10.156,+0.979
1631319840,+3.48,+30.389,+10.042,+0.980
1631319900,+3.48,+30.363, +9.962,+0.979
1631319960,+3.48,+30.363, +9.900,+0.979
1631320020,+3.48,+30.363, +9.875,+0.979
1631320080,+3.48,+30.337, +9.816,+0.978
1631320140,+3.48,+30.329, +9.782,+0.978
1631320200,+3.48,+30.329, +9.730,+0.978
1631320260,+3.48,+30.320, +9.719,+0.979
1631320320,+3.48,+30.311, +9.709,+0.978
1631320380,+3.48,+30.311, +9.664,+0.977
1631320440,+3.48,+30.311, +9.633,+0.977
1631320500,+3.48,+30.303, +9.631,+0.979
1631320560,+3.48,+30.285, +9.572,+0.977
1631320620,+3.48,+30.277, +9.433,+0.978
1631320680,+3.48,+30.277, +9.327,+0.977
1631320740,+3.48,+30.268, +9.252,+0.977
1631320800,+3.48,+30.251, +9.173,+0.977
1631320860,+3.48,+30.251, +9.102,+0.975
1631320920,+3.48,+30.251, +9.080,+0.975
1631320980,+3.48,+30.234, +9.128,+0.975
1631321040,+3.48,+30.234, +9.150,+0.974
1631321100,+3.48,+30.208, +9.159,+0.973
1631321160,+3.48,+30.190, +9.223,+0.973
1631321220,+3.48,+30.190, +9.345,+0.973
1631321280,+3.48,+30.208, +9.440,+0.973
1631321340,+3.48,+30.182, +9.612,+0.974
1631321400,+3.48,+30.190, +9.832,+0.974
1631321460,+3.48,+30.173,+10.005,+0.972
1631321520,+3.48,+30.156,+10.191,+0.975
1631321580,+3.48,+30.173,+10.275,+0.973
1631321640,+3.48,+30.156,+10.403,+0.973
1631321700,+3.48,+30.138,+10.555,+0.974
1631321760,+3.48,+30.130,+10.660,+0.972
1631321820,+3.48,+30.113,+10.713,+0.971
1631321880,+3.48,+30.095,+10.767,+0.970
1631321940,+3.48,+30.087,+10.884,+0.969
1631322000,+3.48,+30.078,+11.003,+0.968
1631322060,+3.48,+30.069,+11.200,+0.970
1631322120,+3.48,+30.052,+11.357,+0.968
1631322180,+3.48,+30.035,+11.557,+0.968
1631322240,+3.48,+30.035,+11.761,+0.969
1631322300,+3.48,+30.026,+11.933,+0.969
1631322360,+3.48,+30.000,+12.076,+0.971
1631322420,+3.48,+30.000,+12.171,+0.972
1631322480,+3.48,+29.983,+12.230,+0.972
1631322540,+3.48,+29.992,+12.366,+0.974
