7450-387970
OS REV: 1.05 Sensor Cal: 1615486469
Time (sec),  BV (Volts),  T (deg C),  DO (mg/l),  Q ()
1632013800,+3.48,+30.736,+16.204,+0.982
1632013860,+3.48,+30.727,+16.148,+0.984
1632013920,+3.48,+30.718,+16.019,+0.984
1632013980,+3.48,+30.701,+15.930,+0.985
1632014040,+3.48,+30.692,+15.790,+0.984
1632014100,+3.48,+30.675,+15.689,+0.983
1632014160,+3.48,+30.666,+15.627,+0.984
1632014220,+3.48,+30.640,+15.526,+0.984
1632014280,+3.48,+30.649,+15.482,+0.986
1632014340,+3.48,+30.640,+15.321,+0.983
1632014400,+3.48,+30.606,+15.250,+0.983
1632014460,+3.48,+30.623,+15.069,+0.981
1632014520,+3.48,+30.597,+15.005,+0.983
1632014580,+3.48,+30.597,+14.918,+0.983
1632014640,+3.48,+30.571,+14.867,+0.984
1632014700,+3.48,+30.571,+14.790,+0.983
1632014760,+3.48,+30.554,+14.784,+0.985
1632014820,+3.48,+30.528,+14.707,+0.984
1632014880,+3.48,+30.528,+14.667,+0.985
1632014940,+3.48,+30.519,+14.627,+0.985
1632015000,+3.48,+30.493,+14.624,+0.985
1632015060,+3.48,+30.476,+14.587,+0.983
1632015120,+3.48,+30.484,+14.653,+0.982
1632015180,+3.48,+30.458,+14.849,+0.984
1632015240,+3.48,+30.441,+14.922,+0.982
1632015300,+3.48,+30.424,+15.012,+0.982
1632015360,+3.48,+30.406,+15.063,+0.983
1632015420,+3.48,+30.398,+15.070,+0.982
1632015480,+3.48,+30.363,+15.114,+0.983
1632015540,+3.48,+30.355,+15.137,+0.983
1632015600,+3.48,+30.337,+15.138,+0.981
1632015660,+3.48,+30.320,+15.211,+0.982
1632015720,+3.48,+30.294,+15.295,+0.984
1632015780,+3.48,+30.294,+15.349,+0.984
1632015840,+3.48,+30.277,+15.449,+0.984
1632015900,+3.48,+30.285,+15.469,+0.983
1632015960,+3.48,+30.259,+15.452,+0.982
1632016020,+3.48,+30.234,+15.490,+0.983
1632016080,+3.48,+30.234,+15.462,+0.984
1632016140,+3.48,+30.216,+15.465,+0.985
1632016200,+3.48,+30.199,+15.425,+0.984
1632016260,+3.48,+30.182,+15.385,+0.984
1632016320,+3.48,+30.156,+15.363,+0.984
1632016380,+3.48,+30.138,+15.306,+0.983
1632016440,+3.48,+30.121,+15.249,+0.982
1632016500,+3.48,+30.113,+15.215,+0.982
1632016560,+3.48,+30.087,+15.198,+0.984
1632016620,+3.48,+30.069,+15.084,+0.982
1632016680,+3.48,+30.052,+15.016,+0.983
1632016740,+3.48,+30.061,+14.892,+0.982
1632016800,+3.48,+30.043,+14.859,+0.984
1632016860,+3.48,+30.026,+14.754,+0.983
1632016920,+3.48,+30.018,+14.674,+0.984
1632016980,+3.48,+30.000,+14.615,+0.984
1632017040,+3.48,+29.974,+14.540,+0.983
1632017100,+3.48,+29.966,+14.502,+0.983
1632017160,+3.48,+29.966,+14.456,+0.983
1632017220,+3.48,+29.940,+14.415,+0.983
1632017280,+3.48,+29.940,+14.367,+0.983
1632017340,+3.48,+29.923,+14.322,+0.982
1632017400,+3.48,+29.914,+14.298,+0.983
1632017460,+3.48,+29.897,+14.282,+0.983
1632017520,+3.48,+29.897,+14.206,+0.983
1632017580,+3.48,+29.880,+14.048,+0.981
1632017640,+3.48,+29.862,+14.021,+0.983
1632017700,+3.48,+29.845,+14.004,+0.983
1632017760,+3.48,+29.845,+13.992,+0.983
1632017820,+3.48,+29.836,+14.010,+0.984
1632017880,+3.48,+29.836,+13.943,+0.982
1632017940,+3.48,+29.802,+13.946,+0.983
1632018000,+3.48,+29.802,+13.933,+0.983
1632018060,+3.48,+29.802,+13.900,+0.983
1632018120,+3.48,+29.776,+13.896,+0.983
1632018180,+3.48,+29.768,+13.859,+0.981
1632018240,+3.48,+29.759,+13.896,+0.982
1632018300,+3.48,+29.759,+13.957,+0.982
1632018360,+3.48,+29.742,+14.012,+0.982
1632018420,+3.48,+29.733,+14.115,+0.983
1632018480,+3.48,+29.716,+14.230,+0.985
1632018540,+3.48,+29.724,+14.233,+0.982
1632018600,+3.48,+29.707,+14.307,+0.984
1632018660,+3.48,+29.699,+14.336,+0.984
1632018720,+3.48,+29.681,+14.316,+0.982
1632018780,+3.48,+29.690,+14.375,+0.983
1632018840,+3.48,+29.664,+14.437,+0.984
1632018900,+3.48,+29.638,+14.497,+0.984
1632018960,+3.48,+29.630,+14.509,+0.982
1632019020,+3.48,+29.647,+14.575,+0.984
1632019080,+3.48,+29.613,+14.609,+0.983
1632019140,+3.48,+29.604,+14.662,+0.984
1632019200,+3.48,+29.578,+14.680,+0.983
1632019260,+3.48,+29.578,+14.703,+0.983
1632019320,+3.48,+29.587,+14.721,+0.984
1632019380,+3.48,+29.578,+14.721,+0.984
1632019440,+3.48,+29.552,+14.719,+0.984
1632019500,+3.48,+29.552,+14.643,+0.983
1632019560,+3.48,+29.544,+14.609,+0.985
1632019620,+3.48,+29.535,+14.495,+0.983
1632019680,+3.48,+29.535,+14.440,+0.982
1632019740,+3.48,+29.509,+14.446,+0.983
1632019800,+3.48,+29.518,+14.402,+0.983
1632019860,+3.48,+29.501,+14.329,+0.982
1632019920,+3.48,+29.492,+14.261,+0.982
1632019980,+3.48,+29.475,+14.212,+0.983
1632020040,+3.48,+29.483,+14.161,+0.984
1632020100,+3.48,+29.492,+14.117,+0.984
1632020160,+3.48,+29.466,+14.030,+0.983
1632020220,+3.48,+29.466,+13.979,+0.983
1632020280,+3.48,+29.466,+13.911,+0.983
1632020340,+3.48,+29.440,+13.842,+0.983
1632020400,+3.48,+29.449,+13.813,+0.984
1632020460,+3.48,+29.432,+13.698,+0.982
1632020520,+3.48,+29.423,+13.646,+0.983
1632020580,+3.48,+29.432,+13.543,+0.982
1632020640,+3.48,+29.423,+13.468,+0.983
1632020700,+3.48,+29.389,+13.360,+0.981
1632020760,+3.48,+29.380,+13.302,+0.982
1632020820,+3.48,+29.380,+13.247,+0.982
1632020880,+3.48,+29.372,+13.189,+0.982
1632020940,+3.48,+29.363,+13.059,+0.980
1632021000,+3.48,+29.363,+12.981,+0.980
1632021060,+3.48,+29.380,+12.890,+0.980
1632021120,+3.48,+29.363,+12.858,+0.981
1632021180,+3.48,+29.363,+12.779,+0.980
1632021240,+3.48,+29.337,+12.736,+0.980
1632021300,+3.48,+29.346,+12.649,+0.980
1632021360,+3.48,+29.363,+12.570,+0.980
1632021420,+3.48,+29.320,+12.506,+0.980
1632021480,+3.48,+29.303,+12.457,+0.981
1632021540,+3.48,+29.320,+12.409,+0.981
1632021600,+3.48,+29.303,+12.385,+0.981
1632021660,+3.48,+29.303,+12.345,+0.980
1632021720,+3.48,+29.277,+12.348,+0.982
1632021780,+3.48,+29.277,+12.284,+0.980
1632021840,+3.48,+29.277,+12.253,+0.979
1632021900,+3.48,+29.251,+12.260,+0.980
1632021960,+3.48,+29.243,+12.258,+0.980
1632022020,+3.48,+29.251,+12.224,+0.981
1632022080,+3.48,+29.234,+12.198,+0.981
1632022140,+3.48,+29.217,+12.202,+0.980
1632022200,+3.48,+29.217,+12.175,+0.978
1632022260,+3.48,+29.200,+12.207,+0.978
1632022320,+3.48,+29.191,+12.246,+0.980
1632022380,+3.48,+29.183,+12.262,+0.980
1632022440,+3.48,+29.174,+12.294,+0.980
1632022500,+3.48,+29.157,+12.261,+0.979
1632022560,+3.48,+29.140,+12.252,+0.979
1632022620,+3.48,+29.140,+12.245,+0.979
1632022680,+3.48,+29.123,+12.249,+0.980
1632022740,+3.48,+29.123,+12.204,+0.979
1632022800,+3.48,+29.105,+12.208,+0.979
1632022860,+3.48,+29.105,+12.214,+0.978
1632022920,+3.48,+29.097,+12.234,+0.978
1632022980,+3.48,+29.088,+12.234,+0.979
1632023040,+3.48,+29.071,+12.207,+0.978
1632023100,+3.48,+29.071,+12.203,+0.979
1632023160,+3.48,+29.063,+12.183,+0.979
1632023220,+3.48,+29.037,+12.117,+0.977
1632023280,+3.48,+29.037,+12.118,+0.979
1632023340,+3.48,+29.045,+12.106,+0.978
1632023400,+3.48,+29.020,+12.145,+0.979
1632023460,+3.48,+29.003,+12.118,+0.979
1632023520,+3.48,+29.003,+11.977,+0.976
1632023580,+3.48,+29.011,+11.929,+0.977
1632023640,+3.48,+28.994,+11.864,+0.977
1632023700,+3.48,+28.994,+11.855,+0.978
1632023760,+3.48,+28.977,+11.851,+0.978
1632023820,+3.48,+28.968,+11.815,+0.978
1632023880,+3.48,+28.968,+11.785,+0.978
1632023940,+3.48,+28.934,+11.722,+0.977
1632024000,+3.48,+28.951,+11.629,+0.977
1632024060,+3.48,+28.934,+11.553,+0.976
1632024120,+3.48,+28.908,+11.518,+0.976
1632024180,+3.48,+28.917,+11.491,+0.976
1632024240,+3.48,+28.891,+11.579,+0.975
1632024300,+3.48,+28.883,+11.656,+0.975
1632024360,+3.48,+28.883,+11.707,+0.974
1632024420,+3.48,+28.883,+11.800,+0.977
1632024480,+3.48,+28.874,+11.830,+0.978
1632024540,+3.48,+28.857,+11.814,+0.977
1632024600,+3.49,+28.865,+11.748,+0.976
1632024660,+3.48,+28.848,+11.735,+0.976
1632024720,+3.48,+28.823,+11.748,+0.977
1632024780,+3.48,+28.814,+11.784,+0.979
1632024840,+3.48,+28.814,+11.768,+0.979
1632024900,+3.49,+28.797,+11.751,+0.977
1632024960,+3.49,+28.788,+11.785,+0.978
1632025020,+3.49,+28.780,+11.760,+0.978
1632025080,+3.48,+28.763,+11.728,+0.979
1632025140,+3.48,+28.745,+11.639,+0.978
1632025200,+3.49,+28.754,+11.566,+0.978
1632025260,+3.49,+28.745,+11.487,+0.977
1632025320,+3.48,+28.737,+11.433,+0.977
1632025380,+3.48,+28.728,+11.392,+0.976
1632025440,+3.48,+28.711,+11.427,+0.978
1632025500,+3.48,+28.711,+11.411,+0.977
1632025560,+3.48,+28.694,+11.438,+0.977
1632025620,+3.48,+28.694,+11.464,+0.977
1632025680,+3.48,+28.677,+11.476,+0.976
1632025740,+3.48,+28.677,+11.479,+0.977
1632025800,+3.48,+28.677,+11.493,+0.977
1632025860,+3.48,+28.651,+11.473,+0.977
1632025920,+3.48,+28.660,+11.398,+0.977
1632025980,+3.48,+28.643,+11.345,+0.978
1632026040,+3.48,+28.634,+11.285,+0.978
1632026100,+3.48,+28.617,+11.243,+0.977
1632026160,+3.48,+28.617,+11.220,+0.978
1632026220,+3.48,+28.609,+11.172,+0.978
1632026280,+3.48,+28.609,+11.134,+0.976
1632026340,+3.48,+28.617,+11.160,+0.977
1632026400,+3.48,+28.591,+11.171,+0.975
1632026460,+3.48,+28.583,+11.265,+0.977
1632026520,+3.48,+28.591,+11.308,+0.977
1632026580,+3.48,+28.574,+11.375,+0.977
1632026640,+3.48,+28.574,+11.416,+0.977
1632026700,+3.48,+28.566,+11.442,+0.978
1632026760,+3.48,+28.566,+11.438,+0.978
1632026820,+3.48,+28.549,+11.387,+0.978
1632026880,+3.48,+28.540,+11.296,+0.978
1632026940,+3.48,+28.532,+11.172,+0.978
1632027000,+3.48,+28.523,+11.064,+0.978
1632027060,+3.48,+28.506,+10.996,+0.978
1632027120,+3.48,+28.523,+10.943,+0.978
1632027180,+3.48,+28.514,+10.898,+0.978
1632027240,+3.48,+28.506,+10.854,+0.978
1632027300,+3.48,+28.489,+10.796,+0.978
1632027360,+3.48,+28.489,+10.720,+0.978
1632027420,+3.48,+28.480,+10.623,+0.976
1632027480,+3.48,+28.472,+10.609,+0.978
1632027540,+3.48,+28.480,+10.572,+0.977
1632027600,+3.48,+28.463,+10.536,+0.977
1632027660,+3.48,+28.455,+10.528,+0.976
1632027720,+3.48,+28.446,+10.549,+0.977
1632027780,+3.48,+28.438,+10.553,+0.976
1632027840,+3.48,+28.446,+10.536,+0.976
1632027900,+3.48,+28.420,+10.552,+0.976
1632027960,+3.48,+28.429,+10.579,+0.976
1632028020,+3.48,+28.420,+10.611,+0.977
1632028080,+3.48,+28.412,+10.628,+0.976
1632028140,+3.48,+28.403,+11.017,+0.978
1632028200,+3.48,+28.378,+11.387,+0.979
1632028260,+3.48,+28.386,+11.595,+0.979
1632028320,+3.48,+28.386,+11.702,+0.979
1632028380,+3.48,+28.369,+11.759,+0.981
1632028440,+3.48,+28.369,+11.700,+0.979
1632028500,+3.48,+28.361,+11.656,+0.980
1632028560,+3.48,+28.369,+11.580,+0.980
1632028620,+3.48,+28.344,+11.488,+0.979
1632028680,+3.48,+28.344,+11.419,+0.980
1632028740,+3.48,+28.344,+11.316,+0.979
1632028800,+3.48,+28.335,+11.195,+0.979
1632028860,+3.48,+28.326,+11.100,+0.979
1632028920,+3.48,+28.309,+11.029,+0.978
1632028980,+3.48,+28.318,+10.945,+0.977
1632029040,+3.48,+28.292,+10.882,+0.977
1632029100,+3.48,+28.309,+10.797,+0.977
1632029160,+3.48,+28.284,+10.750,+0.977
1632029220,+3.48,+28.267,+10.699,+0.976
1632029280,+3.48,+28.284,+10.653,+0.975
1632029340,+3.48,+28.267,+10.676,+0.976
1632029400,+3.48,+28.267,+10.651,+0.975
1632029460,+3.48,+28.267,+10.637,+0.975
1632029520,+3.48,+28.258,+10.602,+0.974
1632029580,+3.48,+28.258,+10.576,+0.976
1632029640,+3.48,+28.233,+10.487,+0.975
1632029700,+3.48,+28.241,+10.426,+0.974
1632029760,+3.48,+28.233,+10.354,+0.975
1632029820,+3.48,+28.215,+10.256,+0.973
1632029880,+3.48,+28.224,+10.221,+0.974
1632029940,+3.48,+28.207,+10.132,+0.974
1632030000,+3.48,+28.224,+10.047,+0.973
1632030060,+3.48,+28.207, +9.961,+0.973
1632030120,+3.48,+28.181, +9.918,+0.974
1632030180,+3.48,+28.198, +9.848,+0.973
1632030240,+3.48,+28.190, +9.790,+0.972
1632030300,+3.48,+28.173, +9.750,+0.972
1632030360,+3.48,+28.181, +9.713,+0.971
1632030420,+3.48,+28.173, +9.699,+0.971
1632030480,+3.48,+28.181, +9.689,+0.971
1632030540,+3.48,+28.156, +9.703,+0.972
1632030600,+3.48,+28.156, +9.683,+0.972
1632030660,+3.48,+28.147, +9.632,+0.972
1632030720,+3.48,+28.130, +9.630,+0.972
1632030780,+3.48,+28.122, +9.637,+0.971
1632030840,+3.48,+28.139, +9.622,+0.970
1632030900,+3.48,+28.113, +9.578,+0.969
1632030960,+3.48,+28.113, +9.558,+0.969
1632031020,+3.48,+28.096, +9.554,+0.969
1632031080,+3.48,+28.113, +9.458,+0.967
1632031140,+3.48,+28.105, +9.441,+0.967
1632031200,+3.48,+28.079, +9.446,+0.968
1632031260,+3.48,+28.070, +9.422,+0.968
1632031320,+3.48,+28.062, +9.398,+0.968
1632031380,+3.48,+28.062, +9.392,+0.969
1632031440,+3.48,+28.053, +9.363,+0.971
1632031500,+3.48,+28.053, +9.304,+0.972
1632031560,+3.48,+28.070, +9.222,+0.971
1632031620,+3.48,+28.053, +9.168,+0.971
1632031680,+3.48,+28.045, +9.085,+0.970
1632031740,+3.48,+28.036, +9.080,+0.971
1632031800,+3.48,+28.028, +9.060,+0.970
1632031860,+3.48,+28.019, +9.072,+0.971
1632031920,+3.48,+28.019, +9.058,+0.972
1632031980,+3.48,+28.036, +9.072,+0.972
1632032040,+3.48,+28.019, +9.069,+0.972
1632032100,+3.48,+27.985, +9.067,+0.972
1632032160,+3.48,+28.002, +9.032,+0.973
1632032220,+3.48,+27.994, +8.985,+0.973
1632032280,+3.48,+27.994, +8.925,+0.974
1632032340,+3.48,+27.977, +8.867,+0.973
1632032400,+3.48,+27.968, +8.849,+0.974
1632032460,+3.48,+27.968, +8.825,+0.973
1632032520,+3.48,+27.951, +8.808,+0.973
1632032580,+3.48,+27.943, +8.764,+0.973
1632032640,+3.48,+27.951, +8.691,+0.973
1632032700,+3.48,+27.960, +8.624,+0.973
1632032760,+3.48,+27.943, +8.579,+0.973
1632032820,+3.48,+27.925, +8.514,+0.974
1632032880,+3.48,+27.925, +8.464,+0.974
1632032940,+3.48,+27.925, +8.421,+0.974
1632033000,+3.48,+27.917, +8.397,+0.973
1632033060,+3.48,+27.917, +8.418,+0.973
1632033120,+3.48,+27.900, +8.443,+0.973
1632033180,+3.48,+27.900, +8.406,+0.973
1632033240,+3.48,+27.900, +8.336,+0.972
1632033300,+3.48,+27.891, +8.272,+0.972
1632033360,+3.48,+27.891, +8.224,+0.973
1632033420,+3.48,+27.883, +8.204,+0.973
1632033480,+3.48,+27.857, +8.217,+0.972
1632033540,+3.48,+27.857, +8.241,+0.972
1632033600,+3.48,+27.832, +8.266,+0.971
1632033660,+3.48,+27.849, +8.270,+0.971
1632033720,+3.48,+27.840, +8.248,+0.970
1632033780,+3.48,+27.849, +8.204,+0.970
1632033840,+3.48,+27.840, +8.146,+0.970
1632033900,+3.48,+27.832, +8.085,+0.970
1632033960,+3.48,+27.815, +8.048,+0.970
1632034020,+3.48,+27.823, +8.010,+0.971
1632034080,+3.48,+27.815, +7.963,+0.970
1632034140,+3.48,+27.823, +7.917,+0.970
1632034200,+3.48,+27.798, +7.860,+0.970
1632034260,+3.48,+27.806, +7.772,+0.970
1632034320,+3.48,+27.781, +7.756,+0.971
1632034380,+3.48,+27.781, +7.709,+0.970
1632034440,+3.48,+27.772, +7.651,+0.970
1632034500,+3.48,+27.789, +7.605,+0.971
1632034560,+3.48,+27.764, +7.569,+0.971
1632034620,+3.48,+27.755, +7.528,+0.970
1632034680,+3.48,+27.764, +7.466,+0.970
1632034740,+3.48,+27.764, +7.385,+0.970
1632034800,+3.48,+27.747, +7.309,+0.969
1632034860,+3.48,+27.755, +7.245,+0.971
1632034920,+3.48,+27.747, +7.146,+0.969
1632034980,+3.48,+27.721, +7.126,+0.969
1632035040,+3.48,+27.721, +7.115,+0.969
1632035100,+3.48,+27.713, +7.138,+0.968
1632035160,+3.48,+27.713, +7.148,+0.968
1632035220,+3.48,+27.704, +7.127,+0.968
1632035280,+3.48,+27.704, +7.126,+0.969
1632035340,+3.48,+27.704, +7.107,+0.969
1632035400,+3.48,+27.696, +7.102,+0.969
1632035460,+3.48,+27.696, +7.103,+0.969
1632035520,+3.48,+27.678, +7.103,+0.969
1632035580,+3.48,+27.687, +7.092,+0.970
1632035640,+3.48,+27.678, +7.083,+0.971
1632035700,+3.48,+27.687, +7.024,+0.970
1632035760,+3.48,+27.687, +6.959,+0.970
1632035820,+3.48,+27.653, +6.910,+0.969
1632035880,+3.48,+27.661, +6.859,+0.969
1632035940,+3.48,+27.636, +6.805,+0.969
1632036000,+3.48,+27.661, +6.729,+0.968
1632036060,+3.48,+27.636, +6.676,+0.967
1632036120,+3.48,+27.627, +6.657,+0.967
1632036180,+3.48,+27.619, +6.682,+0.966
1632036240,+3.48,+27.619, +6.737,+0.966
1632036300,+3.48,+27.610, +6.767,+0.965
1632036360,+3.48,+27.610, +6.793,+0.963
1632036420,+3.48,+27.593, +6.856,+0.964
1632036480,+3.48,+27.610, +6.888,+0.963
1632036540,+3.48,+27.593, +6.925,+0.962
1632036600,+3.48,+27.602, +6.967,+0.962
1632036660,+3.48,+27.585, +7.016,+0.962
1632036720,+3.48,+27.568, +7.039,+0.962
1632036780,+3.48,+27.568, +7.065,+0.962
1632036840,+3.48,+27.559, +7.093,+0.962
1632036900,+3.48,+27.576, +7.100,+0.962
1632036960,+3.48,+27.568, +7.112,+0.962
1632037020,+3.48,+27.551, +7.143,+0.963
1632037080,+3.48,+27.559, +7.167,+0.964
1632037140,+3.48,+27.551, +7.167,+0.965
1632037200,+3.48,+27.542, +7.194,+0.966
1632037260,+3.48,+27.525, +7.215,+0.966
1632037320,+3.48,+27.542, +7.211,+0.967
1632037380,+3.48,+27.517, +7.171,+0.967
1632037440,+3.48,+27.534, +7.102,+0.966
1632037500,+3.48,+27.517, +7.094,+0.967
1632037560,+3.48,+27.525, +7.053,+0.966
1632037620,+3.48,+27.525, +7.032,+0.967
1632037680,+3.48,+27.525, +6.987,+0.966
1632037740,+3.48,+27.500, +6.963,+0.966
1632037800,+3.48,+27.491, +6.938,+0.965
1632037860,+3.48,+27.500, +6.919,+0.965
1632037920,+3.48,+27.500, +6.901,+0.964
1632037980,+3.48,+27.508, +6.892,+0.963
1632038040,+3.48,+27.491, +6.872,+0.962
1632038100,+3.48,+27.491, +6.864,+0.962
1632038160,+3.48,+27.491, +6.861,+0.962
1632038220,+3.48,+27.474, +6.846,+0.963
1632038280,+3.48,+27.491, +6.813,+0.963
1632038340,+3.48,+27.474, +6.785,+0.962
1632038400,+3.48,+27.474, +6.771,+0.962
1632038460,+3.48,+27.457, +6.773,+0.963
1632038520,+3.48,+27.457, +6.791,+0.963
1632038580,+3.48,+27.466, +6.779,+0.963
1632038640,+3.48,+27.466, +6.756,+0.963
1632038700,+3.48,+27.440, +6.741,+0.963
1632038760,+3.48,+27.440, +6.729,+0.964
1632038820,+3.48,+27.440, +6.692,+0.963
1632038880,+3.48,+27.432, +6.661,+0.962
1632038940,+3.48,+27.440, +6.614,+0.962
1632039000,+3.48,+27.423, +6.595,+0.960
1632039060,+3.48,+27.440, +6.606,+0.961
1632039120,+3.48,+27.423, +6.600,+0.960
1632039180,+3.48,+27.432, +6.580,+0.960
1632039240,+3.48,+27.423, +6.581,+0.960
1632039300,+3.48,+27.415, +6.568,+0.961
1632039360,+3.48,+27.423, +6.507,+0.961
1632039420,+3.48,+27.406, +6.473,+0.961
1632039480,+3.48,+27.406, +6.425,+0.961
1632039540,+3.48,+27.389, +6.355,+0.961
1632039600,+3.48,+27.398, +6.298,+0.962
1632039660,+3.48,+27.389, +6.236,+0.961
1632039720,+3.48,+27.381, +6.157,+0.959
1632039780,+3.48,+27.372, +6.124,+0.958
1632039840,+3.48,+27.372, +6.124,+0.957
1632039900,+3.48,+27.381, +6.091,+0.955
1632039960,+3.48,+27.364, +6.067,+0.954
1632040020,+3.48,+27.364, +6.030,+0.954
1632040080,+3.48,+27.355, +6.016,+0.954
1632040140,+3.48,+27.364, +6.019,+0.954
1632040200,+3.48,+27.347, +6.041,+0.954
1632040260,+3.48,+27.347, +6.044,+0.955
1632040320,+3.48,+27.338, +6.057,+0.955
1632040380,+3.48,+27.338, +6.075,+0.955
1632040440,+3.48,+27.330, +6.065,+0.956
1632040500,+3.48,+27.330, +6.030,+0.955
1632040560,+3.48,+27.338, +5.983,+0.956
1632040620,+3.48,+27.321, +5.943,+0.955
1632040680,+3.48,+27.321, +5.897,+0.955
1632040740,+3.48,+27.313, +5.854,+0.954
1632040800,+3.48,+27.321, +5.825,+0.953
1632040860,+3.48,+27.313, +5.783,+0.951
1632040920,+3.48,+27.313, +5.753,+0.950
1632040980,+3.48,+27.304, +5.726,+0.949
1632041040,+3.48,+27.304, +5.696,+0.950
1632041100,+3.48,+27.287, +5.664,+0.951
1632041160,+3.48,+27.287, +5.621,+0.953
1632041220,+3.48,+27.296, +5.592,+0.954
1632041280,+3.48,+27.287, +5.541,+0.955
1632041340,+3.48,+27.279, +5.501,+0.956
1632041400,+3.48,+27.262, +5.463,+0.956
1632041460,+3.48,+27.270, +5.422,+0.956
1632041520,+3.48,+27.262, +5.381,+0.955
1632041580,+3.48,+27.245, +5.371,+0.954
1632041640,+3.48,+27.245, +5.394,+0.955
1632041700,+3.48,+27.253, +5.391,+0.955
1632041760,+3.48,+27.245, +5.413,+0.956
1632041820,+3.48,+27.245, +5.421,+0.956
1632041880,+3.48,+27.236, +5.447,+0.958
1632041940,+3.48,+27.236, +5.445,+0.959
1632042000,+3.48,+27.262, +5.460,+0.959
1632042060,+3.48,+27.236, +5.496,+0.961
1632042120,+3.48,+27.219, +5.496,+0.961
1632042180,+3.48,+27.228, +5.517,+0.962
1632042240,+3.48,+27.228, +5.530,+0.962
1632042300,+3.48,+27.202, +5.517,+0.962
1632042360,+3.48,+27.219, +5.502,+0.963
1632042420,+3.48,+27.194, +5.466,+0.963
1632042480,+3.48,+27.202, +5.438,+0.962
1632042540,+3.48,+27.202, +5.420,+0.963
1632042600,+3.48,+27.177, +5.415,+0.963
1632042660,+3.48,+27.186, +5.384,+0.963
1632042720,+3.48,+27.177, +5.341,+0.962
1632042780,+3.48,+27.186, +5.303,+0.962
1632042840,+3.48,+27.177, +5.247,+0.961
1632042900,+3.48,+27.160, +5.200,+0.960
1632042960,+3.48,+27.177, +5.146,+0.959
1632043020,+3.48,+27.160, +5.085,+0.957
1632043080,+3.48,+27.160, +5.030,+0.955
1632043140,+3.48,+27.160, +5.014,+0.955
1632043200,+3.48,+27.152, +4.957,+0.953
1632043260,+3.48,+27.160, +4.924,+0.954
1632043320,+3.48,+27.135, +4.911,+0.955
1632043380,+3.48,+27.143, +4.828,+0.953
1632043440,+3.48,+27.126, +4.774,+0.952
1632043500,+3.48,+27.143, +4.749,+0.953
1632043560,+3.48,+27.143, +4.707,+0.953
1632043620,+3.48,+27.126, +4.671,+0.952
1632043680,+3.48,+27.126, +4.620,+0.950
1632043740,+3.48,+27.118, +4.583,+0.949
1632043800,+3.48,+27.109, +4.494,+0.948
1632043860,+3.48,+27.109, +4.422,+0.948
1632043920,+3.48,+27.118, +4.383,+0.948
1632043980,+3.48,+27.118, +4.355,+0.950
1632044040,+3.48,+27.109, +4.328,+0.952
1632044100,+3.48,+27.101, +4.295,+0.953
1632044160,+3.48,+27.092, +4.267,+0.954
1632044220,+3.48,+27.092, +4.199,+0.952
1632044280,+3.48,+27.084, +4.157,+0.951
1632044340,+3.48,+27.084, +4.116,+0.952
1632044400,+3.48,+27.092, +4.018,+0.949
1632044460,+3.48,+27.067, +3.940,+0.947
1632044520,+3.48,+27.075, +3.879,+0.947
1632044580,+3.48,+27.075, +3.834,+0.948
1632044640,+3.48,+27.084, +3.809,+0.948
1632044700,+3.48,+27.075, +3.768,+0.947
1632044760,+3.48,+27.058, +3.717,+0.945
1632044820,+3.48,+27.058, +3.667,+0.943
1632044880,+3.48,+27.058, +3.642,+0.943
1632044940,+3.48,+27.058, +3.602,+0.942
1632045000,+3.48,+27.050, +3.572,+0.941
1632045060,+3.48,+27.041, +3.532,+0.940
1632045120,+3.48,+27.041, +3.495,+0.940
1632045180,+3.48,+27.033, +3.467,+0.939
1632045240,+3.48,+27.024, +3.438,+0.939
1632045300,+3.48,+27.041, +3.417,+0.940
1632045360,+3.48,+27.024, +3.387,+0.940
1632045420,+3.48,+27.033, +3.359,+0.940
1632045480,+3.48,+27.024, +3.327,+0.940
1632045540,+3.48,+27.007, +3.276,+0.940
1632045600,+3.48,+27.024, +3.210,+0.938
1632045660,+3.48,+27.016, +3.170,+0.937
1632045720,+3.48,+27.007, +3.128,+0.935
1632045780,+3.48,+27.007, +3.092,+0.936
1632045840,+3.48,+26.990, +3.033,+0.934
1632045900,+3.48,+26.990, +2.970,+0.933
1632045960,+3.48,+26.990, +2.953,+0.934
1632046020,+3.48,+26.973, +2.968,+0.936
1632046080,+3.48,+26.982, +2.971,+0.939
1632046140,+3.48,+26.982, +2.962,+0.940
1632046200,+3.48,+26.965, +2.948,+0.939
1632046260,+3.48,+26.973, +2.954,+0.939
1632046320,+3.48,+26.965, +2.974,+0.939
1632046380,+3.48,+26.956, +2.988,+0.940
1632046440,+3.48,+26.965, +2.991,+0.939
1632046500,+3.48,+26.939, +3.002,+0.938
1632046560,+3.48,+26.948, +3.005,+0.937
1632046620,+3.48,+26.939, +3.015,+0.935
1632046680,+3.48,+26.939, +3.022,+0.933
1632046740,+3.48,+26.931, +3.048,+0.933
1632046800,+3.48,+26.939, +3.053,+0.932
1632046860,+3.48,+26.931, +3.052,+0.931
1632046920,+3.48,+26.931, +3.082,+0.933
1632046980,+3.48,+26.931, +3.075,+0.932
1632047040,+3.48,+26.931, +3.055,+0.931
1632047100,+3.48,+26.914, +3.066,+0.932
1632047160,+3.48,+26.914, +3.074,+0.933
1632047220,+3.48,+26.914, +3.058,+0.934
1632047280,+3.48,+26.897, +3.063,+0.935
1632047340,+3.48,+26.897, +3.060,+0.937
1632047400,+3.48,+26.897, +3.016,+0.936
1632047460,+3.48,+26.889, +2.961,+0.936
1632047520,+3.48,+26.880, +2.887,+0.935
1632047580,+3.48,+26.880, +2.833,+0.936
1632047640,+3.48,+26.863, +2.784,+0.936
1632047700,+3.48,+26.872, +2.713,+0.936
1632047760,+3.48,+26.889, +2.636,+0.934
1632047820,+3.48,+26.880, +2.579,+0.933
1632047880,+3.48,+26.872, +2.556,+0.933
1632047940,+3.48,+26.863, +2.535,+0.931
1632048000,+3.48,+26.855, +2.542,+0.931
1632048060,+3.48,+26.846, +2.529,+0.929
1632048120,+3.48,+26.846, +2.499,+0.928
1632048180,+3.48,+26.846, +2.500,+0.928
1632048240,+3.48,+26.829, +2.495,+0.929
1632048300,+3.48,+26.838, +2.477,+0.929
1632048360,+3.48,+26.838, +2.435,+0.930
1632048420,+3.48,+26.838, +2.356,+0.931
1632048480,+3.48,+26.838, +2.290,+0.932
1632048540,+3.48,+26.829, +2.220,+0.932
1632048600,+3.48,+26.821, +2.146,+0.932
1632048660,+3.48,+26.812, +2.081,+0.934
1632048720,+3.48,+26.821, +2.025,+0.935
1632048780,+3.48,+26.812, +1.997,+0.937
1632048840,+3.48,+26.812, +1.963,+0.938
1632048900,+3.48,+26.812, +1.960,+0.940
1632048960,+3.48,+26.812, +1.960,+0.941
1632049020,+3.48,+26.812, +1.974,+0.941
1632049080,+3.48,+26.804, +1.998,+0.941
1632049140,+3.48,+26.795, +2.018,+0.942
1632049200,+3.48,+26.778, +1.991,+0.939
1632049260,+3.48,+26.778, +1.978,+0.937
1632049320,+3.48,+26.787, +1.949,+0.937
1632049380,+3.48,+26.770, +1.943,+0.939
1632049440,+3.48,+26.778, +1.926,+0.941
1632049500,+3.48,+26.787, +1.904,+0.942
1632049560,+3.48,+26.770, +1.860,+0.943
1632049620,+3.48,+26.770, +1.795,+0.943
1632049680,+3.48,+26.745, +1.727,+0.942
1632049740,+3.48,+26.762, +1.669,+0.942
1632049800,+3.48,+26.736, +1.619,+0.943
1632049860,+3.48,+26.753, +1.564,+0.943
1632049920,+3.48,+26.736, +1.526,+0.943
1632049980,+3.48,+26.736, +1.502,+0.944
1632050040,+3.48,+26.736, +1.496,+0.944
1632050100,+3.48,+26.736, +1.469,+0.944
1632050160,+3.48,+26.728, +1.451,+0.943
1632050220,+3.48,+26.728, +1.428,+0.943
1632050280,+3.48,+26.728, +1.380,+0.942
1632050340,+3.48,+26.719, +1.338,+0.941
1632050400,+3.48,+26.719, +1.308,+0.941
1632050460,+3.48,+26.702, +1.294,+0.942
1632050520,+3.48,+26.702, +1.283,+0.941
1632050580,+3.48,+26.711, +1.290,+0.941
1632050640,+3.48,+26.711, +1.278,+0.941
1632050700,+3.48,+26.702, +1.257,+0.943
1632050760,+3.48,+26.685, +1.235,+0.944
1632050820,+3.48,+26.694, +1.223,+0.943
1632050880,+3.48,+26.677, +1.208,+0.942
1632050940,+3.48,+26.685, +1.184,+0.942
1632051000,+3.48,+26.660, +1.143,+0.943
1632051060,+3.48,+26.694, +1.091,+0.943
1632051120,+3.48,+26.677, +1.036,+0.943
1632051180,+3.48,+26.694, +0.990,+0.944
1632051240,+3.48,+26.685, +0.951,+0.944
1632051300,+3.48,+26.677, +0.919,+0.945
1632051360,+3.48,+26.668, +0.905,+0.945
1632051420,+3.48,+26.660, +0.917,+0.944
1632051480,+3.48,+26.643, +0.955,+0.943
1632051540,+3.48,+26.643, +0.989,+0.943
1632051600,+3.48,+26.651, +1.029,+0.943
1632051660,+3.48,+26.634, +1.057,+0.943
1632051720,+3.48,+26.651, +1.065,+0.942
1632051780,+3.48,+26.634, +1.067,+0.943
1632051840,+3.48,+26.643, +1.047,+0.944
1632051900,+3.48,+26.643, +1.046,+0.944
1632051960,+3.48,+26.634, +1.075,+0.944
1632052020,+3.48,+26.626, +1.097,+0.945
1632052080,+3.48,+26.626, +1.131,+0.947
1632052140,+3.48,+26.643, +1.144,+0.950
1632052200,+3.48,+26.609, +1.161,+0.952
1632052260,+3.48,+26.609, +1.211,+0.953
1632052320,+3.48,+26.601, +1.297,+0.953
1632052380,+3.48,+26.609, +1.371,+0.951
1632052440,+3.48,+26.601, +1.449,+0.951
1632052500,+3.48,+26.592, +1.504,+0.950
1632052560,+3.48,+26.601, +1.537,+0.948
1632052620,+3.48,+26.618, +1.554,+0.947
1632052680,+3.48,+26.584, +1.540,+0.945
1632052740,+3.48,+26.567, +1.517,+0.944
1632052800,+3.48,+26.609, +1.508,+0.944
1632052860,+3.48,+26.601, +1.489,+0.944
1632052920,+3.48,+26.584, +1.470,+0.944
1632052980,+3.48,+26.567, +1.491,+0.943
1632053040,+3.48,+26.592, +1.544,+0.943
1632053100,+3.48,+26.567, +1.608,+0.944
1632053160,+3.48,+26.584, +1.649,+0.945
1632053220,+3.48,+26.575, +1.676,+0.946
1632053280,+3.48,+26.567, +1.699,+0.947
1632053340,+3.48,+26.567, +1.687,+0.948
1632053400,+3.48,+26.584, +1.644,+0.948
1632053460,+3.48,+26.567, +1.590,+0.947
1632053520,+3.48,+26.567, +1.534,+0.946
1632053580,+3.48,+26.567, +1.479,+0.946
1632053640,+3.48,+26.550, +1.424,+0.946
1632053700,+3.48,+26.558, +1.370,+0.946
1632053760,+3.48,+26.567, +1.318,+0.946
1632053820,+3.48,+26.558, +1.273,+0.946
1632053880,+3.48,+26.558, +1.236,+0.947
1632053940,+3.48,+26.558, +1.200,+0.947
1632054000,+3.48,+26.558, +1.157,+0.948
1632054060,+3.48,+26.541, +1.119,+0.948
1632054120,+3.48,+26.541, +1.072,+0.949
1632054180,+3.48,+26.541, +1.028,+0.949
1632054240,+3.48,+26.541, +1.951,+0.963
1632054300,+3.48,+26.541, +2.261,+0.966
1632054360,+3.48,+26.533, +2.298,+0.968
1632054420,+3.48,+26.524, +2.230,+0.970
1632054480,+3.48,+26.550, +2.070,+0.970
1632054540,+3.48,+26.508, +1.893,+0.969
1632054600,+3.48,+26.516, +1.726,+0.967
1632054660,+3.48,+26.499, +1.617,+0.967
1632054720,+3.48,+26.508, +1.611,+0.967
1632054780,+3.48,+26.508, +1.593,+0.968
1632054840,+3.48,+26.516, +1.562,+0.969
1632054900,+3.48,+26.516, +1.547,+0.970
1632054960,+3.48,+26.524, +1.526,+0.969
1632055020,+3.48,+26.499, +1.521,+0.969
1632055080,+3.48,+26.516, +1.511,+0.968
1632055140,+3.48,+26.499, +1.502,+0.968
1632055200,+3.48,+26.508, +1.488,+0.969
1632055260,+3.48,+26.491, +1.470,+0.969
1632055320,+3.48,+26.491, +1.442,+0.969
1632055380,+3.48,+26.482, +1.447,+0.968
1632055440,+3.48,+26.491, +1.474,+0.967
1632055500,+3.48,+26.499, +1.502,+0.966
1632055560,+3.48,+26.474, +1.530,+0.966
1632055620,+3.48,+26.491, +1.546,+0.966
1632055680,+3.48,+26.491, +1.550,+0.966
1632055740,+3.48,+26.482, +1.541,+0.966
1632055800,+3.48,+26.482, +1.521,+0.967
1632055860,+3.48,+26.465, +1.500,+0.967
1632055920,+3.48,+26.482, +1.495,+0.968
1632055980,+3.48,+26.482, +1.481,+0.969
1632056040,+3.48,+26.482, +1.449,+0.969
1632056100,+3.48,+26.474, +1.423,+0.970
1632056160,+3.48,+26.482, +1.393,+0.970
1632056220,+3.47,+26.457, +1.505,+0.970
1632056280,+3.47,+26.474, +1.620,+0.971
1632056340,+3.47,+26.465, +1.694,+0.972
1632056400,+3.47,+26.465, +1.728,+0.973
1632056460,+3.47,+26.465, +1.743,+0.973
1632056520,+3.47,+26.465, +1.739,+0.974
1632056580,+3.47,+26.465, +1.718,+0.974
1632056640,+3.47,+26.465, +1.697,+0.974
1632056700,+3.47,+26.448, +1.673,+0.974
1632056760,+3.47,+26.474, +1.651,+0.974
1632056820,+3.47,+26.482, +1.628,+0.974
1632056880,+3.47,+26.457, +1.617,+0.974
1632056940,+3.47,+26.457, +1.582,+0.974
1632057000,+3.47,+26.457, +1.548,+0.974
1632057060,+3.47,+26.448, +1.513,+0.973
1632057120,+3.47,+26.465, +1.490,+0.973
1632057180,+3.47,+26.465, +1.470,+0.972
1632057240,+3.47,+26.474, +1.460,+0.972
1632057300,+3.47,+26.457, +1.443,+0.972
1632057360,+3.47,+26.457, +1.419,+0.971
1632057420,+3.47,+26.448, +1.410,+0.970
1632057480,+3.47,+26.457, +2.261,+0.976
1632057540,+3.47,+26.457, +2.649,+0.978
1632057600,+3.47,+26.474, +2.919,+0.980
1632057660,+3.48,+26.474, +3.114,+0.980
1632057720,+3.48,+26.474, +3.260,+0.981
1632057780,+3.48,+26.491, +3.411,+0.981
1632057840,+3.47,+26.482, +3.549,+0.981
1632057900,+3.48,+26.491, +3.687,+0.982
1632057960,+3.47,+26.474, +3.831,+0.982
1632058020,+3.48,+26.508, +3.969,+0.982
1632058080,+3.48,+26.508, +4.127,+0.982
1632058140,+3.48,+26.516, +4.265,+0.982
1632058200,+3.48,+26.516, +4.434,+0.982
1632058260,+3.48,+26.491, +4.659,+0.983
1632058320,+3.48,+26.491, +4.869,+0.983
1632058380,+3.48,+26.491, +5.086,+0.983
1632058440,+3.48,+26.499, +5.322,+0.982
1632058500,+3.48,+26.491, +5.572,+0.983
1632058560,+3.48,+26.516, +5.803,+0.982
1632058620,+3.48,+26.516, +6.030,+0.983
1632058680,+3.48,+26.541, +6.285,+0.983
1632058740,+3.48,+26.541, +6.550,+0.983
1632058800,+3.48,+26.533, +6.839,+0.983
1632058860,+3.48,+26.541, +7.113,+0.982
1632058920,+3.48,+26.550, +7.399,+0.982
1632058980,+3.48,+26.541, +7.711,+0.983
1632059040,+3.48,+26.567, +7.995,+0.982
1632059100,+3.48,+26.575, +8.303,+0.983
1632059160,+3.48,+26.558, +8.597,+0.982
1632059220,+3.48,+26.575, +8.880,+0.982
1632059280,+3.48,+26.592, +9.166,+0.982
1632059340,+3.48,+26.601, +9.415,+0.983
1632059400,+3.48,+26.592, +9.583,+0.982
1632059460,+3.48,+26.592, +9.730,+0.982
1632059520,+3.48,+26.575, +9.917,+0.983
1632059580,+3.48,+26.609,+10.139,+0.982
1632059640,+3.48,+26.601,+10.358,+0.982
1632059700,+3.48,+26.626,+10.600,+0.982
1632059760,+3.48,+26.601,+10.862,+0.982
1632059820,+3.48,+26.634,+11.150,+0.983
1632059880,+3.48,+26.626,+11.429,+0.983
1632059940,+3.48,+26.643,+11.697,+0.982
1632060000,+3.48,+26.660,+11.993,+0.982
1632060060,+3.48,+26.660,+12.295,+0.983
1632060120,+3.48,+26.694,+12.605,+0.984
1632060180,+3.48,+26.685,+12.877,+0.983
1632060240,+3.48,+26.702,+13.162,+0.983
1632060300,+3.48,+26.711,+13.464,+0.984
1632060360,+3.48,+26.711,+13.722,+0.983
1632060420,+3.48,+26.728,+13.996,+0.983
1632060480,+3.48,+26.728,+14.221,+0.983
1632060540,+3.48,+26.736,+14.439,+0.983
1632060600,+3.48,+26.745,+14.616,+0.982
1632060660,+3.48,+26.753,+14.766,+0.982
1632060720,+3.48,+26.762,+14.836,+0.981
1632060780,+3.48,+26.745,+14.804,+0.983
1632060840,+3.48,+26.745,+14.534,+0.983
1632060900,+3.48,+26.770,+14.275,+0.981
1632060960,+3.48,+26.745,+14.210,+0.982
1632061020,+3.48,+26.762,+14.178,+0.982
1632061080,+3.48,+26.762,+14.252,+0.981
1632061140,+3.48,+26.762,+14.352,+0.983
1632061200,+3.48,+26.753,+14.308,+0.982
1632061260,+3.48,+26.762,+14.273,+0.982
1632061320,+3.48,+26.762,+14.323,+0.982
1632061380,+3.48,+26.762,+14.426,+0.983
1632061440,+3.48,+26.778,+14.472,+0.981
1632061500,+3.48,+26.762,+14.604,+0.982
1632061560,+3.48,+26.795,+14.684,+0.982
1632061620,+3.48,+26.795,+14.743,+0.981
1632061680,+3.48,+26.787,+14.895,+0.982
1632061740,+3.48,+26.804,+15.097,+0.982
1632061800,+3.48,+26.795,+15.349,+0.982
1632061860,+3.48,+26.804,+15.541,+0.983
1632061920,+3.48,+26.795,+15.232,+0.983
1632061980,+3.48,+26.778,+14.786,+0.981
1632062040,+3.48,+26.812,+14.713,+0.982
1632062100,+3.48,+26.812,+14.825,+0.982
1632062160,+3.48,+26.838,+15.035,+0.984
1632062220,+3.48,+26.838,+15.256,+0.982
1632062280,+3.48,+26.846,+15.568,+0.984
1632062340,+3.48,+26.838,+15.781,+0.983
1632062400,+3.48,+26.846,+16.062,+0.983
1632062460,+3.48,+26.863,+16.310,+0.984
1632062520,+3.48,+26.872,+16.500,+0.984
1632062580,+3.47,+26.855,+16.621,+0.983
1632062640,+3.48,+26.846,+16.750,+0.984
1632062700,+3.48,+26.855,+16.926,+0.984
1632062760,+3.48,+26.872,+16.860,+0.982
1632062820,+3.48,+26.863,+16.724,+0.984
1632062880,+3.47,+26.880,+16.544,+0.980
1632062940,+3.48,+26.863,+16.638,+0.983
1632063000,+3.47,+26.889,+16.728,+0.983
1632063060,+3.48,+26.897,+16.837,+0.983
1632063120,+3.47,+26.889,+16.738,+0.983
1632063180,+3.48,+26.897,+16.550,+0.984
1632063240,+3.48,+26.889,+16.532,+0.984
1632063300,+3.48,+26.906,+16.549,+0.985
1632063360,+3.47,+26.923,+16.738,+0.984
1632063420,+3.47,+26.914,+17.060,+0.984
1632063480,+3.48,+26.923,+17.349,+0.985
1632063540,+3.47,+26.931,+17.600,+0.985
1632063600,+3.47,+26.973,+17.873,+0.985
1632063660,+3.48,+26.956,+18.093,+0.984
1632063720,+3.47,+26.990,+18.181,+0.984
1632063780,+3.47,+26.990,+18.380,+0.984
1632063840,+3.47,+27.007,+18.439,+0.984
1632063900,+3.47,+27.016,+18.402,+0.983
1632063960,+3.47,+27.033,+18.613,+0.985
1632064020,+3.47,+27.050,+18.753,+0.984
1632064080,+3.47,+27.067,+18.945,+0.983
1632064140,+3.47,+27.067,+19.222,+0.984
1632064200,+3.47,+27.101,+19.456,+0.986
1632064260,+3.47,+27.101,+19.556,+0.984
1632064320,+3.47,+27.092,+19.822,+0.985
1632064380,+3.47,+27.092,+19.964,+0.983
1632064440,+3.47,+27.109,+20.196,+0.985
1632064500,+3.47,+27.118,+20.382,+0.984
1632064560,+3.47,+27.109,+20.632,+0.984
1632064620,+3.47,+27.152,+20.921,+0.985
1632064680,+3.47,+27.135,+21.119,+0.984
1632064740,+3.47,+27.152,+21.189,+0.981
1632064800,+3.47,+27.135,+21.297,+0.984
1632064860,+3.47,+27.160,+21.137,+0.981
1632064920,+3.47,+27.152,+21.181,+0.981
1632064980,+3.47,+27.160,+21.047,+0.980
1632065040,+3.47,+27.143,+20.943,+0.981
1632065100,+3.47,+27.160,+21.030,+0.983
1632065160,+3.47,+27.169,+21.164,+0.982
1632065220,+3.47,+27.186,+21.478,+0.985
1632065280,+3.47,+27.177,+21.668,+0.984
1632065340,+3.47,+27.194,+21.806,+0.983
1632065400,+3.47,+27.202,+22.023,+0.984
1632065460,+3.47,+27.211,+22.066,+0.983
1632065520,+3.47,+27.219,+22.139,+0.985
1632065580,+3.47,+27.219,+22.195,+0.985
1632065640,+3.47,+27.202,+22.236,+0.982
1632065700,+3.47,+27.228,+22.414,+0.983
1632065760,+3.47,+27.228,+22.644,+0.985
1632065820,+3.47,+27.228,+22.888,+0.986
1632065880,+3.47,+27.236,+22.984,+0.983
1632065940,+3.47,+27.245,+23.150,+0.983
1632066000,+3.47,+27.245,+23.265,+0.985
1632066060,+3.47,+27.270,+23.201,+0.984
1632066120,+3.47,+27.313,+23.281,+0.982
1632066180,+3.47,+27.321,+23.626,+0.984
1632066240,+3.47,+27.330,+24.008,+0.985
1632066300,+3.47,+27.355,+24.243,+0.984
1632066360,+3.47,+27.372,+24.544,+0.985
1632066420,+3.47,+27.423,+24.698,+0.984
1632066480,+3.47,+27.440,+24.926,+0.984
1632066540,+3.47,+27.457,+25.013,+0.984
1632066600,+3.47,+27.457,+25.013,+0.985
1632066660,+3.47,+27.449,+24.821,+0.984
1632066720,+3.47,+27.474,+24.514,+0.984
1632066780,+3.47,+27.466,+24.284,+0.985
1632066840,+3.47,+27.500,+24.152,+0.986
1632066900,+3.47,+27.525,+24.040,+0.982
1632066960,+3.47,+27.508,+24.320,+0.984
1632067020,+3.47,+27.534,+24.638,+0.986
1632067080,+3.47,+27.559,+24.931,+0.985
1632067140,+3.47,+27.576,+25.166,+0.983
1632067200,+3.47,+27.585,+25.539,+0.985
1632067260,+3.47,+27.593,+25.799,+0.984
1632067320,+3.48,+27.627,+25.904,+0.984
1632067380,+3.47,+27.653,+26.037,+0.984
1632067440,+3.48,+27.678,+26.235,+0.985
1632067500,+3.48,+27.678,+26.425,+0.985
1632067560,+3.48,+27.687,+26.637,+0.985
1632067620,+3.47,+27.730,+26.880,+0.986
1632067680,+3.48,+27.721,+26.971,+0.983
1632067740,+3.47,+27.713,+27.025,+0.982
1632067800,+3.48,+27.738,+27.093,+0.984
1632067860,+3.48,+27.730,+27.110,+0.985
1632067920,+3.48,+27.747,+26.960,+0.984
1632067980,+3.47,+27.747,+26.937,+0.984
1632068040,+3.48,+27.772,+27.105,+0.982
1632068100,+3.48,+27.772,+27.437,+0.986
1632068160,+3.47,+27.815,+27.634,+0.986
1632068220,+3.47,+27.815,+27.975,+0.988
1632068280,+3.47,+27.823,+28.119,+0.985
1632068340,+3.47,+27.840,+28.331,+0.984
1632068400,+3.47,+27.849,+28.553,+0.984
1632068460,+3.47,+27.866,+28.708,+0.982
1632068520,+3.47,+27.857,+28.761,+0.985
1632068580,+3.47,+27.883,+28.457,+0.984
1632068640,+3.47,+27.849,+27.283,+0.981
1632068700,+3.47,+27.857,+27.130,+0.983
1632068760,+3.47,+27.857,+26.993,+0.982
1632068820,+3.47,+27.866,+27.264,+0.983
1632068880,+3.47,+27.883,+27.558,+0.985
1632068940,+3.47,+27.900,+27.841,+0.985
1632069000,+3.47,+27.925,+28.192,+0.985
1632069060,+3.47,+27.934,+27.935,+0.983
1632069120,+3.47,+27.900,+26.892,+0.987
1632069180,+3.47,+27.900,+26.455,+0.983
1632069240,+3.47,+27.908,+26.199,+0.984
1632069300,+3.47,+27.900,+25.561,+0.985
1632069360,+3.47,+27.951,+25.434,+0.986
1632069420,+3.47,+27.977,+25.999,+0.985
1632069480,+3.47,+28.045,+26.582,+0.985
1632069540,+3.47,+28.070,+27.103,+0.983
1632069600,+3.47,+28.122,+27.879,+0.988
1632069660,+3.47,+28.147,+28.413,+0.987
1632069720,+3.47,+28.173,+28.869,+0.986
1632069780,+3.47,+28.198,+28.960,+0.989
1632069840,+3.47,+28.190,+28.929,+0.988
1632069900,+3.47,+28.224,+28.857,+0.985
1632069960,+3.47,+28.198,+27.297,+0.980
1632070020,+3.47,+28.173,+26.224,+0.983
1632070080,+3.47,+28.147,+25.252,+0.985
1632070140,+3.47,+28.113,+24.091,+0.983
1632070200,+3.47,+28.062,+23.039,+0.982
1632070260,+3.47,+28.062,+23.320,+0.986
1632070320,+3.47,+28.079,+23.847,+0.983
1632070380,+3.47,+28.079,+24.685,+0.987
1632070440,+3.47,+28.087,+24.343,+0.986
1632070500,+3.47,+28.079,+24.262,+0.985
1632070560,+3.47,+28.070,+23.609,+0.983
1632070620,+3.47,+28.079,+22.512,+0.985
1632070680,+3.47,+28.079,+21.375,+0.984
1632070740,+3.47,+28.096,+20.481,+0.986
1632070800,+3.47,+28.105,+19.594,+0.986
1632070860,+3.47,+28.113,+18.752,+0.984
1632070920,+3.47,+28.113,+18.127,+0.983
1632070980,+3.47,+28.113,+17.768,+0.985
1632071040,+3.47,+28.147,+18.032,+0.985
1632071100,+3.47,+28.198,+19.350,+0.988
1632071160,+3.47,+28.224,+20.575,+0.989
1632071220,+3.47,+28.233,+20.467,+0.988
1632071280,+3.47,+28.267,+21.356,+0.988
1632071340,+3.47,+28.301,+22.322,+0.986
1632071400,+3.47,+28.335,+23.284,+0.986
1632071460,+3.47,+28.352,+24.030,+0.988
1632071520,+3.47,+28.369,+23.774,+0.986
1632071580,+3.47,+28.335,+23.285,+0.987
1632071640,+3.47,+28.318,+23.281,+0.986
1632071700,+3.47,+28.352,+24.165,+0.985
1632071760,+3.47,+28.369,+24.715,+0.988
1632071820,+3.47,+28.378,+25.017,+0.988
1632071880,+3.47,+28.386,+25.723,+0.986
1632071940,+3.47,+28.412,+26.454,+0.986
1632072000,+3.47,+28.455,+27.154,+0.985
1632072060,+3.47,+28.463,+27.909,+0.986
1632072120,+3.47,+28.506,+28.690,+0.989
1632072180,+3.47,+28.523,+29.346,+0.989
1632072240,+3.47,+28.566,+29.961,+0.989
1632072300,+3.47,+28.574,+30.207,+0.984
1632072360,+3.47,+28.609,+30.882,+0.988
1632072420,+3.47,+28.651,+31.143,+0.984
1632072480,+3.47,+28.668,+31.605,+0.985
1632072540,+3.47,+28.728,+31.928,+0.986
1632072600,+3.47,+28.763,+31.948,+0.988
1632072660,+3.47,+28.788,+30.865,+0.987
1632072720,+3.47,+28.788,+29.992,+0.985
1632072780,+3.47,+28.840,+29.806,+0.985
1632072840,+3.47,+28.900,+30.358,+0.986
1632072900,+3.47,+28.951,+30.787,+0.984
1632072960,+3.47,+28.977,+31.354,+0.986
1632073020,+3.47,+29.003,+31.814,+0.986
1632073080,+3.47,+29.020,+32.029,+0.985
1632073140,+3.47,+29.037,+31.574,+0.982
1632073200,+3.47,+29.037,+30.137,+0.984
1632073260,+3.47,+29.003,+28.675,+0.986
1632073320,+3.47,+28.977,+27.388,+0.984
1632073380,+3.47,+28.951,+26.280,+0.985
1632073440,+3.47,+28.908,+25.250,+0.984
1632073500,+3.47,+28.857,+24.524,+0.988
1632073560,+3.47,+28.814,+23.609,+0.984
1632073620,+3.47,+28.745,+21.881,+0.989
1632073680,+3.47,+28.737,+20.873,+0.987
1632073740,+3.47,+28.703,+20.440,+0.987
1632073800,+3.47,+28.720,+20.133,+0.985
1632073860,+3.47,+28.711,+19.963,+0.987
1632073920,+3.47,+28.720,+19.627,+0.988
1632073980,+3.47,+28.737,+19.263,+0.987
1632074040,+3.47,+28.771,+19.138,+0.987
1632074100,+3.48,+28.814,+20.614,+0.988
1632074160,+3.47,+28.925,+22.064,+0.987
1632074220,+3.47,+28.994,+23.383,+0.987
1632074280,+3.47,+29.054,+24.505,+0.988
1632074340,+3.47,+29.114,+25.627,+0.989
1632074400,+3.47,+29.174,+26.475,+0.985
1632074460,+3.47,+29.200,+27.625,+0.990
1632074520,+3.47,+29.226,+28.226,+0.985
1632074580,+3.47,+29.234,+29.082,+0.988
1632074640,+3.47,+29.234,+29.796,+0.990
1632074700,+3.47,+29.243,+30.057,+0.986
1632074760,+3.47,+29.251,+30.482,+0.986
1632074820,+3.47,+29.251,+30.784,+0.982
1632074880,+3.47,+29.251,+31.300,+0.985
1632074940,+3.47,+29.269,+31.710,+0.987
1632075000,+3.47,+29.303,+31.832,+0.984
1632075060,+3.47,+29.303,+31.962,+0.982
1632075120,+3.47,+29.346,+32.418,+0.987
1632075180,+3.47,+29.380,+32.711,+0.986
1632075240,+3.47,+29.432,+32.983,+0.987
1632075300,+3.47,+29.483,+33.274,+0.986
1632075360,+3.47,+29.509,+33.614,+0.987
1632075420,+3.47,+29.518,+33.710,+0.985
1632075480,+3.47,+29.526,+33.633,+0.982
1632075540,+3.47,+29.475,+31.947,+0.984
1632075600,+3.47,+29.440,+30.502,+0.983
1632075660,+3.47,+29.466,+30.848,+0.983
1632075720,+3.47,+29.509,+31.342,+0.983
1632075780,+3.47,+29.509,+29.969,+0.985
1632075840,+3.47,+29.440,+28.754,+0.988
1632075900,+3.47,+29.415,+27.637,+0.984
1632075960,+3.47,+29.372,+26.517,+0.983
1632076020,+3.47,+29.380,+26.976,+0.986
1632076080,+3.47,+29.329,+27.712,+0.986
1632076140,+3.47,+29.346,+28.111,+0.986
1632076200,+3.47,+29.397,+28.731,+0.988
1632076260,+3.47,+29.475,+29.177,+0.985
1632076320,+3.47,+29.526,+29.923,+0.986
1632076380,+3.47,+29.569,+30.558,+0.984
1632076440,+3.47,+29.681,+31.214,+0.983
1632076500,+3.47,+29.759,+31.896,+0.985
1632076560,+3.47,+29.802,+32.701,+0.988
1632076620,+3.47,+29.836,+32.518,+0.986
1632076680,+3.47,+29.854,+32.449,+0.983
1632076740,+3.47,+29.845,+32.940,+0.986
1632076800,+3.47,+29.828,+31.958,+0.985
1632076860,+3.47,+29.819,+31.030,+0.989
1632076920,+3.47,+29.819,+30.955,+0.983
1632076980,+3.47,+29.854,+31.721,+0.985
1632077040,+3.48,+29.888,+32.352,+0.985
1632077100,+3.47,+29.923,+32.913,+0.983
1632077160,+3.48,+29.957,+33.600,+0.986
1632077220,+3.47,+29.957,+32.477,+0.985
1632077280,+3.47,+29.880,+31.163,+0.984
1632077340,+3.47,+29.854,+30.105,+0.984
1632077400,+3.48,+29.888,+28.934,+0.987
1632077460,+3.47,+29.888,+27.705,+0.984
1632077520,+3.48,+29.862,+26.836,+0.982
1632077580,+3.47,+29.854,+26.291,+0.987
1632077640,+3.48,+29.871,+25.568,+0.984
1632077700,+3.47,+29.845,+25.126,+0.985
1632077760,+3.47,+29.854,+24.633,+0.986
1632077820,+3.48,+29.862,+24.196,+0.987
1632077880,+3.48,+29.854,+23.835,+0.990
1632077940,+3.48,+29.862,+23.267,+0.987
1632078000,+3.48,+29.836,+22.900,+0.988
1632078060,+3.48,+29.836,+22.353,+0.984
1632078120,+3.48,+29.854,+22.055,+0.985
1632078180,+3.48,+29.880,+21.685,+0.985
1632078240,+3.48,+29.871,+21.466,+0.986
1632078300,+3.48,+29.862,+21.196,+0.985
1632078360,+3.48,+29.854,+21.100,+0.986
1632078420,+3.48,+29.862,+20.991,+0.988
1632078480,+3.48,+29.836,+20.867,+0.987
1632078540,+3.47,+29.811,+20.904,+0.988
1632078600,+3.47,+29.793,+20.928,+0.988
1632078660,+3.47,+29.768,+20.896,+0.987
1632078720,+3.47,+29.768,+20.888,+0.986
1632078780,+3.47,+29.793,+22.424,+0.989
1632078840,+3.48,+29.836,+24.065,+0.988
1632078900,+3.48,+29.905,+25.500,+0.989
1632078960,+3.48,+29.983,+26.809,+0.988
1632079020,+3.48,+30.061,+27.952,+0.985
1632079080,+3.47,+30.156,+29.108,+0.987
1632079140,+3.47,+30.225,+30.138,+0.987
1632079200,+3.47,+30.303,+30.923,+0.985
1632079260,+3.47,+30.380,+31.776,+0.988
1632079320,+3.47,+30.432,+32.246,+0.985
1632079380,+3.47,+30.519,+32.796,+0.986
1632079440,+3.47,+30.562,+33.085,+0.985
1632079500,+3.47,+30.597,+33.329,+0.982
1632079560,+3.47,+30.614,+33.670,+0.981
1632079620,+3.47,+30.640,+34.129,+0.983
1632079680,+3.47,+30.640,+34.384,+0.987
1632079740,+3.47,+30.649,+33.868,+0.980
1632079800,+3.47,+30.666,+33.851,+0.981
1632079860,+3.47,+30.701,+33.987,+0.986
1632079920,+3.47,+30.710,+34.113,+0.986
1632079980,+3.47,+30.753,+34.131,+0.981
1632080040,+3.47,+30.796,+34.530,+0.986
1632080100,+3.47,+30.805,+34.478,+0.979
1632080160,+3.47,+30.805,+34.915,+0.982
1632080220,+3.47,+30.822,+35.355,+0.985
1632080280,+3.47,+30.866,+35.306,+0.982
1632080340,+3.47,+30.857,+35.498,+0.984
1632080400,+3.47,+30.822,+35.509,+0.984
1632080460,+3.47,+30.822,+35.654,+0.987
1632080520,+3.47,+30.788,+35.495,+0.983
1632080580,+3.47,+30.788,+35.204,+0.979
1632080640,+3.47,+30.779,+35.416,+0.982
1632080700,+3.47,+30.779,+35.425,+0.980
1632080760,+3.47,+30.822,+35.695,+0.983
1632080820,+3.47,+30.831,+35.802,+0.982
1632080880,+3.47,+30.848,+35.899,+0.980
1632080940,+3.47,+30.857,+36.115,+0.983
1632081000,+3.47,+30.866,+36.247,+0.983
1632081060,+3.47,+30.857,+35.588,+0.980
1632081120,+3.47,+30.883,+35.163,+0.982
1632081180,+3.47,+30.927,+34.078,+0.981
1632081240,+3.47,+30.979,+34.246,+0.981
1632081300,+3.48,+30.996,+33.402,+0.983
1632081360,+3.48,+30.996,+32.563,+0.983
1632081420,+3.48,+30.987,+31.431,+0.982
1632081480,+3.48,+30.961,+30.631,+0.982
1632081540,+3.48,+30.970,+29.992,+0.986
1632081600,+3.48,+30.987,+28.810,+0.982
1632081660,+3.48,+31.039,+28.040,+0.981
1632081720,+3.48,+31.057,+27.361,+0.979
1632081780,+3.48,+31.074,+27.237,+0.988
1632081840,+3.48,+31.126,+26.797,+0.986
1632081900,+3.48,+31.126,+26.429,+0.983
1632081960,+3.48,+31.135,+26.253,+0.984
1632082020,+3.48,+31.187,+25.994,+0.985
1632082080,+3.48,+31.205,+25.655,+0.985
1632082140,+3.47,+31.222,+25.263,+0.984
1632082200,+3.47,+31.222,+24.908,+0.983
1632082260,+3.47,+31.239,+24.717,+0.986
1632082320,+3.47,+31.300,+24.213,+0.981
1632082380,+3.47,+31.300,+23.997,+0.985
1632082440,+3.47,+31.309,+23.692,+0.983
1632082500,+3.47,+31.335,+23.455,+0.987
1632082560,+3.47,+31.309,+23.130,+0.984
1632082620,+3.47,+31.344,+22.904,+0.985
1632082680,+3.47,+31.353,+22.634,+0.985
1632082740,+3.47,+31.318,+22.516,+0.986
1632082800,+3.47,+31.300,+22.171,+0.983
1632082860,+3.47,+31.266,+22.092,+0.986
1632082920,+3.48,+31.187,+21.913,+0.987
1632082980,+3.48,+31.144,+21.729,+0.985
1632083040,+3.48,+31.109,+21.617,+0.984
1632083100,+3.48,+31.100,+21.587,+0.984
1632083160,+3.48,+31.118,+21.518,+0.985
1632083220,+3.48,+31.126,+21.445,+0.988
1632083280,+3.48,+31.118,+21.280,+0.987
1632083340,+3.48,+31.118,+21.083,+0.985
1632083400,+3.48,+31.118,+20.918,+0.983
1632083460,+3.48,+31.109,+20.832,+0.984
1632083520,+3.48,+31.126,+20.770,+0.985
1632083580,+3.48,+31.092,+20.705,+0.984
1632083640,+3.48,+31.083,+20.679,+0.985
1632083700,+3.48,+31.048,+20.654,+0.985
1632083760,+3.48,+31.022,+20.623,+0.983
1632083820,+3.48,+30.996,+20.702,+0.986
1632083880,+3.48,+30.996,+21.168,+0.987
1632083940,+3.48,+30.961,+21.091,+0.984
1632084000,+3.48,+30.944,+21.934,+0.987
1632084060,+3.48,+30.979,+23.056,+0.985
1632084120,+3.48,+31.022,+24.116,+0.985
1632084180,+3.48,+31.065,+25.160,+0.986
1632084240,+3.48,+31.126,+26.155,+0.985
1632084300,+3.48,+31.222,+26.867,+0.981
1632084360,+3.48,+31.266,+27.851,+0.986
1632084420,+3.47,+31.344,+28.436,+0.982
1632084480,+3.47,+31.422,+28.915,+0.981
1632084540,+3.47,+31.448,+29.476,+0.983
1632084600,+3.47,+31.527,+29.946,+0.983
1632084660,+3.47,+31.632,+30.405,+0.984
1632084720,+3.47,+31.701,+30.790,+0.984
1632084780,+3.47,+31.719,+31.070,+0.981
1632084840,+3.47,+31.762,+31.639,+0.982
1632084900,+3.47,+31.797,+32.034,+0.982
1632084960,+3.47,+31.832,+32.399,+0.983
1632085020,+3.47,+31.885,+32.403,+0.980
1632085080,+3.47,+31.841,+32.810,+0.985
1632085140,+3.47,+31.815,+32.833,+0.981
1632085200,+3.47,+31.762,+33.203,+0.985
1632085260,+3.47,+31.780,+33.272,+0.982
1632085320,+3.47,+31.797,+33.336,+0.981
1632085380,+3.47,+31.789,+33.559,+0.983
1632085440,+3.47,+31.789,+33.396,+0.979
1632085500,+3.47,+31.797,+33.584,+0.981
1632085560,+3.47,+31.736,+33.588,+0.979
1632085620,+3.48,+31.457,+27.850,+0.987
1632085680,+3.47,+31.911,+14.543,+0.965
1632085740,+3.48,+32.051, +8.769,+0.968
1632085800,+3.48,+32.095, +7.835,+0.979
1632085860,+3.47,+31.946, +7.255,+0.979
1632085920,+3.48,+32.165, +7.309,+0.978
1632085980,+3.48,+32.156,+11.437,+0.978
1632086040,+3.48,+32.200,+12.478,+0.980
1632086100,+3.48,+32.235,+12.749,+0.980
1632086160,+3.48,+32.270,+12.815,+0.981
1632086220,+3.48,+32.296,+12.794,+0.981
1632086280,+3.48,+32.314,+12.690,+0.980
1632086340,+3.48,+32.323,+12.640,+0.981
1632086400,+3.48,+32.340,+12.956,+0.980
1632086460,+3.47,+31.998, +7.066,+0.978
