7450-387970
OS REV: 1.05 Sensor Cal: 1615486469
Time (sec),  BV (Volts),  T (deg C),  DO (mg/l),  Q ()
1631668200,+3.47,+26.719, +8.213,+0.981
1631668260,+3.47,+26.711, +8.132,+0.982
1631668320,+3.47,+26.711, +8.050,+0.982
1631668380,+3.47,+26.711, +7.984,+0.982
1631668440,+3.47,+26.694, +7.941,+0.982
1631668500,+3.47,+26.711, +7.906,+0.982
1631668560,+3.47,+26.694, +7.890,+0.982
1631668620,+3.47,+26.694, +7.868,+0.981
1631668680,+3.47,+26.694, +7.861,+0.982
1631668740,+3.47,+26.677, +7.828,+0.981
1631668800,+3.47,+26.694, +7.789,+0.981
1631668860,+3.47,+26.694, +7.734,+0.981
1631668920,+3.47,+26.668, +7.669,+0.981
1631668980,+3.47,+26.668, +7.604,+0.982
1631669040,+3.47,+26.677, +7.540,+0.981
1631669100,+3.47,+26.651, +7.475,+0.981
1631669160,+3.47,+26.660, +7.389,+0.981
1631669220,+3.47,+26.660, +7.314,+0.981
1631669280,+3.47,+26.643, +7.236,+0.981
1631669340,+3.47,+26.643, +7.162,+0.981
1631669400,+3.47,+26.651, +7.086,+0.981
1631669460,+3.47,+26.651, +7.015,+0.981
1631669520,+3.47,+26.634, +6.973,+0.981
1631669580,+3.47,+26.643, +6.954,+0.981
1631669640,+3.47,+26.626, +6.944,+0.981
1631669700,+3.47,+26.618, +6.903,+0.980
1631669760,+3.47,+26.609, +6.862,+0.980
1631669820,+3.47,+26.618, +6.833,+0.981
1631669880,+3.48,+26.618, +6.794,+0.980
1631669940,+3.47,+26.618, +6.773,+0.980
1631670000,+3.47,+26.601, +6.758,+0.981
1631670060,+3.47,+26.592, +6.746,+0.980
1631670120,+3.47,+26.601, +6.729,+0.980
1631670180,+3.47,+26.592, +6.701,+0.980
1631670240,+3.47,+26.601, +6.664,+0.980
1631670300,+3.47,+26.592, +6.611,+0.980
1631670360,+3.47,+26.575, +6.566,+0.981
1631670420,+3.47,+26.584, +6.534,+0.981
1631670480,+3.47,+26.567, +6.529,+0.981
1631670540,+3.47,+26.575, +6.518,+0.981
1631670600,+3.47,+26.584, +6.530,+0.981
1631670660,+3.47,+26.558, +6.562,+0.981
1631670720,+3.47,+26.550, +6.645,+0.979
1631670780,+3.47,+26.550, +6.730,+0.979
1631670840,+3.47,+26.541, +6.800,+0.978
1631670900,+3.47,+26.541, +6.885,+0.978
1631670960,+3.47,+26.550, +6.955,+0.978
1631671020,+3.47,+26.541, +6.997,+0.978
1631671080,+3.47,+26.533, +7.002,+0.977
1631671140,+3.47,+26.508, +7.012,+0.977
1631671200,+3.47,+26.524, +7.031,+0.977
1631671260,+3.47,+26.508, +7.017,+0.978
1631671320,+3.47,+26.524, +6.912,+0.977
1631671380,+3.47,+26.499, +6.819,+0.978
1631671440,+3.47,+26.508, +6.765,+0.979
1631671500,+3.47,+26.508, +6.703,+0.979
1631671560,+3.47,+26.491, +6.637,+0.979
1631671620,+3.47,+26.499, +6.554,+0.979
1631671680,+3.47,+26.508, +6.454,+0.978
1631671740,+3.47,+26.474, +6.381,+0.979
1631671800,+3.47,+26.499, +6.313,+0.980
1631671860,+3.47,+26.499, +6.231,+0.979
1631671920,+3.47,+26.482, +6.162,+0.979
1631671980,+3.47,+26.491, +6.083,+0.979
1631672040,+3.47,+26.474, +5.994,+0.979
1631672100,+3.47,+26.482, +5.903,+0.979
1631672160,+3.47,+26.482, +5.811,+0.979
1631672220,+3.47,+26.482, +5.717,+0.979
1631672280,+3.47,+26.474, +5.616,+0.979
1631672340,+3.47,+26.465, +5.507,+0.979
1631672400,+3.47,+26.465, +5.403,+0.980
1631672460,+3.47,+26.465, +5.294,+0.979
1631672520,+3.47,+26.474, +5.200,+0.979
1631672580,+3.47,+26.457, +5.123,+0.979
1631672640,+3.47,+26.465, +5.064,+0.980
1631672700,+3.47,+26.474, +5.010,+0.980
1631672760,+3.47,+26.457, +4.955,+0.979
1631672820,+3.47,+26.457, +4.897,+0.979
1631672880,+3.47,+26.448, +4.826,+0.979
1631672940,+3.47,+26.448, +4.752,+0.979
1631673000,+3.47,+26.448, +4.686,+0.978
1631673060,+3.47,+26.431, +4.639,+0.979
1631673120,+3.47,+26.431, +4.599,+0.978
1631673180,+3.47,+26.431, +4.562,+0.979
1631673240,+3.47,+26.448, +4.525,+0.979
1631673300,+3.47,+26.431, +4.510,+0.979
1631673360,+3.47,+26.423, +4.475,+0.979
1631673420,+3.47,+26.406, +4.425,+0.979
1631673480,+3.47,+26.423, +4.371,+0.979
1631673540,+3.47,+26.431, +4.310,+0.979
1631673600,+3.47,+26.423, +4.235,+0.979
1631673660,+3.47,+26.423, +4.159,+0.979
1631673720,+3.47,+26.423, +4.093,+0.979
1631673780,+3.47,+26.406, +4.038,+0.979
1631673840,+3.47,+26.414, +3.967,+0.978
1631673900,+3.47,+26.398, +3.887,+0.978
1631673960,+3.47,+26.414, +3.823,+0.978
1631674020,+3.47,+26.414, +3.761,+0.978
1631674080,+3.47,+26.414, +3.690,+0.978
1631674140,+3.47,+26.389, +3.595,+0.977
1631674200,+3.47,+26.398, +3.512,+0.977
1631674260,+3.47,+26.406, +3.427,+0.977
1631674320,+3.47,+26.414, +3.358,+0.977
1631674380,+3.47,+26.398, +3.304,+0.977
1631674440,+3.47,+26.381, +3.262,+0.977
1631674500,+3.47,+26.398, +3.216,+0.977
1631674560,+3.47,+26.389, +3.211,+0.977
1631674620,+3.47,+26.381, +3.220,+0.977
1631674680,+3.47,+26.381, +3.241,+0.977
1631674740,+3.47,+26.372, +3.269,+0.977
1631674800,+3.47,+26.381, +3.277,+0.977
1631674860,+3.47,+26.372, +3.262,+0.978
1631674920,+3.47,+26.372, +3.250,+0.978
1631674980,+3.47,+26.364, +3.226,+0.978
1631675040,+3.47,+26.355, +3.180,+0.978
1631675100,+3.47,+26.372, +3.119,+0.977
1631675160,+3.47,+26.364, +3.039,+0.978
1631675220,+3.47,+26.364, +2.990,+0.978
1631675280,+3.47,+26.338, +2.947,+0.978
1631675340,+3.47,+26.355, +2.895,+0.978
1631675400,+3.47,+26.355, +2.842,+0.978
1631675460,+3.47,+26.355, +2.784,+0.978
1631675520,+3.47,+26.321, +2.757,+0.979
1631675580,+3.47,+26.347, +2.710,+0.978
1631675640,+3.47,+26.355, +2.670,+0.978
1631675700,+3.47,+26.338, +2.641,+0.978
1631675760,+3.47,+26.347, +2.617,+0.978
1631675820,+3.47,+26.330, +2.634,+0.979
1631675880,+3.47,+26.347, +2.654,+0.979
1631675940,+3.47,+26.338, +2.673,+0.979
1631676000,+3.47,+26.347, +2.666,+0.979
1631676060,+3.47,+26.313, +2.648,+0.978
1631676120,+3.47,+26.330, +2.632,+0.978
1631676180,+3.47,+26.313, +2.606,+0.977
1631676240,+3.47,+26.313, +2.582,+0.977
1631676300,+3.47,+26.305, +2.550,+0.976
1631676360,+3.47,+26.305, +2.532,+0.976
1631676420,+3.47,+26.305, +2.571,+0.976
1631676480,+3.47,+26.305, +2.632,+0.975
1631676540,+3.47,+26.288, +2.643,+0.975
1631676600,+3.47,+26.305, +2.634,+0.975
1631676660,+3.47,+26.296, +2.598,+0.975
1631676720,+3.47,+26.288, +2.556,+0.974
1631676780,+3.47,+26.279, +2.487,+0.974
1631676840,+3.47,+26.271, +2.414,+0.974
1631676900,+3.47,+26.271, +2.325,+0.973
1631676960,+3.47,+26.288, +2.235,+0.973
1631677020,+3.47,+26.288, +2.136,+0.974
1631677080,+3.47,+26.279, +2.053,+0.975
1631677140,+3.47,+26.279, +1.960,+0.975
1631677200,+3.47,+26.271, +1.880,+0.975
1631677260,+3.47,+26.279, +1.804,+0.974
1631677320,+3.47,+26.271, +1.737,+0.974
1631677380,+3.47,+26.262, +1.668,+0.974
1631677440,+3.47,+26.271, +1.602,+0.975
1631677500,+3.47,+26.262, +1.574,+0.976
1631677560,+3.47,+26.271, +1.524,+0.975
1631677620,+3.47,+26.279, +1.466,+0.975
1631677680,+3.47,+26.271, +1.398,+0.974
1631677740,+3.47,+26.262, +1.322,+0.973
1631677800,+3.47,+26.254, +1.238,+0.972
1631677860,+3.47,+26.245, +1.139,+0.971
1631677920,+3.47,+26.254, +1.061,+0.969
1631677980,+3.47,+26.262, +1.022,+0.969
1631678040,+3.47,+26.245, +0.989,+0.969
1631678100,+3.47,+26.245, +0.892,+0.967
1631678160,+3.47,+26.237, +0.805,+0.967
1631678220,+3.47,+26.229, +0.756,+0.968
1631678280,+3.47,+26.245, +0.745,+0.969
1631678340,+3.47,+26.229, +0.793,+0.970
1631678400,+3.47,+26.229, +0.887,+0.971
1631678460,+3.47,+26.229, +0.985,+0.972
1631678520,+3.47,+26.220, +1.068,+0.972
1631678580,+3.47,+26.203, +1.104,+0.972
1631678640,+3.47,+26.212, +1.106,+0.973
1631678700,+3.47,+26.212, +1.115,+0.973
1631678760,+3.47,+26.220, +1.122,+0.973
1631678820,+3.47,+26.220, +1.118,+0.974
1631678880,+3.47,+26.220, +1.100,+0.973
1631678940,+3.47,+26.220, +1.110,+0.973
1631679000,+3.47,+26.203, +1.108,+0.973
1631679060,+3.47,+26.212, +1.067,+0.971
1631679120,+3.47,+26.212, +1.044,+0.971
1631679180,+3.47,+26.203, +1.040,+0.971
1631679240,+3.47,+26.203, +1.015,+0.971
1631679300,+3.47,+26.212, +0.981,+0.970
1631679360,+3.47,+26.203, +0.943,+0.970
1631679420,+3.47,+26.186, +0.880,+0.969
1631679480,+3.47,+26.195, +0.837,+0.968
1631679540,+3.47,+26.186, +0.816,+0.969
1631679600,+3.47,+26.203, +0.777,+0.969
1631679660,+3.47,+26.195, +0.734,+0.969
1631679720,+3.47,+26.186, +0.700,+0.969
1631679780,+3.47,+26.195, +0.669,+0.970
1631679840,+3.47,+26.169, +0.627,+0.970
1631679900,+3.47,+26.186, +0.601,+0.969
1631679960,+3.47,+26.178, +0.594,+0.970
1631680020,+3.47,+26.178, +0.589,+0.970
1631680080,+3.47,+26.161, +0.585,+0.970
1631680140,+3.47,+26.178, +0.569,+0.970
1631680200,+3.47,+26.178, +0.544,+0.970
1631680260,+3.47,+26.161, +0.506,+0.970
1631680320,+3.47,+26.169, +0.466,+0.969
1631680380,+3.47,+26.161, +0.439,+0.969
1631680440,+3.47,+26.152, +0.413,+0.969
1631680500,+3.47,+26.161, +1.207,+0.970
1631680560,+3.47,+26.161, +1.876,+0.972
1631680620,+3.47,+26.144, +2.235,+0.974
1631680680,+3.47,+26.144, +2.424,+0.976
1631680740,+3.47,+26.152, +2.517,+0.977
1631680800,+3.47,+26.152, +2.548,+0.977
1631680860,+3.47,+26.127, +2.538,+0.978
1631680920,+3.47,+26.144, +2.502,+0.978
1631680980,+3.47,+26.161, +2.451,+0.978
1631681040,+3.47,+26.136, +2.387,+0.978
1631681100,+3.47,+26.144, +2.310,+0.978
1631681160,+3.47,+26.144, +2.226,+0.977
1631681220,+3.47,+26.136, +2.143,+0.977
1631681280,+3.47,+26.127, +2.054,+0.977
1631681340,+3.47,+26.136, +1.952,+0.977
1631681400,+3.47,+26.110, +1.856,+0.977
1631681460,+3.47,+26.119, +1.751,+0.977
1631681520,+3.47,+26.119, +1.655,+0.977
1631681580,+3.47,+26.136, +1.560,+0.976
1631681640,+3.47,+26.127, +1.479,+0.976
1631681700,+3.47,+26.127, +1.409,+0.976
1631681760,+3.47,+26.127, +1.338,+0.976
1631681820,+3.47,+26.110, +1.236,+0.976
1631681880,+3.47,+26.110, +1.148,+0.975
1631681940,+3.47,+26.110, +1.064,+0.975
1631682000,+3.47,+26.127, +0.992,+0.975
1631682060,+3.47,+26.110, +0.914,+0.975
1631682120,+3.47,+26.102, +0.836,+0.975
1631682180,+3.47,+26.102, +0.775,+0.975
1631682240,+3.47,+26.110, +0.728,+0.974
1631682300,+3.47,+26.110, +0.698,+0.973
1631682360,+3.47,+26.102, +0.676,+0.972
1631682420,+3.47,+26.102, +0.652,+0.971
1631682480,+3.47,+26.119, +0.633,+0.971
1631682540,+3.47,+26.102, +0.609,+0.970
1631682600,+3.47,+26.093, +0.582,+0.970
1631682660,+3.47,+26.085, +0.565,+0.970
1631682720,+3.47,+26.102, +0.545,+0.970
1631682780,+3.47,+26.102, +0.520,+0.970
1631682840,+3.47,+26.085, +0.494,+0.969
1631682900,+3.47,+26.085, +0.470,+0.969
1631682960,+3.47,+26.085, +0.454,+0.968
1631683020,+3.47,+26.085, +0.431,+0.968
1631683080,+3.47,+26.093, +0.405,+0.967
1631683140,+3.47,+26.076, +0.379,+0.966
1631683200,+3.47,+26.085, +0.358,+0.966
1631683260,+3.47,+26.085, +0.343,+0.966
1631683320,+3.47,+26.076, +0.346,+0.965
1631683380,+3.47,+26.076, +0.336,+0.966
1631683440,+3.47,+26.093, +0.318,+0.966
1631683500,+3.47,+26.085, +0.303,+0.966
1631683560,+3.47,+26.085, +0.282,+0.966
1631683620,+3.47,+26.068, +0.250,+0.966
1631683680,+3.47,+26.051, +0.224,+0.966
1631683740,+3.47,+26.068, +0.211,+0.966
1631683800,+3.47,+26.060, +0.205,+0.966
1631683860,+3.47,+26.068, +0.201,+0.965
1631683920,+3.47,+26.060, +0.200,+0.965
1631683980,+3.47,+26.076, +0.188,+0.965
1631684040,+3.47,+26.068, +0.184,+0.965
1631684100,+3.47,+26.051, +0.175,+0.965
1631684160,+3.47,+26.051, +0.173,+0.965
1631684220,+3.47,+26.068, +0.174,+0.964
1631684280,+3.47,+26.068, +0.179,+0.965
1631684340,+3.47,+26.060, +0.173,+0.965
1631684400,+3.47,+26.060, +0.151,+0.965
1631684460,+3.47,+26.060, +0.139,+0.965
1631684520,+3.47,+26.043, +0.130,+0.965
1631684580,+3.47,+26.051, +0.122,+0.965
1631684640,+3.47,+26.043, +0.115,+0.965
1631684700,+3.47,+26.043, +0.107,+0.965
1631684760,+3.47,+26.051, +0.097,+0.965
1631684820,+3.47,+26.043, +0.090,+0.965
1631684880,+3.47,+26.051, +0.098,+0.965
1631684940,+3.47,+26.026, +0.123,+0.965
1631685000,+3.47,+26.034, +0.135,+0.965
1631685060,+3.47,+26.051, +0.144,+0.965
1631685120,+3.47,+26.034, +0.144,+0.965
1631685180,+3.47,+26.034, +0.137,+0.965
1631685240,+3.47,+26.026, +0.138,+0.965
1631685300,+3.47,+26.034, +0.136,+0.965
1631685360,+3.47,+26.043, +0.136,+0.966
1631685420,+3.47,+26.043, +0.138,+0.966
1631685480,+3.47,+26.026, +0.143,+0.966
1631685540,+3.47,+26.034, +0.152,+0.966
1631685600,+3.47,+26.026, +0.151,+0.966
1631685660,+3.47,+26.017, +0.146,+0.966
1631685720,+3.47,+26.017, +0.135,+0.966
1631685780,+3.47,+26.034, +0.118,+0.966
1631685840,+3.47,+26.000, +0.109,+0.966
1631685900,+3.47,+25.992, +0.099,+0.966
1631685960,+3.47,+26.017, +0.092,+0.966
1631686020,+3.47,+26.026, +0.083,+0.966
1631686080,+3.47,+26.017, +0.073,+0.966
1631686140,+3.47,+26.017, +0.064,+0.966
1631686200,+3.47,+26.009, +0.057,+0.965
1631686260,+3.47,+26.026, +0.052,+0.966
1631686320,+3.47,+26.009, +0.045,+0.965
1631686380,+3.47,+25.992, +0.043,+0.965
1631686440,+3.47,+25.992, +0.040,+0.965
1631686500,+3.47,+26.000, +0.039,+0.965
1631686560,+3.47,+25.992, +0.038,+0.965
1631686620,+3.47,+26.000, +0.038,+0.965
1631686680,+3.47,+26.000, +0.038,+0.965
1631686740,+3.47,+26.000, +0.038,+0.965
1631686800,+3.47,+25.992, +0.040,+0.965
1631686860,+3.47,+26.000, +0.041,+0.965
1631686920,+3.47,+26.000, +0.042,+0.965
1631686980,+3.47,+26.009, +0.040,+0.965
1631687040,+3.47,+25.984, +0.038,+0.965
1631687100,+3.47,+25.967, +0.038,+0.965
1631687160,+3.47,+25.992, +0.038,+0.965
1631687220,+3.47,+25.975, +0.039,+0.965
1631687280,+3.47,+25.975, +0.038,+0.965
1631687340,+3.47,+25.984, +0.039,+0.965
1631687400,+3.47,+25.975, +0.041,+0.966
1631687460,+3.47,+25.984, +0.043,+0.965
1631687520,+3.47,+25.984, +0.043,+0.965
1631687580,+3.47,+25.984, +0.044,+0.965
1631687640,+3.47,+25.975, +0.043,+0.966
1631687700,+3.47,+25.975, +0.041,+0.965
1631687760,+3.47,+25.975, +0.040,+0.966
1631687820,+3.47,+25.950, +0.040,+0.966
1631687880,+3.47,+25.967, +0.039,+0.966
1631687940,+3.47,+25.967, +0.039,+0.965
1631688000,+3.47,+25.958, +0.039,+0.965
1631688060,+3.47,+25.967, +0.040,+0.966
1631688120,+3.47,+25.967, +0.040,+0.966
1631688180,+3.47,+25.967, +0.040,+0.965
1631688240,+3.47,+25.958, +0.040,+0.966
1631688300,+3.47,+25.958, +0.040,+0.966
1631688360,+3.47,+25.958, +0.039,+0.966
1631688420,+3.47,+25.958, +0.039,+0.966
1631688480,+3.47,+25.967, +0.039,+0.966
1631688540,+3.47,+25.958, +0.039,+0.966
1631688600,+3.47,+25.967, +0.040,+0.966
1631688660,+3.47,+25.958, +0.042,+0.966
1631688720,+3.47,+25.967, +0.049,+0.966
1631688780,+3.47,+25.967, +0.055,+0.966
1631688840,+3.47,+25.967, +0.059,+0.966
1631688900,+3.47,+25.958, +0.072,+0.966
1631688960,+3.47,+25.958, +0.083,+0.966
1631689020,+3.47,+25.967, +0.094,+0.966
1631689080,+3.47,+25.975, +0.107,+0.966
1631689140,+3.47,+25.958, +0.112,+0.966
1631689200,+3.47,+25.967, +0.112,+0.966
1631689260,+3.47,+25.950, +0.113,+0.966
1631689320,+3.47,+25.941, +0.114,+0.966
1631689380,+3.47,+25.950, +0.111,+0.966
1631689440,+3.47,+25.950, +0.106,+0.966
1631689500,+3.47,+25.958, +0.093,+0.966
1631689560,+3.47,+25.967, +0.081,+0.966
1631689620,+3.47,+25.950, +0.079,+0.966
1631689680,+3.47,+25.941, +0.072,+0.965
1631689740,+3.47,+25.941, +0.066,+0.965
1631689800,+3.47,+25.950, +0.062,+0.965
1631689860,+3.47,+25.941, +0.062,+0.965
1631689920,+3.47,+25.933, +0.059,+0.965
1631689980,+3.47,+25.958, +0.057,+0.966
1631690040,+3.47,+25.941, +0.057,+0.965
1631690100,+3.47,+25.933, +0.057,+0.966
1631690160,+3.47,+25.933, +0.061,+0.966
1631690220,+3.47,+25.933, +0.068,+0.965
1631690280,+3.47,+25.950, +0.070,+0.965
1631690340,+3.47,+25.941, +0.079,+0.966
1631690400,+3.47,+25.941, +0.092,+0.966
1631690460,+3.47,+25.950, +0.105,+0.966
1631690520,+3.47,+25.941, +0.115,+0.966
1631690580,+3.47,+25.933, +0.122,+0.966
1631690640,+3.47,+25.933, +0.121,+0.966
1631690700,+3.47,+25.958, +0.113,+0.966
1631690760,+3.47,+25.916, +0.108,+0.966
1631690820,+3.47,+25.933, +0.099,+0.966
1631690880,+3.47,+25.933, +0.092,+0.966
1631690940,+3.47,+25.933, +0.084,+0.966
1631691000,+3.47,+25.933, +0.076,+0.966
1631691060,+3.47,+25.924, +0.072,+0.966
1631691120,+3.47,+25.933, +0.068,+0.966
1631691180,+3.47,+25.916, +0.066,+0.966
1631691240,+3.47,+25.908, +0.066,+0.966
1631691300,+3.47,+25.933, +0.060,+0.966
1631691360,+3.47,+25.924, +0.057,+0.966
1631691420,+3.47,+25.924, +0.061,+0.966
1631691480,+3.47,+25.924, +0.063,+0.965
1631691540,+3.47,+25.899, +0.061,+0.965
1631691600,+3.47,+25.908, +0.062,+0.965
1631691660,+3.47,+25.924, +0.061,+0.965
1631691720,+3.47,+25.924, +0.059,+0.965
1631691780,+3.47,+25.924, +0.054,+0.966
1631691840,+3.47,+25.908, +0.050,+0.965
1631691900,+3.47,+25.916, +0.047,+0.965
1631691960,+3.47,+25.916, +0.045,+0.966
1631692020,+3.47,+25.899, +0.043,+0.965
1631692080,+3.47,+25.924, +0.041,+0.966
1631692140,+3.47,+25.916, +0.041,+0.966
1631692200,+3.47,+25.899, +0.042,+0.966
1631692260,+3.47,+25.916, +0.044,+0.965
1631692320,+3.47,+25.908, +0.047,+0.966
1631692380,+3.47,+25.908, +0.048,+0.966
1631692440,+3.47,+25.882, +0.047,+0.966
1631692500,+3.47,+25.882, +0.044,+0.966
1631692560,+3.47,+25.891, +0.041,+0.965
1631692620,+3.47,+25.874, +0.039,+0.966
1631692680,+3.47,+25.874, +0.039,+0.966
1631692740,+3.47,+25.891, +0.038,+0.965
1631692800,+3.47,+25.899, +0.038,+0.965
1631692860,+3.47,+25.908, +0.039,+0.966
1631692920,+3.47,+25.899, +0.040,+0.966
1631692980,+3.47,+25.882, +0.040,+0.966
1631693040,+3.47,+25.891, +0.042,+0.966
1631693100,+3.47,+25.908, +0.043,+0.966
1631693160,+3.47,+25.899, +0.044,+0.966
1631693220,+3.47,+25.891, +0.044,+0.966
1631693280,+3.47,+25.882, +0.044,+0.966
1631693340,+3.47,+25.891, +0.044,+0.966
1631693400,+3.47,+25.891, +0.045,+0.966
1631693460,+3.47,+25.882, +0.046,+0.966
1631693520,+3.47,+25.874, +0.047,+0.966
1631693580,+3.47,+25.865, +0.049,+0.966
1631693640,+3.47,+25.891, +0.047,+0.966
1631693700,+3.47,+25.849, +0.044,+0.966
1631693760,+3.47,+25.882, +0.042,+0.966
1631693820,+3.47,+25.874, +0.041,+0.966
1631693880,+3.47,+25.874, +0.041,+0.966
1631693940,+3.47,+25.882, +0.043,+0.966
1631694000,+3.47,+25.874, +0.046,+0.966
1631694060,+3.47,+25.865, +0.048,+0.966
1631694120,+3.47,+25.865, +0.049,+0.966
1631694180,+3.47,+25.849, +0.050,+0.966
1631694240,+3.47,+25.857, +0.051,+0.966
1631694300,+3.47,+25.882, +0.050,+0.966
1631694360,+3.47,+25.857, +0.048,+0.966
1631694420,+3.47,+25.849, +0.048,+0.966
1631694480,+3.47,+25.865, +0.047,+0.966
1631694540,+3.47,+25.857, +0.046,+0.966
1631694600,+3.47,+25.849, +0.044,+0.966
1631694660,+3.47,+25.865, +0.041,+0.966
1631694720,+3.47,+25.849, +0.039,+0.966
1631694780,+3.47,+25.840, +0.038,+0.965
1631694840,+3.47,+25.857, +0.039,+0.966
1631694900,+3.47,+25.840, +0.039,+0.966
1631694960,+3.47,+25.857, +0.039,+0.966
1631695020,+3.47,+25.840, +0.039,+0.966
1631695080,+3.47,+25.857, +0.039,+0.966
1631695140,+3.47,+25.865, +0.039,+0.965
1631695200,+3.47,+25.849, +0.039,+0.966
1631695260,+3.47,+25.849, +0.040,+0.966
1631695320,+3.47,+25.857, +0.040,+0.966
1631695380,+3.47,+25.840, +0.040,+0.966
1631695440,+3.47,+25.840, +0.040,+0.966
1631695500,+3.47,+25.857, +0.040,+0.966
1631695560,+3.47,+25.840, +0.040,+0.966
1631695620,+3.47,+25.823, +0.040,+0.966
1631695680,+3.47,+25.840, +0.039,+0.966
1631695740,+3.47,+25.823, +0.039,+0.966
1631695800,+3.47,+25.832, +0.038,+0.966
1631695860,+3.47,+25.823, +0.039,+0.966
1631695920,+3.47,+25.832, +0.038,+0.966
1631695980,+3.47,+25.823, +0.040,+0.966
1631696040,+3.47,+25.840, +0.042,+0.966
1631696100,+3.47,+25.823, +0.045,+0.966
1631696160,+3.47,+25.832, +0.045,+0.966
1631696220,+3.47,+25.815, +0.045,+0.966
1631696280,+3.47,+25.823, +0.045,+0.966
1631696340,+3.47,+25.815, +0.044,+0.966
1631696400,+3.47,+25.823, +0.043,+0.966
1631696460,+3.47,+25.823, +0.041,+0.966
1631696520,+3.47,+25.815, +0.041,+0.966
1631696580,+3.47,+25.832, +0.040,+0.966
1631696640,+3.47,+25.806, +0.040,+0.966
1631696700,+3.47,+25.815, +0.041,+0.966
1631696760,+3.47,+25.823, +0.041,+0.966
1631696820,+3.47,+25.823, +0.041,+0.966
1631696880,+3.47,+25.815, +0.040,+0.966
1631696940,+3.47,+25.806, +0.038,+0.966
1631697000,+3.47,+25.815, +0.037,+0.966
1631697060,+3.47,+25.798, +0.038,+0.966
1631697120,+3.47,+25.823, +0.038,+0.966
1631697180,+3.47,+25.823, +0.038,+0.966
1631697240,+3.47,+25.798, +0.039,+0.966
1631697300,+3.47,+25.789, +0.041,+0.966
1631697360,+3.47,+25.789, +0.043,+0.966
1631697420,+3.47,+25.789, +0.041,+0.966
1631697480,+3.47,+25.815, +0.040,+0.966
1631697540,+3.47,+25.789, +0.039,+0.966
1631697600,+3.47,+25.806, +0.040,+0.966
1631697660,+3.47,+25.806, +0.039,+0.966
1631697720,+3.47,+25.806, +0.041,+0.966
1631697780,+3.47,+25.806, +0.041,+0.966
1631697840,+3.47,+25.798, +0.042,+0.966
1631697900,+3.47,+25.789, +0.044,+0.966
1631697960,+3.47,+25.789, +0.047,+0.966
1631698020,+3.47,+25.789, +0.060,+0.966
1631698080,+3.47,+25.789, +0.060,+0.966
1631698140,+3.47,+25.789, +0.057,+0.966
1631698200,+3.47,+25.798, +0.048,+0.966
1631698260,+3.47,+25.773, +0.042,+0.966
1631698320,+3.47,+25.781, +0.040,+0.966
1631698380,+3.47,+25.773, +0.039,+0.966
1631698440,+3.47,+25.789, +0.038,+0.966
1631698500,+3.47,+25.773, +0.038,+0.966
1631698560,+3.47,+25.781, +0.038,+0.966
1631698620,+3.47,+25.773, +0.037,+0.966
1631698680,+3.47,+25.781, +0.037,+0.966
1631698740,+3.47,+25.773, +0.038,+0.966
1631698800,+3.47,+25.773, +0.038,+0.966
1631698860,+3.47,+25.756, +0.038,+0.966
1631698920,+3.47,+25.773, +0.038,+0.966
1631698980,+3.47,+25.773, +0.038,+0.966
1631699040,+3.47,+25.764, +0.040,+0.966
1631699100,+3.47,+25.773, +0.041,+0.966
1631699160,+3.47,+25.764, +0.042,+0.966
1631699220,+3.47,+25.756, +0.043,+0.966
1631699280,+3.47,+25.747, +0.042,+0.966
1631699340,+3.47,+25.764, +0.043,+0.966
1631699400,+3.47,+25.764, +0.044,+0.966
1631699460,+3.47,+25.764, +0.045,+0.966
1631699520,+3.47,+25.764, +0.048,+0.966
1631699580,+3.47,+25.764, +0.049,+0.966
1631699640,+3.47,+25.756, +0.048,+0.966
1631699700,+3.47,+25.756, +0.047,+0.966
1631699760,+3.47,+25.756, +0.047,+0.966
1631699820,+3.47,+25.764, +0.046,+0.966
1631699880,+3.47,+25.756, +0.046,+0.966
1631699940,+3.47,+25.747, +0.046,+0.966
1631700000,+3.47,+25.747, +0.046,+0.966
1631700060,+3.47,+25.756, +0.045,+0.966
1631700120,+3.47,+25.747, +0.043,+0.966
1631700180,+3.47,+25.739, +0.042,+0.966
1631700240,+3.47,+25.756, +0.042,+0.966
1631700300,+3.47,+25.747, +0.041,+0.966
1631700360,+3.47,+25.739, +0.041,+0.966
1631700420,+3.47,+25.747, +0.040,+0.966
1631700480,+3.47,+25.730, +0.040,+0.966
1631700540,+3.47,+25.739, +0.042,+0.966
1631700600,+3.47,+25.730, +0.044,+0.966
1631700660,+3.47,+25.739, +0.044,+0.966
1631700720,+3.47,+25.739, +0.045,+0.966
1631700780,+3.47,+25.714, +0.044,+0.966
1631700840,+3.47,+25.722, +0.043,+0.966
1631700900,+3.47,+25.739, +0.042,+0.966
1631700960,+3.47,+25.722, +0.041,+0.966
1631701020,+3.47,+25.730, +0.039,+0.966
1631701080,+3.47,+25.739, +0.039,+0.965
1631701140,+3.47,+25.722, +0.039,+0.966
1631701200,+3.47,+25.730, +0.038,+0.966
1631701260,+3.47,+25.722, +0.039,+0.966
1631701320,+3.47,+25.730, +0.039,+0.966
1631701380,+3.47,+25.714, +0.039,+0.966
1631701440,+3.47,+25.722, +0.040,+0.966
1631701500,+3.47,+25.722, +0.041,+0.966
1631701560,+3.47,+25.739, +0.041,+0.966
1631701620,+3.47,+25.730, +0.041,+0.966
1631701680,+3.47,+25.730, +0.040,+0.966
1631701740,+3.47,+25.705, +0.040,+0.966
1631701800,+3.47,+25.722, +0.039,+0.965
1631701860,+3.47,+25.722, +0.038,+0.965
1631701920,+3.47,+25.714, +0.038,+0.966
1631701980,+3.47,+25.714, +0.041,+0.966
1631702040,+3.47,+25.714, +0.041,+0.966
1631702100,+3.47,+25.714, +0.040,+0.966
1631702160,+3.47,+25.714, +0.040,+0.966
1631702220,+3.47,+25.697, +0.039,+0.966
1631702280,+3.47,+25.722, +0.039,+0.966
1631702340,+3.47,+25.697, +0.038,+0.966
1631702400,+3.47,+25.705, +0.038,+0.966
1631702460,+3.47,+25.697, +0.038,+0.966
1631702520,+3.47,+25.705, +0.038,+0.966
1631702580,+3.47,+25.705, +0.038,+0.966
1631702640,+3.47,+25.688, +0.038,+0.965
1631702700,+3.47,+25.714, +0.038,+0.966
1631702760,+3.47,+25.697, +0.038,+0.966
1631702820,+3.47,+25.705, +0.038,+0.966
1631702880,+3.47,+25.705, +0.038,+0.966
1631702940,+3.47,+25.688, +0.038,+0.966
1631703000,+3.47,+25.697, +0.037,+0.966
1631703060,+3.47,+25.697, +0.037,+0.966
1631703120,+3.47,+25.688, +0.038,+0.966
1631703180,+3.47,+25.697, +0.037,+0.966
1631703240,+3.47,+25.680, +0.037,+0.966
1631703300,+3.47,+25.671, +0.037,+0.966
1631703360,+3.47,+25.680, +0.037,+0.966
1631703420,+3.47,+25.680, +0.037,+0.966
1631703480,+3.47,+25.663, +0.037,+0.966
1631703540,+3.47,+25.663, +0.038,+0.966
1631703600,+3.47,+25.663, +0.038,+0.966
1631703660,+3.47,+25.671, +0.038,+0.966
1631703720,+3.47,+25.663, +0.039,+0.966
1631703780,+3.47,+25.655, +0.038,+0.966
1631703840,+3.47,+25.671, +0.038,+0.966
1631703900,+3.47,+25.655, +0.039,+0.966
1631703960,+3.47,+25.663, +0.039,+0.966
1631704020,+3.47,+25.646, +0.039,+0.966
1631704080,+3.47,+25.655, +0.038,+0.966
1631704140,+3.47,+25.655, +0.038,+0.966
1631704200,+3.47,+25.655, +0.039,+0.966
1631704260,+3.47,+25.655, +0.038,+0.966
1631704320,+3.47,+25.655, +0.038,+0.966
1631704380,+3.47,+25.629, +0.038,+0.966
1631704440,+3.47,+25.646, +0.037,+0.966
1631704500,+3.47,+25.629, +0.037,+0.966
1631704560,+3.47,+25.646, +0.037,+0.966
1631704620,+3.47,+25.629, +0.037,+0.966
1631704680,+3.47,+25.646, +0.037,+0.966
1631704740,+3.47,+25.629, +0.038,+0.966
1631704800,+3.47,+25.638, +0.038,+0.966
1631704860,+3.47,+25.621, +0.038,+0.966
1631704920,+3.47,+25.621, +0.038,+0.966
1631704980,+3.47,+25.621, +0.038,+0.966
1631705040,+3.47,+25.621, +0.038,+0.966
1631705100,+3.47,+25.629, +0.038,+0.966
1631705160,+3.47,+25.638, +0.038,+0.966
1631705220,+3.47,+25.629, +0.038,+0.966
1631705280,+3.47,+25.629, +0.038,+0.966
1631705340,+3.47,+25.621, +0.038,+0.966
1631705400,+3.47,+25.612, +0.039,+0.966
1631705460,+3.47,+25.612, +0.039,+0.966
1631705520,+3.47,+25.621, +0.038,+0.966
1631705580,+3.47,+25.604, +0.038,+0.966
1631705640,+3.47,+25.604, +0.038,+0.966
1631705700,+3.47,+25.621, +0.038,+0.966
1631705760,+3.47,+25.587, +0.037,+0.966
1631705820,+3.47,+25.604, +0.038,+0.966
1631705880,+3.47,+25.596, +0.037,+0.966
1631705940,+3.47,+25.604, +0.037,+0.966
1631706000,+3.47,+25.596, +0.037,+0.966
1631706060,+3.47,+25.587, +0.037,+0.966
1631706120,+3.47,+25.596, +0.037,+0.966
1631706180,+3.47,+25.604, +0.037,+0.966
1631706240,+3.47,+25.587, +0.037,+0.966
1631706300,+3.47,+25.596, +0.037,+0.966
1631706360,+3.47,+25.587, +0.037,+0.966
1631706420,+3.47,+25.579, +0.038,+0.966
1631706480,+3.47,+25.587, +0.037,+0.966
1631706540,+3.47,+25.587, +0.038,+0.966
1631706600,+3.47,+25.596, +0.038,+0.966
1631706660,+3.47,+25.587, +0.038,+0.966
1631706720,+3.47,+25.579, +0.039,+0.966
1631706780,+3.47,+25.570, +0.040,+0.966
1631706840,+3.47,+25.579, +0.040,+0.966
1631706900,+3.47,+25.579, +0.038,+0.966
1631706960,+3.47,+25.579, +0.037,+0.966
1631707020,+3.47,+25.579, +0.037,+0.966
1631707080,+3.47,+25.562, +0.037,+0.966
1631707140,+3.47,+25.570, +0.037,+0.966
1631707200,+3.47,+25.579, +0.037,+0.966
1631707260,+3.47,+25.579, +0.037,+0.966
1631707320,+3.47,+25.570, +0.037,+0.966
1631707380,+3.47,+25.579, +0.037,+0.966
1631707440,+3.47,+25.570, +0.037,+0.966
1631707500,+3.47,+25.562, +0.037,+0.966
1631707560,+3.47,+25.562, +0.037,+0.966
1631707620,+3.47,+25.562, +0.037,+0.966
1631707680,+3.47,+25.579, +0.037,+0.966
1631707740,+3.47,+25.553, +0.037,+0.966
1631707800,+3.47,+25.562, +0.037,+0.966
1631707860,+3.47,+25.562, +0.044,+0.966
1631707920,+3.47,+25.570, +0.047,+0.966
1631707980,+3.47,+25.545, +0.046,+0.966
1631708040,+3.47,+25.545, +0.043,+0.966
1631708100,+3.47,+25.553, +0.039,+0.966
1631708160,+3.47,+25.553, +0.039,+0.966
1631708220,+3.47,+25.545, +0.039,+0.966
1631708280,+3.47,+25.553, +0.038,+0.966
1631708340,+3.47,+25.528, +0.039,+0.966
1631708400,+3.47,+25.545, +0.038,+0.966
1631708460,+3.47,+25.545, +0.037,+0.966
1631708520,+3.47,+25.553, +0.037,+0.966
1631708580,+3.47,+25.537, +0.038,+0.966
1631708640,+3.47,+25.545, +0.037,+0.966
1631708700,+3.47,+25.528, +0.038,+0.966
1631708760,+3.47,+25.545, +0.038,+0.966
1631708820,+3.47,+25.537, +0.041,+0.966
1631708880,+3.47,+25.528, +0.045,+0.966
1631708940,+3.47,+25.537, +0.046,+0.966
1631709000,+3.47,+25.562, +0.049,+0.966
1631709060,+3.47,+25.545, +0.049,+0.966
1631709120,+3.47,+25.537, +0.047,+0.966
1631709180,+3.47,+25.528, +0.046,+0.966
1631709240,+3.47,+25.553, +0.042,+0.966
1631709300,+3.47,+25.545, +0.042,+0.966
1631709360,+3.47,+25.545, +0.041,+0.966
1631709420,+3.47,+25.545, +0.040,+0.966
1631709480,+3.47,+25.545, +0.040,+0.966
1631709540,+3.47,+25.545, +0.040,+0.966
1631709600,+3.47,+25.545, +0.040,+0.966
1631709660,+3.47,+25.545, +0.039,+0.966
1631709720,+3.47,+25.545, +0.039,+0.966
1631709780,+3.47,+25.528, +0.041,+0.966
1631709840,+3.47,+25.528, +0.046,+0.966
1631709900,+3.47,+25.537, +0.049,+0.966
1631709960,+3.47,+25.545, +0.049,+0.966
1631710020,+3.47,+25.537, +0.050,+0.966
1631710080,+3.47,+25.528, +0.048,+0.966
1631710140,+3.47,+25.537, +0.046,+0.966
1631710200,+3.47,+25.553, +0.046,+0.966
1631710260,+3.47,+25.545, +0.048,+0.966
1631710320,+3.47,+25.553, +0.045,+0.966
1631710380,+3.47,+25.537, +0.042,+0.966
1631710440,+3.47,+25.545, +0.042,+0.966
1631710500,+3.47,+25.537, +0.044,+0.966
1631710560,+3.47,+25.553, +0.046,+0.966
1631710620,+3.47,+25.537, +0.046,+0.966
1631710680,+3.47,+25.537, +0.048,+0.966
1631710740,+3.47,+25.545, +0.051,+0.966
1631710800,+3.47,+25.528, +0.054,+0.966
1631710860,+3.47,+25.545, +0.058,+0.966
1631710920,+3.47,+25.537, +0.062,+0.966
1631710980,+3.47,+25.528, +0.070,+0.966
1631711040,+3.47,+25.537, +0.085,+0.967
1631711100,+3.47,+25.537, +0.096,+0.967
1631711160,+3.47,+25.537, +0.113,+0.967
1631711220,+3.47,+25.528, +0.143,+0.968
1631711280,+3.47,+25.528, +0.175,+0.968
1631711340,+3.47,+25.545, +0.200,+0.969
1631711400,+3.47,+25.528, +0.218,+0.969
1631711460,+3.47,+25.545, +0.225,+0.969
1631711520,+3.47,+25.545, +0.233,+0.969
1631711580,+3.47,+25.520, +0.242,+0.969
1631711640,+3.47,+25.537, +0.242,+0.969
1631711700,+3.47,+25.528, +0.252,+0.970
1631711760,+3.47,+25.537, +0.249,+0.970
1631711820,+3.47,+25.528, +0.244,+0.970
1631711880,+3.47,+25.520, +0.258,+0.970
1631711940,+3.47,+25.528, +0.300,+0.971
1631712000,+3.47,+25.528, +0.364,+0.972
1631712060,+3.47,+25.537, +0.425,+0.972
1631712120,+3.47,+25.528, +0.486,+0.973
1631712180,+3.47,+25.545, +0.536,+0.974
1631712240,+3.47,+25.528, +0.589,+0.975
1631712300,+3.47,+25.545, +0.641,+0.976
1631712360,+3.47,+25.537, +0.671,+0.976
1631712420,+3.47,+25.528, +0.696,+0.976
1631712480,+3.47,+25.545, +0.708,+0.977
1631712540,+3.47,+25.537, +0.719,+0.977
1631712600,+3.47,+25.528, +0.719,+0.977
1631712660,+3.47,+25.545, +0.731,+0.977
1631712720,+3.47,+25.553, +0.770,+0.978
1631712780,+3.47,+25.545, +0.809,+0.979
1631712840,+3.47,+25.545, +0.859,+0.979
1631712900,+3.47,+25.537, +0.938,+0.980
1631712960,+3.47,+25.537, +1.037,+0.980
1631713020,+3.47,+25.545, +1.158,+0.981
1631713080,+3.47,+25.553, +1.282,+0.982
1631713140,+3.47,+25.545, +1.433,+0.982
1631713200,+3.47,+25.545, +1.587,+0.983
1631713260,+3.47,+25.537, +1.725,+0.983
1631713320,+3.47,+25.537, +1.828,+0.983
1631713380,+3.47,+25.537, +1.922,+0.983
1631713440,+3.47,+25.537, +2.021,+0.983
1631713500,+3.47,+25.537, +2.112,+0.984
1631713560,+3.47,+25.528, +2.207,+0.983
1631713620,+3.47,+25.528, +2.324,+0.983
1631713680,+3.47,+25.537, +2.428,+0.983
1631713740,+3.47,+25.537, +2.539,+0.983
1631713800,+3.47,+25.537, +2.669,+0.983
1631713860,+3.47,+25.528, +2.807,+0.983
1631713920,+3.47,+25.520, +2.928,+0.983
1631713980,+3.47,+25.520, +3.112,+0.983
1631714040,+3.47,+25.528, +3.358,+0.983
1631714100,+3.47,+25.537, +3.741,+0.982
1631714160,+3.47,+25.503, +4.172,+0.983
1631714220,+3.47,+25.537, +4.404,+0.982
1631714280,+3.47,+25.537, +4.592,+0.982
1631714340,+3.47,+25.528, +4.766,+0.982
1631714400,+3.47,+25.545, +4.981,+0.982
1631714460,+3.47,+25.545, +5.207,+0.981
1631714520,+3.47,+25.545, +5.353,+0.982
1631714580,+3.47,+25.545, +5.506,+0.981
1631714640,+3.47,+25.562, +5.661,+0.982
1631714700,+3.47,+25.562, +5.812,+0.981
1631714760,+3.47,+25.553, +6.020,+0.981
1631714820,+3.47,+25.579, +6.361,+0.981
1631714880,+3.47,+25.562, +6.622,+0.980
1631714940,+3.47,+25.579, +6.807,+0.981
1631715000,+3.47,+25.587, +7.033,+0.981
1631715060,+3.47,+25.587, +7.126,+0.981
1631715120,+3.47,+25.587, +7.222,+0.980
1631715180,+3.47,+25.587, +7.275,+0.981
1631715240,+3.47,+25.579, +7.329,+0.980
1631715300,+3.47,+25.587, +7.394,+0.980
1631715360,+3.47,+25.587, +7.400,+0.980
1631715420,+3.47,+25.596, +7.312,+0.980
1631715480,+3.47,+25.570, +7.179,+0.980
1631715540,+3.47,+25.587, +7.068,+0.979
1631715600,+3.47,+25.587, +6.944,+0.980
1631715660,+3.47,+25.596, +6.787,+0.979
1631715720,+3.47,+25.579, +6.683,+0.980
1631715780,+3.47,+25.570, +6.628,+0.980
1631715840,+3.47,+25.579, +6.552,+0.980
1631715900,+3.47,+25.579, +6.451,+0.980
1631715960,+3.47,+25.570, +6.365,+0.979
1631716020,+3.47,+25.587, +6.267,+0.979
1631716080,+3.47,+25.579, +6.171,+0.979
1631716140,+3.47,+25.579, +6.126,+0.980
1631716200,+3.47,+25.570, +6.115,+0.980
1631716260,+3.47,+25.562, +6.081,+0.980
1631716320,+3.47,+25.553, +6.078,+0.980
1631716380,+3.47,+25.553, +6.110,+0.980
1631716440,+3.47,+25.562, +6.127,+0.980
1631716500,+3.47,+25.553, +6.149,+0.980
1631716560,+3.47,+25.553, +6.249,+0.980
1631716620,+3.47,+25.553, +6.370,+0.981
1631716680,+3.47,+25.537, +6.421,+0.980
1631716740,+3.47,+25.553, +6.457,+0.980
1631716800,+3.47,+25.553, +6.512,+0.980
1631716860,+3.47,+25.553, +6.590,+0.980
1631716920,+3.47,+25.545, +6.809,+0.979
1631716980,+3.47,+25.553, +6.909,+0.979
1631717040,+3.47,+25.562, +7.163,+0.979
1631717100,+3.47,+25.562, +7.529,+0.980
1631717160,+3.47,+25.579, +8.008,+0.980
1631717220,+3.47,+25.579, +8.210,+0.980
1631717280,+3.47,+25.604, +8.845,+0.980
1631717340,+3.47,+25.621, +9.705,+0.980
1631717400,+3.47,+25.638,+10.388,+0.980
1631717460,+3.47,+25.663,+11.116,+0.982
1631717520,+3.47,+25.680,+11.954,+0.982
1631717580,+3.47,+25.705,+12.893,+0.982
1631717640,+3.47,+25.722,+13.779,+0.982
1631717700,+3.47,+25.747,+14.621,+0.982
1631717760,+3.47,+25.781,+15.351,+0.981
1631717820,+3.47,+25.789,+16.066,+0.982
1631717880,+3.47,+25.806,+16.568,+0.984
1631717940,+3.47,+25.815,+16.818,+0.982
1631718000,+3.47,+25.840,+17.089,+0.982
1631718060,+3.47,+25.857,+17.422,+0.982
1631718120,+3.47,+25.865,+17.951,+0.982
1631718180,+3.47,+25.891,+18.411,+0.983
1631718240,+3.47,+25.899,+18.638,+0.982
1631718300,+3.47,+25.908,+18.740,+0.981
1631718360,+3.47,+25.908,+18.945,+0.981
1631718420,+3.47,+25.924,+19.413,+0.981
1631718480,+3.47,+25.916,+20.132,+0.984
1631718540,+3.47,+25.941,+20.798,+0.983
1631718600,+3.47,+25.933,+20.803,+0.982
1631718660,+3.47,+25.933,+20.481,+0.983
1631718720,+3.47,+25.916,+20.205,+0.982
1631718780,+3.47,+25.916,+19.845,+0.980
1631718840,+3.47,+25.899,+19.392,+0.980
1631718900,+3.47,+25.908,+19.101,+0.980
1631718960,+3.47,+25.891,+19.047,+0.983
1631719020,+3.47,+25.899,+18.837,+0.981
1631719080,+3.47,+25.908,+18.729,+0.978
1631719140,+3.47,+25.916,+18.801,+0.978
1631719200,+3.47,+25.916,+18.889,+0.978
1631719260,+3.47,+25.933,+19.150,+0.980
1631719320,+3.47,+25.941,+19.664,+0.980
1631719380,+3.47,+25.941,+20.434,+0.982
1631719440,+3.47,+25.950,+21.253,+0.983
1631719500,+3.47,+25.950,+21.942,+0.981
1631719560,+3.47,+25.958,+22.379,+0.982
1631719620,+3.47,+25.950,+21.927,+0.984
1631719680,+3.47,+25.984,+21.016,+0.980
1631719740,+3.47,+25.992,+20.704,+0.981
1631719800,+3.47,+26.000,+20.802,+0.979
1631719860,+3.47,+26.000,+20.648,+0.978
1631719920,+3.47,+26.017,+20.929,+0.980
1631719980,+3.47,+26.017,+20.476,+0.982
1631720040,+3.47,+26.026,+19.736,+0.980
1631720100,+3.47,+26.043,+19.395,+0.981
1631720160,+3.47,+26.051,+18.829,+0.978
1631720220,+3.47,+26.085,+17.621,+0.978
1631720280,+3.47,+26.060,+16.720,+0.979
1631720340,+3.47,+26.085,+16.876,+0.978
1631720400,+3.47,+26.093,+16.603,+0.977
1631720460,+3.47,+26.119,+16.456,+0.978
1631720520,+3.47,+26.136,+16.676,+0.980
1631720580,+3.47,+26.169,+17.139,+0.979
1631720640,+3.47,+26.186,+17.699,+0.981
1631720700,+3.47,+26.220,+18.588,+0.980
1631720760,+3.47,+26.271,+19.153,+0.981
1631720820,+3.47,+26.288,+19.157,+0.980
1631720880,+3.47,+26.321,+19.326,+0.981
1631720940,+3.47,+26.372,+19.349,+0.982
1631721000,+3.47,+26.355,+18.490,+0.980
1631721060,+3.47,+26.355,+18.574,+0.980
1631721120,+3.47,+26.398,+18.481,+0.981
1631721180,+3.47,+26.389,+17.673,+0.980
1631721240,+3.47,+26.389,+16.897,+0.981
1631721300,+3.47,+26.389,+16.463,+0.982
1631721360,+3.47,+26.389,+17.151,+0.984
1631721420,+3.47,+26.431,+18.239,+0.984
1631721480,+3.47,+26.491,+19.341,+0.985
1631721540,+3.47,+26.516,+20.425,+0.984
1631721600,+3.47,+26.533,+21.499,+0.983
1631721660,+3.47,+26.567,+22.578,+0.987
1631721720,+3.47,+26.575,+23.465,+0.986
1631721780,+3.47,+26.584,+24.196,+0.986
1631721840,+3.47,+26.567,+23.898,+0.988
1631721900,+3.47,+26.550,+22.838,+0.985
1631721960,+3.47,+26.550,+22.029,+0.981
1631722020,+3.47,+26.541,+21.366,+0.982
1631722080,+3.47,+26.533,+20.791,+0.981
1631722140,+3.47,+26.541,+20.690,+0.983
1631722200,+3.47,+26.524,+20.745,+0.984
1631722260,+3.47,+26.516,+20.612,+0.982
1631722320,+3.47,+26.541,+20.358,+0.984
1631722380,+3.47,+26.541,+20.271,+0.981
1631722440,+3.47,+26.567,+20.427,+0.982
1631722500,+3.47,+26.550,+20.186,+0.981
1631722560,+3.47,+26.524,+19.997,+0.981
1631722620,+3.47,+26.550,+20.002,+0.982
1631722680,+3.47,+26.575,+20.257,+0.981
1631722740,+3.47,+26.601,+20.722,+0.982
1631722800,+3.47,+26.634,+21.344,+0.983
1631722860,+3.47,+26.651,+21.906,+0.982
1631722920,+3.47,+26.685,+22.579,+0.984
1631722980,+3.47,+26.711,+22.875,+0.985
1631723040,+3.47,+26.728,+22.946,+0.985
1631723100,+3.47,+26.770,+23.015,+0.982
1631723160,+3.47,+26.778,+23.512,+0.984
1631723220,+3.47,+26.812,+24.199,+0.984
1631723280,+3.47,+26.829,+24.966,+0.982
1631723340,+3.47,+26.846,+25.329,+0.981
1631723400,+3.47,+26.846,+25.356,+0.980
1631723460,+3.47,+26.855,+25.697,+0.983
1631723520,+3.47,+26.889,+26.070,+0.983
1631723580,+3.47,+26.948,+26.135,+0.981
1631723640,+3.47,+26.999,+26.066,+0.983
1631723700,+3.47,+27.041,+26.093,+0.984
1631723760,+3.47,+27.067,+26.298,+0.982
1631723820,+3.47,+27.092,+26.888,+0.986
1631723880,+3.47,+27.101,+27.282,+0.986
1631723940,+3.47,+27.084,+26.500,+0.985
1631724000,+3.47,+27.092,+26.954,+0.986
1631724060,+3.47,+27.075,+27.225,+0.985
1631724120,+3.47,+27.075,+27.788,+0.983
1631724180,+3.47,+27.092,+28.294,+0.986
1631724240,+3.47,+27.067,+28.281,+0.985
1631724300,+3.47,+27.033,+27.562,+0.988
1631724360,+3.47,+26.999,+25.986,+0.984
1631724420,+3.47,+26.931,+23.525,+0.986
1631724480,+3.47,+26.923,+22.948,+0.984
1631724540,+3.47,+26.906,+22.915,+0.986
1631724600,+3.47,+26.897,+22.644,+0.985
1631724660,+3.47,+26.897,+22.205,+0.986
1631724720,+3.47,+26.897,+22.272,+0.986
1631724780,+3.47,+26.889,+22.776,+0.984
1631724840,+3.47,+26.880,+23.566,+0.986
1631724900,+3.47,+26.889,+23.767,+0.983
1631724960,+3.47,+26.889,+23.445,+0.984
1631725020,+3.47,+26.863,+22.912,+0.985
1631725080,+3.47,+26.880,+22.679,+0.982
1631725140,+3.47,+26.906,+22.857,+0.985
1631725200,+3.47,+26.948,+22.952,+0.982
1631725260,+3.47,+27.016,+23.448,+0.985
1631725320,+3.47,+27.075,+24.127,+0.983
1631725380,+3.47,+27.143,+25.097,+0.986
1631725440,+3.47,+27.194,+25.540,+0.984
1631725500,+3.47,+27.236,+26.045,+0.986
1631725560,+3.47,+27.279,+26.508,+0.986
1631725620,+3.47,+27.321,+26.823,+0.983
1631725680,+3.47,+27.338,+27.209,+0.985
1631725740,+3.47,+27.355,+27.757,+0.987
1631725800,+3.47,+27.381,+28.455,+0.986
1631725860,+3.47,+27.389,+29.570,+0.987
1631725920,+3.47,+27.423,+30.251,+0.986
1631725980,+3.47,+27.457,+30.041,+0.983
1631726040,+3.47,+27.474,+29.981,+0.985
1631726100,+3.47,+27.457,+30.194,+0.983
1631726160,+3.47,+27.457,+30.882,+0.986
1631726220,+3.47,+27.432,+31.285,+0.983
1631726280,+3.47,+27.406,+31.472,+0.982
1631726340,+3.47,+27.398,+31.262,+0.983
1631726400,+3.47,+27.457,+30.774,+0.981
1631726460,+3.47,+27.534,+30.534,+0.982
1631726520,+3.47,+27.576,+30.161,+0.984
1631726580,+3.47,+27.636,+29.576,+0.982
1631726640,+3.47,+27.687,+29.428,+0.985
1631726700,+3.47,+27.721,+29.260,+0.984
1631726760,+3.47,+27.789,+29.103,+0.981
1631726820,+3.47,+27.849,+29.486,+0.984
1631726880,+3.47,+27.891,+30.074,+0.987
1631726940,+3.47,+27.917,+30.456,+0.984
1631727000,+3.47,+27.968,+30.812,+0.984
1631727060,+3.47,+27.977,+31.326,+0.986
1631727120,+3.47,+28.019,+31.618,+0.987
1631727180,+3.47,+28.036,+31.899,+0.986
1631727240,+3.47,+28.062,+32.334,+0.986
1631727300,+3.47,+28.028,+31.444,+0.984
1631727360,+3.47,+28.019,+29.933,+0.986
1631727420,+3.47,+28.002,+28.860,+0.985
1631727480,+3.47,+28.011,+28.242,+0.985
1631727540,+3.47,+28.011,+27.688,+0.985
1631727600,+3.47,+27.977,+27.423,+0.985
1631727660,+3.47,+27.960,+27.550,+0.988
1631727720,+3.47,+27.934,+27.243,+0.984
1631727780,+3.47,+27.891,+26.768,+0.985
1631727840,+3.47,+27.857,+25.834,+0.983
1631727900,+3.47,+27.798,+25.107,+0.984
1631727960,+3.47,+27.772,+24.932,+0.987
1631728020,+3.47,+27.772,+24.996,+0.986
1631728080,+3.47,+27.772,+25.126,+0.986
1631728140,+3.47,+27.764,+25.132,+0.985
1631728200,+3.47,+27.764,+24.614,+0.984
1631728260,+3.47,+27.764,+23.967,+0.984
1631728320,+3.47,+27.755,+24.258,+0.986
1631728380,+3.47,+27.764,+23.365,+0.984
1631728440,+3.47,+27.772,+23.433,+0.987
1631728500,+3.47,+27.815,+23.432,+0.986
1631728560,+3.47,+27.840,+23.802,+0.986
1631728620,+3.47,+27.900,+24.431,+0.985
1631728680,+3.47,+27.985,+25.028,+0.985
1631728740,+3.47,+28.079,+25.627,+0.985
1631728800,+3.47,+28.164,+26.312,+0.986
1631728860,+3.47,+28.224,+27.202,+0.990
1631728920,+3.47,+28.292,+27.796,+0.984
1631728980,+3.47,+28.395,+28.641,+0.986
1631729040,+3.47,+28.497,+28.965,+0.987
1631729100,+3.47,+28.591,+28.835,+0.985
1631729160,+3.47,+28.643,+28.272,+0.983
1631729220,+3.47,+28.643,+27.609,+0.983
1631729280,+3.47,+28.668,+27.418,+0.984
1631729340,+3.47,+28.694,+27.276,+0.983
1631729400,+3.47,+28.711,+27.259,+0.984
1631729460,+3.47,+28.754,+27.325,+0.984
1631729520,+3.47,+28.814,+27.290,+0.984
1631729580,+3.47,+28.848,+27.269,+0.982
1631729640,+3.47,+28.934,+27.651,+0.985
1631729700,+3.47,+28.994,+27.913,+0.987
1631729760,+3.47,+29.045,+28.006,+0.981
1631729820,+3.47,+29.088,+28.761,+0.984
1631729880,+3.47,+29.114,+29.551,+0.987
1631729940,+3.47,+29.123,+30.160,+0.982
1631730000,+3.47,+29.123,+30.946,+0.985
1631730060,+3.47,+29.114,+31.420,+0.987
1631730120,+3.47,+29.105,+31.712,+0.986
1631730180,+3.47,+29.088,+31.471,+0.981
1631730240,+3.47,+29.054,+31.444,+0.983
1631730300,+3.47,+29.037,+31.570,+0.985
1631730360,+3.47,+29.063,+31.587,+0.984
1631730420,+3.47,+29.097,+31.605,+0.981
1631730480,+3.47,+29.131,+31.792,+0.984
1631730540,+3.47,+29.157,+31.651,+0.982
1631730600,+3.47,+29.191,+31.817,+0.986
1631730660,+3.47,+29.217,+30.843,+0.985
1631730720,+3.47,+29.243,+30.151,+0.985
1631730780,+3.47,+29.303,+29.965,+0.984
1631730840,+3.47,+29.354,+30.012,+0.984
1631730900,+3.47,+29.363,+30.060,+0.981
1631730960,+3.47,+29.354,+30.920,+0.987
1631731020,+3.47,+29.363,+31.282,+0.983
1631731080,+3.47,+29.354,+31.664,+0.983
1631731140,+3.47,+29.372,+31.918,+0.984
1631731200,+3.47,+29.380,+32.037,+0.985
1631731260,+3.47,+29.329,+31.965,+0.980
1631731320,+3.47,+29.286,+32.400,+0.984
1631731380,+3.47,+29.269,+32.619,+0.986
1631731440,+3.47,+29.243,+32.014,+0.987
1631731500,+3.47,+29.251,+30.993,+0.986
1631731560,+3.47,+29.260,+30.303,+0.985
1631731620,+3.47,+29.226,+29.601,+0.983
1631731680,+3.47,+29.157,+29.202,+0.987
1631731740,+3.47,+29.131,+28.598,+0.984
1631731800,+3.47,+29.140,+28.570,+0.985
1631731860,+3.47,+29.251,+28.494,+0.984
1631731920,+3.47,+29.337,+27.787,+0.980
1631731980,+3.47,+29.380,+27.370,+0.982
1631732040,+3.47,+29.475,+26.160,+0.987
1631732100,+3.47,+29.595,+26.244,+0.986
1631732160,+3.47,+29.716,+26.444,+0.983
1631732220,+3.47,+29.845,+26.875,+0.982
1631732280,+3.47,+29.931,+27.330,+0.981
1631732340,+3.47,+29.992,+27.725,+0.983
1631732400,+3.47,+30.026,+28.122,+0.986
1631732460,+3.47,+30.069,+28.052,+0.979
1631732520,+3.47,+30.130,+28.410,+0.983
1631732580,+3.47,+30.173,+28.607,+0.982
1631732640,+3.47,+30.242,+28.843,+0.983
1631732700,+3.47,+30.277,+29.076,+0.982
1631732760,+3.47,+30.329,+29.541,+0.985
1631732820,+3.47,+30.372,+29.637,+0.980
1631732880,+3.47,+30.389,+29.745,+0.983
1631732940,+3.47,+30.398,+29.383,+0.981
1631733000,+3.47,+30.432,+29.279,+0.983
1631733060,+3.47,+30.450,+29.149,+0.985
1631733120,+3.47,+30.476,+29.225,+0.983
1631733180,+3.47,+30.510,+29.500,+0.983
1631733240,+3.47,+30.528,+29.860,+0.984
1631733300,+3.47,+30.562,+30.162,+0.986
1631733360,+3.47,+30.545,+30.049,+0.982
1631733420,+3.47,+30.528,+29.727,+0.982
1631733480,+3.47,+30.502,+29.518,+0.982
1631733540,+3.47,+30.398,+29.874,+0.986
1631733600,+3.47,+30.225,+29.771,+0.983
1631733660,+3.47,+30.052,+30.146,+0.984
1631733720,+3.47,+29.888,+30.342,+0.984
1631733780,+3.47,+29.785,+30.354,+0.985
1631733840,+3.47,+29.733,+29.957,+0.983
1631733900,+3.47,+29.750,+29.787,+0.985
1631733960,+3.47,+29.793,+29.762,+0.984
1631734020,+3.47,+29.862,+29.952,+0.985
1631734080,+3.47,+29.854,+29.627,+0.980
1631734140,+3.47,+29.923,+29.471,+0.985
1631734200,+3.47,+30.043,+29.601,+0.983
1631734260,+3.47,+30.121,+29.717,+0.982
1631734320,+3.47,+30.156,+30.017,+0.982
1631734380,+3.47,+30.173,+30.393,+0.985
1631734440,+3.47,+30.182,+30.015,+0.982
1631734500,+3.47,+30.259,+29.744,+0.983
1631734560,+3.47,+30.285,+28.698,+0.982
1631734620,+3.47,+30.337,+27.655,+0.983
1631734680,+3.47,+30.424,+27.149,+0.985
1631734740,+3.47,+30.467,+27.445,+0.984
1631734800,+3.47,+30.415,+27.669,+0.984
1631734860,+3.47,+30.363,+27.882,+0.982
1631734920,+3.47,+30.458,+28.028,+0.983
1631734980,+3.47,+30.510,+28.164,+0.983
1631735040,+3.47,+30.519,+28.139,+0.984
1631735100,+3.47,+30.528,+28.068,+0.984
1631735160,+3.47,+30.493,+27.672,+0.982
1631735220,+3.47,+30.476,+26.897,+0.982
1631735280,+3.47,+30.467,+26.310,+0.984
1631735340,+3.47,+30.415,+25.823,+0.985
1631735400,+3.47,+30.363,+24.903,+0.980
1631735460,+3.47,+30.311,+24.242,+0.984
1631735520,+3.47,+30.294,+24.566,+0.985
1631735580,+3.47,+30.259,+24.742,+0.986
1631735640,+3.47,+30.277,+24.216,+0.986
1631735700,+3.47,+30.329,+23.991,+0.984
1631735760,+3.47,+30.432,+23.562,+0.983
1631735820,+3.47,+30.441,+24.024,+0.987
1631735880,+3.47,+30.424,+24.611,+0.987
1631735940,+3.47,+30.432,+25.456,+0.985
1631736000,+3.47,+30.415,+25.487,+0.983
1631736060,+3.47,+30.484,+26.426,+0.986
1631736120,+3.47,+30.562,+27.318,+0.983
1631736180,+3.47,+30.623,+27.841,+0.980
1631736240,+3.47,+30.675,+28.847,+0.984
1631736300,+3.47,+30.744,+29.527,+0.983
1631736360,+3.47,+30.840,+29.166,+0.981
1631736420,+3.47,+30.909,+28.457,+0.982
1631736480,+3.47,+30.961,+27.743,+0.984
1631736540,+3.47,+30.970,+26.833,+0.982
1631736600,+3.47,+31.022,+25.874,+0.980
1631736660,+3.47,+31.065,+25.573,+0.985
1631736720,+3.47,+31.118,+25.910,+0.983
1631736780,+3.47,+31.161,+25.517,+0.984
1631736840,+3.47,+31.179,+24.920,+0.983
1631736900,+3.47,+31.187,+25.152,+0.984
1631736960,+3.47,+31.222,+26.182,+0.985
1631737020,+3.47,+31.213,+27.233,+0.984
1631737080,+3.47,+31.213,+28.078,+0.982
1631737140,+3.47,+31.187,+29.222,+0.987
1631737200,+3.47,+31.187,+30.107,+0.987
1631737260,+3.47,+31.205,+30.824,+0.984
1631737320,+3.47,+31.231,+30.276,+0.979
1631737380,+3.47,+31.266,+30.869,+0.981
1631737440,+3.47,+31.300,+31.481,+0.981
1631737500,+3.47,+31.335,+31.940,+0.982
1631737560,+3.47,+31.292,+32.295,+0.982
1631737620,+3.47,+31.274,+32.400,+0.984
1631737680,+3.47,+31.196,+32.522,+0.991
1631737740,+3.47,+31.179,+31.602,+0.982
1631737800,+3.47,+31.266,+31.088,+0.980
1631737860,+3.47,+31.266,+29.968,+0.985
1631737920,+3.47,+31.257,+29.443,+0.985
1631737980,+3.47,+31.196,+29.443,+0.983
1631738040,+3.47,+31.118,+29.860,+0.980
1631738100,+3.47,+31.048,+30.589,+0.982
1631738160,+3.47,+30.987,+31.141,+0.985
1631738220,+3.47,+30.909,+30.261,+0.981
1631738280,+3.47,+30.900,+29.502,+0.982
1631738340,+3.47,+30.979,+28.947,+0.984
1631738400,+3.47,+31.083,+28.168,+0.986
1631738460,+3.47,+31.135,+27.387,+0.985
1631738520,+3.47,+31.205,+26.650,+0.984
1631738580,+3.47,+31.283,+26.727,+0.983
1631738640,+3.47,+31.353,+27.440,+0.983
1631738700,+3.47,+31.396,+28.221,+0.986
1631738760,+3.47,+31.457,+28.707,+0.984
1631738820,+3.47,+31.492,+29.381,+0.983
1631738880,+3.47,+31.536,+29.960,+0.982
1631738940,+3.47,+31.588,+30.628,+0.984
1631739000,+3.47,+31.597,+30.694,+0.978
1631739060,+3.47,+31.553,+29.992,+0.980
1631739120,+3.47,+31.353,+29.849,+0.982
1631739180,+3.47,+31.170,+29.884,+0.982
1631739240,+3.47,+31.092,+29.519,+0.985
1631739300,+3.47,+31.118,+29.155,+0.987
1631739360,+3.47,+31.179,+28.375,+0.981
1631739420,+3.47,+31.248,+27.920,+0.982
1631739480,+3.47,+31.222,+27.518,+0.983
1631739540,+3.47,+31.239,+27.229,+0.983
1631739600,+3.47,+31.266,+26.934,+0.982
1631739660,+3.47,+31.239,+26.851,+0.984
1631739720,+3.47,+31.274,+26.646,+0.982
1631739780,+3.47,+31.266,+26.710,+0.984
1631739840,+3.47,+31.239,+26.631,+0.985
1631739900,+3.47,+31.126,+27.362,+0.984
1631739960,+3.48,+30.996,+27.621,+0.985
1631740020,+3.47,+30.857,+27.858,+0.984
1631740080,+3.47,+30.788,+28.417,+0.982
1631740140,+3.47,+30.727,+29.285,+0.986
1631740200,+3.47,+30.692,+29.405,+0.986
1631740260,+3.47,+30.736,+28.581,+0.981
1631740320,+3.47,+30.770,+28.283,+0.985
1631740380,+3.47,+30.840,+27.998,+0.985
1631740440,+3.48,+30.944,+27.591,+0.982
1631740500,+3.48,+31.057,+28.200,+0.985
1631740560,+3.48,+31.144,+29.089,+0.987
1631740620,+3.47,+31.239,+29.876,+0.989
1631740680,+3.47,+31.335,+30.186,+0.985
1631740740,+3.47,+31.379,+30.515,+0.986
1631740800,+3.47,+31.387,+30.124,+0.987
1631740860,+3.47,+31.370,+29.309,+0.983
1631740920,+3.47,+31.257,+28.308,+0.982
1631740980,+3.48,+31.135,+27.853,+0.988
1631741040,+3.48,+31.048,+27.181,+0.987
1631741100,+3.48,+30.987,+26.616,+0.983
1631741160,+3.48,+31.013,+26.299,+0.983
1631741220,+3.48,+31.022,+25.846,+0.981
1631741280,+3.48,+31.005,+25.753,+0.984
1631741340,+3.48,+31.074,+25.578,+0.985
1631741400,+3.48,+31.109,+25.347,+0.984
1631741460,+3.48,+31.144,+25.191,+0.986
1631741520,+3.48,+31.126,+24.938,+0.986
1631741580,+3.48,+31.100,+24.860,+0.986
1631741640,+3.48,+31.100,+24.821,+0.984
1631741700,+3.48,+31.100,+25.612,+0.986
1631741760,+3.48,+31.100,+26.501,+0.986
1631741820,+3.48,+31.100,+26.816,+0.981
1631741880,+3.48,+31.057,+26.974,+0.983
1631741940,+3.48,+30.996,+26.999,+0.983
1631742000,+3.48,+30.961,+27.647,+0.985
1631742060,+3.48,+30.953,+28.109,+0.986
1631742120,+3.48,+30.900,+27.984,+0.984
1631742180,+3.48,+30.900,+27.927,+0.988
1631742240,+3.48,+30.918,+27.728,+0.987
1631742300,+3.48,+30.935,+27.629,+0.987
1631742360,+3.48,+30.927,+27.510,+0.984
1631742420,+3.48,+30.935,+27.814,+0.983
1631742480,+3.48,+30.953,+28.257,+0.983
1631742540,+3.48,+30.953,+27.948,+0.983
1631742600,+3.48,+30.953,+27.731,+0.987
1631742660,+3.48,+30.979,+27.337,+0.984
1631742720,+3.48,+31.022,+27.156,+0.988
1631742780,+3.48,+31.065,+26.792,+0.986
1631742840,+3.48,+31.118,+26.376,+0.982
1631742900,+3.48,+31.187,+26.242,+0.986
1631742960,+3.48,+31.266,+25.820,+0.983
1631743020,+3.48,+31.309,+25.564,+0.982
1631743080,+3.48,+31.335,+25.407,+0.984
1631743140,+3.48,+31.361,+25.166,+0.985
1631743200,+3.48,+31.370,+24.914,+0.985
1631743260,+3.48,+31.379,+24.583,+0.986
1631743320,+3.47,+31.379,+24.312,+0.986
1631743380,+3.48,+31.396,+24.501,+0.983
1631743440,+3.47,+31.396,+25.118,+0.985
1631743500,+3.47,+31.431,+25.208,+0.984
1631743560,+3.47,+31.431,+25.733,+0.985
1631743620,+3.48,+31.457,+26.089,+0.984
1631743680,+3.47,+31.457,+26.319,+0.981
1631743740,+3.48,+31.448,+26.680,+0.985
1631743800,+3.47,+31.440,+26.894,+0.984
1631743860,+3.47,+31.448,+27.165,+0.987
1631743920,+3.48,+31.422,+26.872,+0.983
1631743980,+3.48,+31.422,+26.206,+0.981
1631744040,+3.48,+31.379,+25.758,+0.983
1631744100,+3.48,+31.300,+25.383,+0.982
1631744160,+3.48,+31.266,+25.417,+0.986
1631744220,+3.48,+31.213,+25.438,+0.985
1631744280,+3.48,+31.179,+25.441,+0.985
1631744340,+3.48,+31.170,+25.409,+0.986
1631744400,+3.48,+31.196,+25.135,+0.984
1631744460,+3.48,+31.213,+24.894,+0.983
1631744520,+3.48,+31.231,+24.657,+0.982
1631744580,+3.48,+31.257,+24.449,+0.981
1631744640,+3.48,+31.274,+24.402,+0.983
1631744700,+3.48,+31.300,+24.523,+0.986
1631744760,+3.48,+31.326,+24.181,+0.983
1631744820,+3.48,+31.326,+24.009,+0.985
1631744880,+3.48,+31.318,+23.734,+0.983
1631744940,+3.48,+31.335,+23.532,+0.983
1631745000,+3.48,+31.318,+23.388,+0.982
1631745060,+3.48,+31.318,+23.358,+0.985
1631745120,+3.48,+31.283,+23.167,+0.982
1631745180,+3.48,+31.248,+23.136,+0.985
1631745240,+3.48,+31.248,+22.960,+0.984
1631745300,+3.48,+31.222,+22.926,+0.987
1631745360,+3.48,+31.213,+22.744,+0.987
1631745420,+3.48,+31.179,+22.559,+0.986
1631745480,+3.48,+31.161,+22.342,+0.984
1631745540,+3.48,+31.161,+22.223,+0.985
1631745600,+3.48,+31.161,+22.034,+0.983
1631745660,+3.48,+31.144,+22.025,+0.987
1631745720,+3.48,+31.144,+21.880,+0.986
1631745780,+3.48,+31.126,+21.733,+0.985
1631745840,+3.48,+31.118,+21.628,+0.985
1631745900,+3.48,+31.092,+21.550,+0.985
1631745960,+3.48,+31.057,+21.553,+0.988
1631746020,+3.48,+31.057,+21.362,+0.983
1631746080,+3.48,+31.057,+21.415,+0.986
1631746140,+3.48,+31.022,+21.380,+0.986
1631746200,+3.48,+31.039,+21.304,+0.984
1631746260,+3.48,+31.022,+21.360,+0.987
1631746320,+3.48,+31.013,+21.330,+0.986
1631746380,+3.48,+31.013,+21.322,+0.986
1631746440,+3.48,+31.022,+21.309,+0.985
1631746500,+3.48,+30.996,+21.354,+0.986
1631746560,+3.48,+30.996,+21.360,+0.985
1631746620,+3.48,+30.970,+21.463,+0.986
1631746680,+3.48,+30.961,+21.512,+0.987
1631746740,+3.48,+30.953,+21.422,+0.985
1631746800,+3.48,+30.944,+21.495,+0.987
1631746860,+3.48,+30.927,+21.456,+0.987
1631746920,+3.48,+30.900,+21.451,+0.987
1631746980,+3.48,+30.909,+21.318,+0.986
1631747040,+3.48,+30.900,+21.334,+0.989
1631747100,+3.48,+30.883,+21.310,+0.988
1631747160,+3.48,+30.874,+21.257,+0.986
1631747220,+3.48,+30.848,+21.176,+0.986
1631747280,+3.47,+30.822,+21.215,+0.987
1631747340,+3.47,+30.822,+21.126,+0.987
1631747400,+3.47,+30.796,+21.067,+0.986
1631747460,+3.47,+30.788,+21.054,+0.987
1631747520,+3.47,+30.762,+21.010,+0.987
1631747580,+3.47,+30.727,+21.006,+0.987
1631747640,+3.47,+30.718,+20.970,+0.987
1631747700,+3.48,+30.710,+20.964,+0.987
1631747760,+3.48,+30.701,+20.909,+0.987
1631747820,+3.47,+30.684,+20.832,+0.986
1631747880,+3.47,+30.684,+20.773,+0.985
1631747940,+3.48,+30.666,+20.747,+0.986
1631748000,+3.48,+30.649,+20.662,+0.986
1631748060,+3.48,+30.658,+20.556,+0.986
1631748120,+3.48,+30.623,+20.486,+0.987
1631748180,+3.48,+30.614,+20.333,+0.984
1631748240,+3.48,+30.606,+20.281,+0.986
1631748300,+3.48,+30.588,+20.233,+0.986
1631748360,+3.48,+30.597,+20.182,+0.987
1631748420,+3.48,+30.562,+20.093,+0.986
1631748480,+3.48,+30.554,+20.171,+0.989
1631748540,+3.48,+30.545,+20.110,+0.988
1631748600,+3.48,+30.528,+20.076,+0.987
1631748660,+3.48,+30.502,+20.081,+0.988
1631748720,+3.48,+30.484,+19.976,+0.985
1631748780,+3.48,+30.458,+20.043,+0.987
1631748840,+3.48,+30.441,+20.006,+0.987
1631748900,+3.48,+30.415,+19.938,+0.986
1631748960,+3.48,+30.389,+19.818,+0.984
1631749020,+3.48,+30.380,+19.804,+0.987
1631749080,+3.48,+30.380,+19.696,+0.986
1631749140,+3.48,+30.372,+19.604,+0.985
1631749200,+3.48,+30.363,+19.588,+0.985
1631749260,+3.48,+30.355,+19.598,+0.985
1631749320,+3.48,+30.346,+19.623,+0.986
1631749380,+3.48,+30.346,+19.583,+0.985
1631749440,+3.48,+30.337,+19.571,+0.987
1631749500,+3.48,+30.320,+19.474,+0.987
1631749560,+3.48,+30.329,+19.344,+0.986
1631749620,+3.48,+30.303,+19.309,+0.988
1631749680,+3.48,+30.303,+19.151,+0.987
1631749740,+3.48,+30.285,+19.017,+0.986
1631749800,+3.48,+30.277,+18.907,+0.986
1631749860,+3.48,+30.268,+18.804,+0.987
1631749920,+3.48,+30.259,+18.662,+0.986
1631749980,+3.48,+30.242,+18.519,+0.985
1631750040,+3.48,+30.225,+18.489,+0.985
1631750100,+3.48,+30.225,+18.491,+0.987
1631750160,+3.48,+30.199,+18.364,+0.985
1631750220,+3.48,+30.190,+18.297,+0.985
1631750280,+3.48,+30.173,+18.301,+0.987
1631750340,+3.48,+30.156,+18.217,+0.986
1631750400,+3.48,+30.130,+18.241,+0.988
1631750460,+3.48,+30.130,+18.208,+0.987
1631750520,+3.48,+30.113,+18.149,+0.986
1631750580,+3.48,+30.104,+18.118,+0.987
1631750640,+3.48,+30.078,+18.027,+0.985
1631750700,+3.48,+30.069,+18.004,+0.987
1631750760,+3.48,+30.052,+17.946,+0.988
1631750820,+3.48,+30.052,+17.862,+0.987
1631750880,+3.48,+30.043,+17.785,+0.987
1631750940,+3.48,+30.000,+17.740,+0.986
1631751000,+3.48,+29.992,+17.753,+0.988
1631751060,+3.48,+29.966,+17.643,+0.986
1631751120,+3.48,+29.974,+17.590,+0.986
1631751180,+3.48,+29.949,+17.603,+0.987
1631751240,+3.48,+29.949,+17.498,+0.985
1631751300,+3.48,+29.931,+17.535,+0.987
1631751360,+3.48,+29.931,+17.493,+0.987
1631751420,+3.48,+29.923,+17.389,+0.984
1631751480,+3.48,+29.923,+17.378,+0.986
1631751540,+3.48,+29.905,+17.356,+0.985
1631751600,+3.48,+29.905,+17.343,+0.986
1631751660,+3.48,+29.897,+17.243,+0.984
1631751720,+3.48,+29.897,+17.246,+0.988
1631751780,+3.48,+29.880,+17.101,+0.985
1631751840,+3.48,+29.888,+16.976,+0.986
1631751900,+3.48,+29.862,+16.812,+0.984
1631751960,+3.48,+29.888,+16.656,+0.985
1631752020,+3.48,+29.854,+16.558,+0.986
1631752080,+3.48,+29.854,+16.414,+0.985
1631752140,+3.48,+29.836,+16.323,+0.986
1631752200,+3.48,+29.828,+16.205,+0.985
1631752260,+3.48,+29.811,+16.111,+0.985
1631752320,+3.48,+29.802,+16.107,+0.986
1631752380,+3.48,+29.793,+16.116,+0.987
1631752440,+3.48,+29.802,+16.026,+0.985
1631752500,+3.48,+29.802,+15.943,+0.985
1631752560,+3.48,+29.802,+15.820,+0.985
1631752620,+3.48,+29.793,+15.751,+0.985
1631752680,+3.48,+29.793,+15.655,+0.985
1631752740,+3.48,+29.793,+15.569,+0.987
1631752800,+3.48,+29.828,+15.388,+0.984
1631752860,+3.48,+29.836,+15.291,+0.986
1631752920,+3.48,+29.819,+15.143,+0.985
1631752980,+3.48,+29.819,+15.026,+0.986
1631753040,+3.48,+29.811,+14.844,+0.983
1631753100,+3.48,+29.811,+14.737,+0.984
1631753160,+3.48,+29.819,+14.643,+0.985
1631753220,+3.48,+29.811,+14.496,+0.983
1631753280,+3.48,+29.819,+14.391,+0.983
1631753340,+3.48,+29.793,+14.357,+0.983
1631753400,+3.48,+29.802,+14.321,+0.984
1631753460,+3.48,+29.811,+14.292,+0.983
1631753520,+3.48,+29.793,+14.337,+0.984
1631753580,+3.48,+29.776,+14.320,+0.984
1631753640,+3.48,+29.785,+14.356,+0.984
1631753700,+3.48,+29.759,+14.422,+0.985
1631753760,+3.48,+29.742,+14.445,+0.983
1631753820,+3.48,+29.759,+14.495,+0.984
1631753880,+3.48,+29.750,+14.478,+0.985
1631753940,+3.48,+29.750,+14.531,+0.984
1631754000,+3.48,+29.742,+14.642,+0.986
1631754060,+3.48,+29.724,+14.548,+0.983
1631754120,+3.48,+29.733,+14.529,+0.985
1631754180,+3.48,+29.724,+14.467,+0.984
1631754240,+3.48,+29.724,+14.443,+0.985
1631754300,+3.48,+29.724,+14.370,+0.985
1631754360,+3.48,+29.716,+14.259,+0.984
1631754420,+3.48,+29.724,+14.154,+0.985
1631754480,+3.48,+29.724,+14.048,+0.985
1631754540,+3.48,+29.716,+13.932,+0.985
