7450-387970
OS REV: 1.05 Sensor Cal: 1615486469
Time (sec),  BV (Volts),  T (deg C),  DO (mg/l),  Q ()
1631063400,+3.49,+33.299,+18.517,+0.980
1631063460,+3.49,+33.299,+18.588,+0.980
1631063520,+3.49,+33.282,+18.530,+0.979
1631063580,+3.49,+33.264,+18.559,+0.980
1631063640,+3.49,+33.255,+18.444,+0.980
1631063700,+3.49,+33.229,+18.337,+0.980
1631063760,+3.49,+33.220,+18.269,+0.984
1631063820,+3.49,+33.193,+18.092,+0.983
1631063880,+3.49,+33.184,+17.909,+0.980
1631063940,+3.49,+33.167,+17.824,+0.981
1631064000,+3.49,+33.158,+17.677,+0.981
1631064060,+3.49,+33.140,+17.519,+0.980
1631064120,+3.49,+33.132,+17.473,+0.982
1631064180,+3.49,+33.123,+17.538,+0.980
1631064240,+3.49,+33.114,+17.623,+0.980
1631064300,+3.49,+33.096,+17.608,+0.980
1631064360,+3.49,+33.079,+17.576,+0.980
1631064420,+3.49,+33.061,+17.445,+0.981
1631064480,+3.49,+33.052,+17.460,+0.983
1631064540,+3.49,+33.043,+17.420,+0.980
1631064600,+3.49,+33.026,+17.426,+0.982
1631064660,+3.49,+33.008,+17.318,+0.979
1631064720,+3.49,+32.999,+17.289,+0.980
1631064780,+3.49,+32.982,+17.258,+0.983
1631064840,+3.49,+32.955,+17.112,+0.982
1631064900,+3.49,+32.946,+17.031,+0.979
1631064960,+3.49,+32.929,+17.051,+0.979
1631065020,+3.49,+32.938,+16.991,+0.980
1631065080,+3.49,+32.920,+16.910,+0.982
1631065140,+3.49,+32.920,+16.783,+0.980
1631065200,+3.49,+32.894,+16.685,+0.981
1631065260,+3.49,+32.876,+16.583,+0.981
1631065320,+3.49,+32.867,+16.565,+0.982
1631065380,+3.49,+32.858,+16.465,+0.982
1631065440,+3.49,+32.823,+16.443,+0.980
1631065500,+3.49,+32.823,+16.463,+0.980
1631065560,+3.49,+32.797,+16.514,+0.980
1631065620,+3.49,+32.806,+16.640,+0.982
1631065680,+3.49,+32.797,+16.582,+0.980
1631065740,+3.49,+32.753,+16.573,+0.978
1631065800,+3.49,+32.753,+16.641,+0.980
1631065860,+3.49,+32.744,+16.591,+0.980
1631065920,+3.49,+32.726,+16.575,+0.981
1631065980,+3.49,+32.709,+16.667,+0.981
1631066040,+3.49,+32.700,+16.664,+0.981
1631066100,+3.49,+32.691,+16.572,+0.980
1631066160,+3.49,+32.665,+16.540,+0.983
1631066220,+3.49,+32.647,+16.512,+0.983
1631066280,+3.49,+32.639,+16.464,+0.982
1631066340,+3.49,+32.630,+16.426,+0.982
1631066400,+3.49,+32.621,+16.405,+0.983
1631066460,+3.49,+32.586,+16.315,+0.981
1631066520,+3.49,+32.595,+16.239,+0.981
1631066580,+3.49,+32.568,+16.169,+0.981
1631066640,+3.49,+32.551,+16.094,+0.980
1631066700,+3.49,+32.559,+16.046,+0.982
1631066760,+3.49,+32.533,+15.908,+0.982
1631066820,+3.49,+32.533,+15.791,+0.980
1631066880,+3.49,+32.498,+15.732,+0.981
1631066940,+3.49,+32.489,+15.625,+0.981
1631067000,+3.49,+32.480,+15.541,+0.981
1631067060,+3.49,+32.472,+15.381,+0.980
1631067120,+3.49,+32.428,+15.369,+0.982
1631067180,+3.49,+32.410,+15.374,+0.981
1631067240,+3.49,+32.428,+15.307,+0.980
1631067300,+3.49,+32.401,+15.333,+0.981
1631067360,+3.49,+32.375,+15.267,+0.981
1631067420,+3.49,+32.375,+15.292,+0.983
1631067480,+3.49,+32.384,+15.202,+0.980
1631067540,+3.49,+32.358,+15.233,+0.980
1631067600,+3.49,+32.366,+15.243,+0.982
1631067660,+3.49,+32.323,+15.174,+0.980
1631067720,+3.49,+32.314,+15.152,+0.982
1631067780,+3.49,+32.314,+15.080,+0.981
1631067840,+3.49,+32.296,+15.012,+0.981
1631067900,+3.49,+32.270,+14.899,+0.981
1631067960,+3.49,+32.279,+14.756,+0.980
1631068020,+3.49,+32.261,+14.668,+0.980
1631068080,+3.49,+32.252,+14.562,+0.977
1631068140,+3.49,+32.235,+14.632,+0.980
1631068200,+3.49,+32.217,+14.599,+0.980
1631068260,+3.49,+32.200,+14.607,+0.981
1631068320,+3.49,+32.191,+14.512,+0.980
1631068380,+3.49,+32.165,+14.420,+0.981
1631068440,+3.49,+32.174,+14.312,+0.981
1631068500,+3.49,+32.156,+14.227,+0.980
1631068560,+3.49,+32.139,+14.153,+0.980
1631068620,+3.49,+32.112,+14.051,+0.979
1631068680,+3.49,+32.121,+13.935,+0.979
1631068740,+3.49,+32.103,+13.898,+0.979
1631068800,+3.49,+32.077,+13.908,+0.979
1631068860,+3.49,+32.068,+13.877,+0.980
1631068920,+3.49,+32.051,+13.760,+0.980
1631068980,+3.49,+32.042,+13.600,+0.981
1631069040,+3.49,+32.016,+13.444,+0.980
1631069100,+3.49,+32.025,+13.376,+0.981
1631069160,+3.49,+31.998,+13.281,+0.980
1631069220,+3.49,+32.016,+13.161,+0.979
1631069280,+3.49,+31.955,+13.063,+0.982
1631069340,+3.49,+31.955,+12.828,+0.979
1631069400,+3.49,+31.937,+12.745,+0.980
1631069460,+3.49,+31.946,+12.647,+0.979
1631069520,+3.49,+31.928,+12.564,+0.980
1631069580,+3.49,+31.885,+12.530,+0.980
1631069640,+3.49,+31.894,+12.492,+0.981
1631069700,+3.49,+31.867,+12.446,+0.980
1631069760,+3.49,+31.867,+12.452,+0.981
1631069820,+3.49,+31.850,+12.424,+0.980
1631069880,+3.49,+31.841,+12.293,+0.981
1631069940,+3.49,+31.841,+12.161,+0.981
1631070000,+3.49,+31.832,+12.005,+0.980
1631070060,+3.49,+31.832,+11.944,+0.980
1631070120,+3.49,+31.789,+11.979,+0.980
1631070180,+3.49,+31.797,+11.987,+0.979
1631070240,+3.49,+31.780,+11.975,+0.980
1631070300,+3.49,+31.762,+11.860,+0.980
1631070360,+3.49,+31.771,+11.769,+0.981
1631070420,+3.49,+31.762,+11.697,+0.981
1631070480,+3.49,+31.728,+11.633,+0.980
1631070540,+3.49,+31.710,+11.627,+0.980
1631070600,+3.49,+31.701,+11.742,+0.981
1631070660,+3.49,+31.693,+11.878,+0.979
1631070720,+3.49,+31.666,+12.101,+0.981
1631070780,+3.49,+31.666,+12.189,+0.981
1631070840,+3.49,+31.658,+12.077,+0.981
1631070900,+3.49,+31.658,+11.882,+0.979
1631070960,+3.49,+31.649,+11.785,+0.979
1631071020,+3.49,+31.640,+11.697,+0.980
1631071080,+3.49,+31.649,+11.551,+0.980
1631071140,+3.49,+31.605,+11.340,+0.979
1631071200,+3.49,+31.623,+11.136,+0.978
1631071260,+3.49,+31.597,+11.029,+0.978
1631071320,+3.49,+31.597,+10.960,+0.980
1631071380,+3.49,+31.579,+10.832,+0.978
1631071440,+3.49,+31.579,+10.759,+0.980
1631071500,+3.49,+31.570,+10.710,+0.979
1631071560,+3.49,+31.553,+10.719,+0.978
1631071620,+3.49,+31.544,+10.765,+0.979
1631071680,+3.49,+31.536,+10.856,+0.979
1631071740,+3.49,+31.501,+10.960,+0.979
1631071800,+3.49,+31.509,+10.966,+0.980
1631071860,+3.49,+31.509,+10.903,+0.980
1631071920,+3.49,+31.509,+10.844,+0.980
1631071980,+3.49,+31.492,+10.761,+0.979
1631072040,+3.49,+31.475,+10.685,+0.979
1631072100,+3.49,+31.475,+10.654,+0.977
1631072160,+3.49,+31.466,+10.674,+0.978
1631072220,+3.49,+31.448,+10.684,+0.979
1631072280,+3.49,+31.457,+10.702,+0.978
1631072340,+3.49,+31.440,+10.776,+0.980
1631072400,+3.49,+31.431,+10.872,+0.981
1631072460,+3.49,+31.422,+10.925,+0.982
1631072520,+3.49,+31.414,+10.878,+0.981
1631072580,+3.49,+31.414,+10.829,+0.981
1631072640,+3.49,+31.396,+10.841,+0.980
1631072700,+3.49,+31.379,+10.822,+0.981
1631072760,+3.49,+31.379,+10.722,+0.981
1631072820,+3.49,+31.370,+10.696,+0.981
1631072880,+3.49,+31.370,+10.680,+0.980
1631072940,+3.49,+31.344,+10.670,+0.981
1631073000,+3.49,+31.344,+10.640,+0.980
1631073060,+3.49,+31.326,+10.667,+0.981
1631073120,+3.49,+31.300,+10.705,+0.982
1631073180,+3.49,+31.318,+10.708,+0.980
1631073240,+3.49,+31.300,+10.747,+0.980
1631073300,+3.49,+31.300,+10.783,+0.981
1631073360,+3.49,+31.292,+10.804,+0.981
1631073420,+3.49,+31.283,+10.614,+0.982
1631073480,+3.49,+31.266,+10.319,+0.980
1631073540,+3.49,+31.257,+10.052,+0.981
1631073600,+3.49,+31.248, +9.698,+0.979
1631073660,+3.49,+31.257, +9.450,+0.978
1631073720,+3.49,+31.231, +9.294,+0.978
1631073780,+3.49,+31.213, +9.147,+0.978
1631073840,+3.49,+31.196, +9.229,+0.975
1631073900,+3.49,+31.205, +9.458,+0.974
1631073960,+3.49,+31.213, +9.614,+0.975
1631074020,+3.49,+31.187, +9.691,+0.975
1631074080,+3.49,+31.170, +9.715,+0.974
1631074140,+3.49,+31.187, +9.684,+0.975
1631074200,+3.49,+31.161, +9.623,+0.975
1631074260,+3.49,+31.161, +9.589,+0.975
1631074320,+3.49,+31.152, +9.598,+0.975
1631074380,+3.49,+31.144, +9.652,+0.976
1631074440,+3.49,+31.126, +9.666,+0.977
1631074500,+3.49,+31.109, +9.693,+0.976
1631074560,+3.49,+31.126, +9.718,+0.976
1631074620,+3.49,+31.100, +9.737,+0.978
1631074680,+3.49,+31.083, +9.646,+0.977
1631074740,+3.49,+31.092, +9.627,+0.979
1631074800,+3.49,+31.065, +9.473,+0.978
1631074860,+3.49,+31.057, +9.422,+0.978
1631074920,+3.49,+31.065, +9.468,+0.978
1631074980,+3.49,+31.057, +9.470,+0.979
1631075040,+3.49,+31.039, +9.526,+0.978
1631075100,+3.49,+31.039, +9.574,+0.980
1631075160,+3.49,+31.031, +9.469,+0.978
1631075220,+3.49,+31.013, +9.422,+0.978
1631075280,+3.49,+31.005, +9.411,+0.978
1631075340,+3.49,+30.987, +9.418,+0.978
1631075400,+3.49,+30.996, +9.482,+0.978
1631075460,+3.49,+30.979, +9.531,+0.978
1631075520,+3.49,+30.970, +9.608,+0.979
1631075580,+3.49,+30.927, +9.676,+0.978
1631075640,+3.49,+30.935, +9.705,+0.979
1631075700,+3.49,+30.944, +9.707,+0.980
1631075760,+3.49,+30.918, +9.732,+0.979
1631075820,+3.49,+30.918, +9.782,+0.979
1631075880,+3.49,+30.918, +9.819,+0.979
1631075940,+3.49,+30.909, +9.884,+0.980
1631076000,+3.49,+30.900, +9.912,+0.979
1631076060,+3.49,+30.874, +9.908,+0.980
1631076120,+3.49,+30.866,+10.011,+0.980
1631076180,+3.49,+30.848,+10.120,+0.978
1631076240,+3.49,+30.848,+10.275,+0.979
1631076300,+3.49,+30.840,+10.491,+0.979
1631076360,+3.49,+30.831,+10.635,+0.979
1631076420,+3.49,+30.814,+10.838,+0.979
1631076480,+3.49,+30.814,+11.031,+0.980
1631076540,+3.49,+30.805,+11.201,+0.979
1631076600,+3.49,+30.796,+11.304,+0.980
1631076660,+3.49,+30.796,+11.258,+0.981
1631076720,+3.49,+30.770,+11.210,+0.980
1631076780,+3.49,+30.762,+11.248,+0.980
1631076840,+3.49,+30.762,+11.310,+0.981
1631076900,+3.49,+30.744,+11.365,+0.980
1631076960,+3.49,+30.744,+11.304,+0.980
1631077020,+3.49,+30.744,+11.262,+0.981
1631077080,+3.49,+30.736,+11.217,+0.981
1631077140,+3.49,+30.718,+11.207,+0.981
1631077200,+3.49,+30.718,+11.216,+0.982
1631077260,+3.49,+30.701,+11.176,+0.981
1631077320,+3.49,+30.692,+11.108,+0.980
1631077380,+3.49,+30.684,+11.124,+0.981
1631077440,+3.49,+30.666,+11.131,+0.982
1631077500,+3.49,+30.666,+11.055,+0.982
1631077560,+3.49,+30.666,+10.926,+0.980
1631077620,+3.49,+30.666,+10.855,+0.982
1631077680,+3.49,+30.666,+10.761,+0.982
1631077740,+3.49,+30.640,+10.648,+0.982
1631077800,+3.49,+30.632,+10.624,+0.981
1631077860,+3.49,+30.623,+10.708,+0.982
1631077920,+3.49,+30.614,+10.783,+0.982
1631077980,+3.49,+30.606,+10.772,+0.980
1631078040,+3.49,+30.597,+10.817,+0.980
1631078100,+3.49,+30.588,+10.868,+0.981
1631078160,+3.49,+30.588,+10.911,+0.980
1631078220,+3.49,+30.571,+10.907,+0.981
1631078280,+3.49,+30.571,+10.848,+0.982
1631078340,+3.49,+30.554,+10.755,+0.981
1631078400,+3.49,+30.562,+10.745,+0.982
1631078460,+3.49,+30.519,+10.800,+0.981
1631078520,+3.49,+30.545,+10.793,+0.981
1631078580,+3.49,+30.536,+10.908,+0.981
1631078640,+3.49,+30.519,+11.083,+0.982
1631078700,+3.49,+30.519,+11.188,+0.982
1631078760,+3.49,+30.502,+11.169,+0.980
1631078820,+3.49,+30.502,+11.097,+0.982
1631078880,+3.49,+30.493,+10.991,+0.983
1631078940,+3.49,+30.476,+10.970,+0.983
1631079000,+3.49,+30.493,+10.856,+0.984
1631079060,+3.49,+30.467,+10.709,+0.982
1631079120,+3.49,+30.458,+10.508,+0.981
1631079180,+3.49,+30.458,+10.375,+0.981
1631079240,+3.49,+30.450,+10.268,+0.982
1631079300,+3.49,+30.432,+10.182,+0.981
1631079360,+3.49,+30.441,+10.090,+0.980
1631079420,+3.49,+30.424,+10.173,+0.982
1631079480,+3.49,+30.415,+10.193,+0.982
1631079540,+3.49,+30.415,+10.158,+0.980
1631079600,+3.49,+30.389,+10.104,+0.981
1631079660,+3.49,+30.398,+10.058,+0.982
1631079720,+3.49,+30.398, +9.962,+0.982
1631079780,+3.49,+30.372, +9.847,+0.981
1631079840,+3.49,+30.363, +9.770,+0.981
1631079900,+3.49,+30.363, +9.687,+0.981
1631079960,+3.49,+30.363, +9.562,+0.981
1631080020,+3.49,+30.355, +9.441,+0.981
1631080080,+3.49,+30.355, +9.384,+0.980
1631080140,+3.49,+30.337, +9.304,+0.980
1631080200,+3.49,+30.329, +9.208,+0.981
1631080260,+3.49,+30.329, +9.110,+0.980
1631080320,+3.49,+30.311, +9.040,+0.979
1631080380,+3.49,+30.311, +8.995,+0.980
1631080440,+3.49,+30.303, +9.004,+0.980
1631080500,+3.49,+30.303, +9.073,+0.980
1631080560,+3.49,+30.303, +9.056,+0.981
1631080620,+3.49,+30.277, +9.082,+0.979
1631080680,+3.49,+30.285, +9.059,+0.979
1631080740,+3.49,+30.268, +9.009,+0.978
1631080800,+3.49,+30.277, +8.943,+0.980
1631080860,+3.49,+30.259, +8.854,+0.979
1631080920,+3.49,+30.242, +8.823,+0.980
1631080980,+3.49,+30.242, +8.837,+0.979
1631081040,+3.49,+30.242, +8.891,+0.979
1631081100,+3.49,+30.242, +8.950,+0.979
1631081160,+3.49,+30.225, +8.999,+0.980
1631081220,+3.49,+30.225, +8.902,+0.979
1631081280,+3.49,+30.216, +8.842,+0.979
1631081340,+3.49,+30.208, +8.779,+0.980
1631081400,+3.49,+30.208, +8.652,+0.979
1631081460,+3.49,+30.208, +8.529,+0.978
1631081520,+3.49,+30.199, +8.418,+0.979
1631081580,+3.49,+30.199, +8.338,+0.978
1631081640,+3.49,+30.173, +8.267,+0.978
1631081700,+3.49,+30.182, +8.205,+0.979
1631081760,+3.49,+30.164, +8.181,+0.979
1631081820,+3.49,+30.156, +8.143,+0.979
1631081880,+3.49,+30.173, +8.080,+0.978
1631081940,+3.49,+30.156, +8.051,+0.979
1631082000,+3.49,+30.147, +8.068,+0.978
1631082060,+3.49,+30.147, +8.106,+0.978
1631082120,+3.49,+30.130, +8.162,+0.978
1631082180,+3.49,+30.121, +8.256,+0.977
1631082240,+3.49,+30.113, +8.370,+0.978
1631082300,+3.49,+30.104, +8.524,+0.977
1631082360,+3.49,+30.095, +8.633,+0.978
1631082420,+3.49,+30.104, +8.692,+0.978
1631082480,+3.49,+30.087, +8.757,+0.979
1631082540,+3.49,+30.104, +8.776,+0.979
1631082600,+3.49,+30.069, +8.761,+0.978
1631082660,+3.49,+30.078, +8.725,+0.979
1631082720,+3.49,+30.061, +8.653,+0.980
1631082780,+3.49,+30.052, +8.542,+0.979
1631082840,+3.49,+30.043, +8.438,+0.979
1631082900,+3.49,+30.035, +8.371,+0.979
1631082960,+3.49,+30.026, +8.370,+0.979
1631083020,+3.49,+30.035, +8.366,+0.979
1631083080,+3.49,+30.035, +8.309,+0.979
1631083140,+3.49,+30.009, +8.225,+0.979
1631083200,+3.49,+30.009, +8.156,+0.978
1631083260,+3.49,+30.000, +8.119,+0.979
1631083320,+3.49,+30.009, +8.066,+0.979
1631083380,+3.49,+30.009, +7.986,+0.979
1631083440,+3.49,+29.974, +7.917,+0.978
1631083500,+3.49,+29.992, +7.787,+0.978
1631083560,+3.49,+29.974, +7.699,+0.978
1631083620,+3.49,+29.966, +7.601,+0.978
1631083680,+3.49,+29.974, +7.508,+0.977
1631083740,+3.49,+29.974, +7.419,+0.978
1631083800,+3.49,+29.957, +7.333,+0.978
1631083860,+3.49,+29.949, +7.232,+0.977
1631083920,+3.49,+29.940, +7.165,+0.976
1631083980,+3.49,+29.923, +7.104,+0.976
1631084040,+3.49,+29.940, +7.045,+0.976
1631084100,+3.49,+29.914, +6.971,+0.976
1631084160,+3.49,+29.914, +6.915,+0.976
1631084220,+3.49,+29.923, +6.883,+0.976
1631084280,+3.49,+29.897, +6.926,+0.977
1631084340,+3.49,+29.905, +6.956,+0.977
1631084400,+3.49,+29.905, +6.964,+0.977
1631084460,+3.49,+29.897, +7.017,+0.977
1631084520,+3.49,+29.862, +7.086,+0.977
1631084580,+3.49,+29.871, +7.063,+0.977
1631084640,+3.49,+29.871, +6.989,+0.977
1631084700,+3.49,+29.862, +6.869,+0.977
1631084760,+3.49,+29.862, +6.735,+0.976
1631084820,+3.49,+29.862, +6.565,+0.976
1631084880,+3.49,+29.845, +6.409,+0.975
1631084940,+3.49,+29.828, +6.375,+0.974
1631085000,+3.49,+29.828, +6.488,+0.973
1631085060,+3.49,+29.819, +6.548,+0.972
1631085120,+3.49,+29.819, +7.396,+0.972
1631085180,+3.49,+29.802, +7.981,+0.975
1631085240,+3.49,+29.776, +8.132,+0.977
1631085300,+3.49,+29.793, +8.143,+0.977
1631085360,+3.49,+29.785, +8.065,+0.978
1631085420,+3.49,+29.768, +8.032,+0.978
1631085480,+3.49,+29.776, +7.997,+0.978
1631085540,+3.49,+29.768, +7.917,+0.978
1631085600,+3.49,+29.776, +7.845,+0.979
1631085660,+3.49,+29.750, +7.691,+0.978
1631085720,+3.49,+29.768, +7.513,+0.979
1631085780,+3.49,+29.759, +7.362,+0.978
1631085840,+3.49,+29.750, +7.218,+0.978
1631085900,+3.49,+29.724, +7.087,+0.978
1631085960,+3.49,+29.724, +6.999,+0.977
1631086020,+3.49,+29.724, +6.930,+0.977
1631086080,+3.49,+29.724, +6.908,+0.977
1631086140,+3.49,+29.707, +6.903,+0.976
1631086200,+3.49,+29.716, +6.829,+0.976
1631086260,+3.49,+29.699, +6.703,+0.976
1631086320,+3.49,+29.681, +6.582,+0.975
1631086380,+3.49,+29.681, +6.486,+0.975
1631086440,+3.49,+29.690, +6.405,+0.974
1631086500,+3.49,+29.673, +6.269,+0.973
1631086560,+3.49,+29.664, +6.140,+0.973
1631086620,+3.49,+29.673, +5.950,+0.973
1631086680,+3.49,+29.664, +5.852,+0.972
1631086740,+3.49,+29.647, +5.845,+0.972
1631086800,+3.49,+29.638, +5.822,+0.973
1631086860,+3.49,+29.630, +5.644,+0.972
1631086920,+3.49,+29.638, +5.490,+0.970
1631086980,+3.49,+29.621, +5.479,+0.969
1631087040,+3.49,+29.604, +5.447,+0.970
1631087100,+3.49,+29.613, +5.394,+0.970
1631087160,+3.49,+29.621, +5.341,+0.969
1631087220,+3.49,+29.621, +5.248,+0.970
1631087280,+3.49,+29.595, +5.156,+0.972
1631087340,+3.49,+29.595, +5.719,+0.971
1631087400,+3.49,+29.587, +5.980,+0.973
1631087460,+3.49,+29.604, +5.912,+0.975
1631087520,+3.49,+29.587, +5.772,+0.974
1631087580,+3.49,+29.578, +5.579,+0.973
1631087640,+3.49,+29.569, +5.354,+0.973
1631087700,+3.49,+29.569, +5.102,+0.972
1631087760,+3.49,+29.561, +4.791,+0.970
1631087820,+3.49,+29.561, +4.500,+0.969
1631087880,+3.49,+29.561, +4.243,+0.969
1631087940,+3.49,+29.544, +4.071,+0.969
1631088000,+3.49,+29.552, +4.132,+0.970
1631088060,+3.49,+29.535, +4.358,+0.969
1631088120,+3.49,+29.518, +4.508,+0.969
1631088180,+3.49,+29.518, +4.532,+0.971
1631088240,+3.49,+29.509, +4.664,+0.971
1631088300,+3.49,+29.501, +4.782,+0.971
1631088360,+3.49,+29.509, +4.881,+0.970
1631088420,+3.49,+29.501, +4.916,+0.972
1631088480,+3.49,+29.483, +4.893,+0.973
1631088540,+3.49,+29.475, +4.843,+0.973
1631088600,+3.49,+29.475, +4.753,+0.973
1631088660,+3.49,+29.466, +4.724,+0.974
1631088720,+3.49,+29.466, +4.753,+0.973
1631088780,+3.49,+29.475, +4.951,+0.972
1631088840,+3.49,+29.458, +5.347,+0.972
1631088900,+3.49,+29.449, +5.521,+0.974
1631088960,+3.49,+29.432, +5.694,+0.973
1631089020,+3.49,+29.449, +5.777,+0.974
1631089080,+3.49,+29.423, +5.686,+0.976
1631089140,+3.49,+29.406, +5.615,+0.976
1631089200,+3.49,+29.406, +5.456,+0.976
1631089260,+3.49,+29.406, +5.278,+0.977
1631089320,+3.49,+29.406, +5.068,+0.977
1631089380,+3.49,+29.397, +4.879,+0.976
1631089440,+3.49,+29.389, +4.719,+0.976
1631089500,+3.49,+29.397, +4.629,+0.976
1631089560,+3.49,+29.372, +4.979,+0.977
1631089620,+3.49,+29.372, +4.964,+0.977
1631089680,+3.49,+29.363, +4.835,+0.977
1631089740,+3.49,+29.363, +4.672,+0.977
1631089800,+3.49,+29.372, +4.435,+0.977
1631089860,+3.49,+29.363, +4.187,+0.976
1631089920,+3.49,+29.363, +3.918,+0.975
1631089980,+3.49,+29.346, +3.756,+0.975
1631090040,+3.49,+29.363, +3.667,+0.974
1631090100,+3.49,+29.346, +3.575,+0.973
1631090160,+3.49,+29.363, +3.452,+0.973
1631090220,+3.49,+29.329, +3.302,+0.972
1631090280,+3.49,+29.346, +3.129,+0.972
1631090340,+3.49,+29.329, +2.940,+0.972
1631090400,+3.49,+29.329, +2.781,+0.970
1631090460,+3.49,+29.312, +2.572,+0.969
1631090520,+3.49,+29.329, +2.379,+0.968
1631090580,+3.49,+29.329, +2.203,+0.969
1631090640,+3.49,+29.312, +2.094,+0.971
1631090700,+3.49,+29.294, +2.087,+0.973
1631090760,+3.49,+29.303, +2.000,+0.974
1631090820,+3.49,+29.294, +1.855,+0.973
1631090880,+3.49,+29.294, +1.709,+0.972
1631090940,+3.49,+29.294, +1.574,+0.971
1631091000,+3.49,+29.294, +1.443,+0.969
1631091060,+3.49,+29.260, +1.364,+0.968
1631091120,+3.49,+29.286, +1.317,+0.967
1631091180,+3.49,+29.269, +1.292,+0.966
1631091240,+3.49,+29.251, +1.306,+0.963
1631091300,+3.49,+29.251, +1.277,+0.960
1631091360,+3.49,+29.243, +1.291,+0.958
1631091420,+3.49,+29.251, +1.307,+0.962
1631091480,+3.49,+29.226, +1.332,+0.965
1631091540,+3.49,+29.234, +1.266,+0.966
1631091600,+3.49,+29.217, +1.308,+0.968
1631091660,+3.49,+29.208, +1.607,+0.968
1631091720,+3.49,+29.208, +1.846,+0.967
1631091780,+3.49,+29.217, +2.027,+0.967
1631091840,+3.49,+29.208, +2.094,+0.968
1631091900,+3.49,+29.208, +2.111,+0.969
1631091960,+3.49,+29.191, +2.127,+0.969
1631092020,+3.49,+29.200, +2.115,+0.970
1631092080,+3.49,+29.191, +2.095,+0.971
1631092140,+3.49,+29.183, +2.213,+0.973
1631092200,+3.49,+29.174, +2.153,+0.973
1631092260,+3.49,+29.183, +2.209,+0.974
1631092320,+3.49,+29.183, +2.289,+0.975
1631092380,+3.49,+29.183, +2.312,+0.977
1631092440,+3.49,+29.174, +2.324,+0.976
1631092500,+3.49,+29.166, +2.301,+0.977
1631092560,+3.49,+29.166, +2.234,+0.977
1631092620,+3.49,+29.166, +2.120,+0.978
1631092680,+3.49,+29.157, +2.000,+0.978
1631092740,+3.49,+29.148, +1.858,+0.978
1631092800,+3.49,+29.140, +1.747,+0.978
1631092860,+3.49,+29.140, +1.641,+0.978
1631092920,+3.49,+29.131, +1.556,+0.978
1631092980,+3.49,+29.123, +1.460,+0.978
1631093040,+3.49,+29.140, +1.360,+0.978
1631093100,+3.49,+29.148, +1.267,+0.978
1631093160,+3.49,+29.123, +1.141,+0.978
1631093220,+3.49,+29.131, +1.098,+0.977
1631093280,+3.49,+29.114, +1.703,+0.974
1631093340,+3.49,+29.114, +1.862,+0.977
1631093400,+3.49,+29.131, +1.774,+0.978
1631093460,+3.49,+29.131, +1.632,+0.979
1631093520,+3.49,+29.114, +1.454,+0.978
1631093580,+3.49,+29.114, +1.250,+0.978
1631093640,+3.49,+29.097, +1.069,+0.976
1631093700,+3.49,+29.097, +0.889,+0.975
1631093760,+3.49,+29.105, +0.776,+0.973
1631093820,+3.49,+29.088, +0.603,+0.972
1631093880,+3.49,+29.097, +0.420,+0.971
1631093940,+3.49,+29.097, +0.280,+0.967
1631094000,+3.49,+29.080, +0.221,+0.966
1631094060,+3.49,+29.080, +0.184,+0.965
1631094120,+3.49,+29.080, +0.159,+0.966
1631094180,+3.49,+29.071, +0.122,+0.967
1631094240,+3.49,+29.054, +0.104,+0.967
1631094300,+3.49,+29.080, +0.089,+0.966
1631094360,+3.49,+29.063, +0.081,+0.966
1631094420,+3.49,+29.045, +0.072,+0.966
1631094480,+3.49,+29.063, +0.086,+0.966
1631094540,+3.49,+29.063, +0.093,+0.967
1631094600,+3.49,+29.045, +0.132,+0.966
1631094660,+3.49,+29.028, +0.132,+0.967
1631094720,+3.49,+29.020, +0.109,+0.967
1631094780,+3.49,+29.037, +0.094,+0.967
1631094840,+3.49,+29.028, +0.084,+0.967
1631094900,+3.49,+29.011, +0.084,+0.967
1631094960,+3.49,+29.011, +0.109,+0.966
1631095020,+3.49,+28.994, +0.150,+0.966
1631095080,+3.49,+29.003, +0.305,+0.963
1631095140,+3.49,+29.003, +0.407,+0.962
1631095200,+3.49,+28.994, +0.429,+0.964
1631095260,+3.49,+28.985, +0.405,+0.965
1631095320,+3.49,+28.985, +0.373,+0.965
1631095380,+3.49,+28.985, +0.363,+0.965
1631095440,+3.49,+28.977, +0.718,+0.961
1631095500,+3.49,+28.968, +1.090,+0.963
1631095560,+3.49,+28.968, +1.178,+0.968
1631095620,+3.49,+28.977, +1.118,+0.971
1631095680,+3.49,+28.977, +0.980,+0.973
1631095740,+3.49,+28.942, +0.836,+0.973
1631095800,+3.49,+28.951, +0.672,+0.973
1631095860,+3.49,+28.951, +0.538,+0.972
1631095920,+3.49,+28.942, +0.602,+0.968
1631095980,+3.49,+28.934, +0.656,+0.967
1631096040,+3.49,+28.934, +0.669,+0.966
1631096100,+3.49,+28.934, +0.676,+0.967
1631096160,+3.49,+28.925, +0.658,+0.967
1631096220,+3.49,+28.917, +0.624,+0.968
1631096280,+3.49,+28.917, +0.587,+0.968
1631096340,+3.49,+28.917, +0.559,+0.968
1631096400,+3.49,+28.917, +0.516,+0.968
1631096460,+3.49,+28.925, +0.447,+0.968
1631096520,+3.49,+28.908, +0.398,+0.969
1631096580,+3.49,+28.917, +0.370,+0.969
1631096640,+3.49,+28.900, +0.319,+0.968
1631096700,+3.49,+28.908, +0.257,+0.968
1631096760,+3.49,+28.891, +0.228,+0.967
1631096820,+3.49,+28.908, +0.189,+0.967
1631096880,+3.49,+28.891, +0.149,+0.966
1631096940,+3.49,+28.891, +0.128,+0.966
1631097000,+3.49,+28.891, +0.162,+0.965
1631097060,+3.49,+28.883, +0.226,+0.964
1631097120,+3.49,+28.874, +0.301,+0.964
1631097180,+3.49,+28.883, +0.312,+0.965
1631097240,+3.49,+28.865, +0.327,+0.966
1631097300,+3.49,+28.865, +0.293,+0.967
1631097360,+3.49,+28.840, +0.278,+0.967
1631097420,+3.49,+28.848, +0.246,+0.966
1631097480,+3.49,+28.840, +0.244,+0.966
1631097540,+3.49,+28.840, +0.250,+0.966
1631097600,+3.49,+28.831, +0.261,+0.966
1631097660,+3.49,+28.823, +0.263,+0.966
1631097720,+3.49,+28.814, +0.240,+0.967
1631097780,+3.49,+28.840, +0.208,+0.967
1631097840,+3.49,+28.823, +0.202,+0.967
1631097900,+3.49,+28.814, +0.179,+0.966
1631097960,+3.49,+28.797, +0.165,+0.966
1631098020,+3.49,+28.814, +0.164,+0.967
1631098080,+3.49,+28.805, +0.191,+0.966
1631098140,+3.49,+28.788, +0.194,+0.966
1631098200,+3.49,+28.797, +0.189,+0.966
1631098260,+3.49,+28.780, +0.190,+0.966
1631098320,+3.49,+28.780, +0.176,+0.967
1631098380,+3.49,+28.771, +0.179,+0.967
1631098440,+3.49,+28.763, +0.178,+0.967
1631098500,+3.49,+28.780, +0.189,+0.967
1631098560,+3.49,+28.754, +0.201,+0.967
1631098620,+3.49,+28.745, +0.221,+0.967
1631098680,+3.49,+28.780, +0.176,+0.967
1631098740,+3.49,+28.737, +0.171,+0.967
1631098800,+3.49,+28.745, +0.173,+0.967
1631098860,+3.49,+28.737, +0.148,+0.967
1631098920,+3.49,+28.737, +0.125,+0.967
1631098980,+3.49,+28.728, +0.124,+0.967
1631099040,+3.49,+28.745, +0.117,+0.967
1631099100,+3.49,+28.720, +0.104,+0.967
1631099160,+3.49,+28.728, +0.110,+0.967
1631099220,+3.49,+28.720, +0.126,+0.967
1631099280,+3.49,+28.720, +0.129,+0.967
1631099340,+3.49,+28.703, +0.137,+0.967
1631099400,+3.49,+28.703, +0.125,+0.967
1631099460,+3.49,+28.694, +0.117,+0.967
1631099520,+3.49,+28.686, +0.114,+0.967
1631099580,+3.49,+28.703, +0.093,+0.967
1631099640,+3.49,+28.677, +0.077,+0.967
1631099700,+3.49,+28.677, +0.067,+0.967
1631099760,+3.49,+28.703, +0.073,+0.967
1631099820,+3.49,+28.677, +0.068,+0.967
1631099880,+3.49,+28.686, +0.068,+0.967
1631099940,+3.49,+28.660, +0.082,+0.967
1631100000,+3.49,+28.643, +0.113,+0.967
1631100060,+3.48,+28.660, +0.116,+0.967
1631100120,+3.48,+28.643, +0.093,+0.967
1631100180,+3.48,+28.634, +0.090,+0.967
1631100240,+3.48,+28.634, +0.146,+0.967
1631100300,+3.48,+28.634, +0.182,+0.966
1631100360,+3.48,+28.626, +0.215,+0.965
1631100420,+3.48,+28.626, +0.240,+0.965
1631100480,+3.48,+28.634, +0.259,+0.966
1631100540,+3.48,+28.609, +0.253,+0.966
1631100600,+3.48,+28.617, +0.225,+0.967
1631100660,+3.48,+28.617, +0.197,+0.967
1631100720,+3.48,+28.600, +0.178,+0.967
1631100780,+3.48,+28.609, +0.153,+0.967
1631100840,+3.48,+28.609, +0.132,+0.967
1631100900,+3.48,+28.591, +0.133,+0.966
1631100960,+3.48,+28.583, +0.160,+0.966
1631101020,+3.48,+28.591, +0.204,+0.965
1631101080,+3.48,+28.574, +0.209,+0.966
1631101140,+3.48,+28.583, +0.388,+0.960
1631101200,+3.48,+28.574, +0.653,+0.959
1631101260,+3.48,+28.557, +0.913,+0.960
1631101320,+3.48,+28.557, +1.445,+0.965
1631101380,+3.48,+28.557, +1.733,+0.967
1631101440,+3.48,+28.557, +1.835,+0.970
1631101500,+3.48,+28.566, +1.796,+0.973
1631101560,+3.48,+28.549, +2.600,+0.976
1631101620,+3.48,+28.540, +2.861,+0.977
1631101680,+3.48,+28.523, +2.888,+0.978
1631101740,+3.48,+28.540, +2.898,+0.978
1631101800,+3.48,+28.532, +2.758,+0.979
1631101860,+3.48,+28.514, +2.566,+0.979
1631101920,+3.48,+28.523, +2.715,+0.978
1631101980,+3.48,+28.506, +2.821,+0.978
1631102040,+3.48,+28.523, +2.721,+0.979
1631102100,+3.48,+28.514, +2.563,+0.979
1631102160,+3.48,+28.523, +2.378,+0.979
1631102220,+3.48,+28.497, +2.841,+0.977
1631102280,+3.48,+28.514, +3.078,+0.978
1631102340,+3.48,+28.514, +3.010,+0.979
1631102400,+3.48,+28.489, +2.833,+0.979
1631102460,+3.48,+28.489, +2.658,+0.979
1631102520,+3.48,+28.480, +2.744,+0.977
1631102580,+3.48,+28.489, +2.609,+0.979
1631102640,+3.48,+28.472, +2.445,+0.978
1631102700,+3.48,+28.472, +2.366,+0.978
1631102760,+3.48,+28.472, +2.389,+0.978
1631102820,+3.48,+28.455, +2.277,+0.979
1631102880,+3.48,+28.463, +2.221,+0.979
1631102940,+3.48,+28.446, +2.274,+0.978
1631103000,+3.48,+28.446, +2.173,+0.979
1631103060,+3.48,+28.438, +2.048,+0.979
1631103120,+3.48,+28.446, +1.914,+0.979
1631103180,+3.48,+28.446, +1.796,+0.979
1631103240,+3.48,+28.438, +1.703,+0.979
1631103300,+3.48,+28.463, +1.600,+0.979
1631103360,+3.48,+28.438, +1.591,+0.978
1631103420,+3.48,+28.438, +1.819,+0.976
1631103480,+3.48,+28.455, +1.948,+0.977
1631103540,+3.48,+28.429, +1.942,+0.978
1631103600,+3.48,+28.429, +2.040,+0.976
1631103660,+3.48,+28.412, +2.468,+0.974
1631103720,+3.48,+28.403, +2.644,+0.976
1631103780,+3.48,+28.420, +2.647,+0.977
1631103840,+3.48,+28.412, +2.556,+0.978
1631103900,+3.48,+28.412, +2.430,+0.978
1631103960,+3.48,+28.403, +2.304,+0.978
1631104020,+3.48,+28.386, +2.229,+0.978
1631104080,+3.48,+28.412, +2.402,+0.976
1631104140,+3.48,+28.395, +2.446,+0.977
1631104200,+3.48,+28.395, +2.379,+0.978
1631104260,+3.48,+28.386, +2.260,+0.979
1631104320,+3.48,+28.386, +2.139,+0.980
1631104380,+3.48,+28.386, +2.005,+0.980
1631104440,+3.48,+28.369, +1.868,+0.980
1631104500,+3.48,+28.386, +1.738,+0.979
1631104560,+3.48,+28.369, +1.621,+0.980
1631104620,+3.48,+28.378, +1.509,+0.980
1631104680,+3.48,+28.386, +1.409,+0.981
1631104740,+3.48,+28.403, +1.353,+0.980
1631104800,+3.48,+28.361, +1.288,+0.980
1631104860,+3.48,+28.378, +1.282,+0.979
1631104920,+3.48,+28.361, +1.437,+0.978
1631104980,+3.48,+28.361, +1.549,+0.978
1631105040,+3.48,+28.361, +1.600,+0.979
1631105100,+3.48,+28.352, +1.643,+0.979
1631105160,+3.48,+28.352, +1.679,+0.979
1631105220,+3.48,+28.361, +1.654,+0.979
1631105280,+3.48,+28.344, +1.635,+0.980
1631105340,+3.48,+28.361, +1.583,+0.981
1631105400,+3.48,+28.352, +1.569,+0.981
1631105460,+3.48,+28.352, +1.562,+0.980
1631105520,+3.48,+28.335, +1.570,+0.980
1631105580,+3.48,+28.309, +1.557,+0.980
1631105640,+3.48,+28.352, +1.786,+0.978
1631105700,+3.48,+28.326, +2.587,+0.978
1631105760,+3.48,+28.335, +2.787,+0.979
1631105820,+3.48,+28.335, +2.802,+0.980
1631105880,+3.48,+28.309, +2.736,+0.980
1631105940,+3.48,+28.318, +2.640,+0.980
1631106000,+3.48,+28.326, +2.553,+0.980
1631106060,+3.48,+28.318, +2.499,+0.980
1631106120,+3.48,+28.318, +2.486,+0.980
1631106180,+3.48,+28.301, +2.702,+0.978
1631106240,+3.48,+28.309, +2.784,+0.979
1631106300,+3.48,+28.292, +2.952,+0.979
1631106360,+3.48,+28.309, +2.909,+0.980
1631106420,+3.48,+28.301, +2.799,+0.980
1631106480,+3.48,+28.292, +2.703,+0.980
1631106540,+3.48,+28.284, +2.604,+0.980
1631106600,+3.48,+28.292, +2.498,+0.980
1631106660,+3.48,+28.301, +2.468,+0.980
1631106720,+3.48,+28.284, +2.576,+0.981
1631106780,+3.48,+28.284, +2.587,+0.981
1631106840,+3.48,+28.292, +2.487,+0.981
1631106900,+3.48,+28.301, +2.389,+0.980
1631106960,+3.48,+28.292, +2.267,+0.980
1631107020,+3.48,+28.267, +2.181,+0.981
1631107080,+3.48,+28.284, +2.122,+0.981
1631107140,+3.48,+28.301, +2.086,+0.980
1631107200,+3.48,+28.284, +2.806,+0.979
1631107260,+3.48,+28.301, +3.159,+0.980
1631107320,+3.48,+28.292, +3.201,+0.979
1631107380,+3.48,+28.284, +3.161,+0.979
1631107440,+3.48,+28.292, +3.096,+0.979
1631107500,+3.48,+28.284, +3.044,+0.979
1631107560,+3.48,+28.292, +2.935,+0.980
1631107620,+3.48,+28.275, +2.994,+0.979
1631107680,+3.48,+28.267, +3.108,+0.979
1631107740,+3.48,+28.275, +3.048,+0.980
1631107800,+3.48,+28.284, +2.933,+0.980
1631107860,+3.48,+28.284, +2.805,+0.980
1631107920,+3.48,+28.275, +2.674,+0.980
1631107980,+3.48,+28.275, +2.553,+0.980
1631108040,+3.48,+28.267, +2.461,+0.980
1631108100,+3.48,+28.275, +2.379,+0.981
1631108160,+3.48,+28.267, +2.344,+0.980
1631108220,+3.48,+28.275, +2.661,+0.980
1631108280,+3.48,+28.267, +2.740,+0.980
1631108340,+3.48,+28.275, +2.747,+0.981
1631108400,+3.48,+28.284, +2.699,+0.980
1631108460,+3.48,+28.258, +2.617,+0.981
1631108520,+3.48,+28.258, +2.549,+0.981
1631108580,+3.48,+28.258, +2.602,+0.980
1631108640,+3.48,+28.258, +2.612,+0.980
1631108700,+3.48,+28.267, +2.670,+0.980
1631108760,+3.48,+28.284, +2.807,+0.980
1631108820,+3.48,+28.275, +3.031,+0.979
1631108880,+3.48,+28.284, +3.351,+0.978
1631108940,+3.48,+28.292, +3.479,+0.978
1631109000,+3.48,+28.301, +3.381,+0.978
1631109060,+3.48,+28.309, +3.309,+0.977
1631109120,+3.48,+28.309, +3.578,+0.978
1631109180,+3.48,+28.292, +4.128,+0.978
1631109240,+3.48,+28.284, +4.352,+0.978
1631109300,+3.48,+28.301, +4.430,+0.978
1631109360,+3.48,+28.292, +4.780,+0.977
1631109420,+3.48,+28.301, +4.686,+0.977
1631109480,+3.48,+28.292, +4.695,+0.978
1631109540,+3.48,+28.318, +4.643,+0.977
1631109600,+3.48,+28.318, +4.866,+0.977
1631109660,+3.48,+28.326, +5.270,+0.976
1631109720,+3.48,+28.326, +5.679,+0.975
1631109780,+3.48,+28.335, +6.048,+0.975
1631109840,+3.48,+28.352, +6.247,+0.975
1631109900,+3.48,+28.326, +6.163,+0.979
1631109960,+3.48,+28.344, +6.290,+0.980
1631110020,+3.48,+28.352, +6.258,+0.980
1631110080,+3.48,+28.352, +6.482,+0.981
1631110140,+3.48,+28.369, +6.743,+0.981
1631110200,+3.48,+28.378, +7.013,+0.981
1631110260,+3.48,+28.395, +7.298,+0.981
1631110320,+3.48,+28.403, +7.555,+0.982
1631110380,+3.48,+28.403, +7.792,+0.982
1631110440,+3.48,+28.420, +7.977,+0.981
1631110500,+3.48,+28.438, +8.179,+0.981
1631110560,+3.48,+28.420, +7.996,+0.981
1631110620,+3.48,+28.429, +7.615,+0.981
1631110680,+3.48,+28.429, +7.293,+0.981
1631110740,+3.48,+28.420, +6.768,+0.982
1631110800,+3.48,+28.420, +6.383,+0.983
1631110860,+3.48,+28.403, +5.838,+0.983
1631110920,+3.48,+28.386, +5.537,+0.983
1631110980,+3.48,+28.386, +5.372,+0.983
1631111040,+3.48,+28.378, +5.279,+0.983
1631111100,+3.48,+28.344, +5.294,+0.983
1631111160,+3.48,+28.361, +5.504,+0.982
1631111220,+3.48,+28.361, +5.419,+0.982
1631111280,+3.48,+28.361, +5.323,+0.983
1631111340,+3.48,+28.369, +5.290,+0.983
1631111400,+3.48,+28.361, +5.327,+0.983
1631111460,+3.48,+28.378, +5.361,+0.983
1631111520,+3.48,+28.361, +5.473,+0.983
1631111580,+3.48,+28.369, +5.587,+0.983
1631111640,+3.48,+28.361, +5.386,+0.984
1631111700,+3.48,+28.369, +5.378,+0.983
1631111760,+3.48,+28.378, +5.510,+0.983
1631111820,+3.48,+28.395, +5.742,+0.983
1631111880,+3.48,+28.403, +6.356,+0.982
1631111940,+3.48,+28.403, +6.874,+0.982
1631112000,+3.48,+28.429, +7.354,+0.982
1631112060,+3.48,+28.438, +7.755,+0.982
1631112120,+3.48,+28.455, +8.060,+0.981
1631112180,+3.48,+28.438, +7.813,+0.980
1631112240,+3.48,+28.455, +7.630,+0.981
1631112300,+3.48,+28.463, +7.866,+0.982
1631112360,+3.48,+28.480, +8.203,+0.981
1631112420,+3.48,+28.489, +8.559,+0.980
1631112480,+3.48,+28.523, +8.998,+0.981
1631112540,+3.48,+28.523, +9.457,+0.982
1631112600,+3.48,+28.540, +9.938,+0.981
1631112660,+3.48,+28.532,+10.427,+0.982
1631112720,+3.48,+28.574,+10.804,+0.982
1631112780,+3.48,+28.557,+10.751,+0.981
1631112840,+3.48,+28.549, +9.077,+0.981
1631112900,+3.48,+28.532, +8.199,+0.981
1631112960,+3.48,+28.532, +7.934,+0.983
1631113020,+3.48,+28.540, +7.769,+0.982
1631113080,+3.48,+28.549, +7.649,+0.981
1631113140,+3.48,+28.557, +8.129,+0.982
1631113200,+3.48,+28.574, +8.335,+0.982
1631113260,+3.48,+28.600, +8.789,+0.981
1631113320,+3.48,+28.600, +9.159,+0.981
1631113380,+3.48,+28.617, +9.515,+0.982
1631113440,+3.48,+28.617, +9.818,+0.982
1631113500,+3.48,+28.634,+10.175,+0.983
1631113560,+3.48,+28.643, +9.971,+0.981
1631113620,+3.48,+28.634, +9.577,+0.980
1631113680,+3.48,+28.617, +9.699,+0.981
1631113740,+3.48,+28.651, +9.909,+0.982
1631113800,+3.48,+28.651,+10.085,+0.981
1631113860,+3.48,+28.660,+10.270,+0.981
1631113920,+3.48,+28.651,+10.210,+0.980
1631113980,+3.48,+28.634, +9.795,+0.982
1631114040,+3.48,+28.660, +9.778,+0.981
1631114100,+3.48,+28.668,+10.072,+0.982
1631114160,+3.48,+28.660,+10.464,+0.982
1631114220,+3.48,+28.677,+10.888,+0.983
1631114280,+3.48,+28.686,+11.324,+0.983
1631114340,+3.48,+28.694,+11.699,+0.983
1631114400,+3.48,+28.703,+12.096,+0.982
1631114460,+3.48,+28.711,+12.524,+0.983
1631114520,+3.48,+28.703,+12.807,+0.982
1631114580,+3.48,+28.728,+12.976,+0.983
1631114640,+3.48,+28.728,+13.029,+0.982
1631114700,+3.48,+28.728,+13.031,+0.982
1631114760,+3.48,+28.720,+12.914,+0.982
1631114820,+3.48,+28.711,+12.704,+0.982
1631114880,+3.48,+28.728,+12.762,+0.984
1631114940,+3.48,+28.745,+12.122,+0.980
1631115000,+3.48,+28.754,+11.642,+0.981
1631115060,+3.48,+28.754,+11.734,+0.981
1631115120,+3.48,+28.771,+12.174,+0.981
1631115180,+3.48,+28.763,+12.764,+0.983
1631115240,+3.48,+28.780,+13.311,+0.983
1631115300,+3.48,+28.788,+13.891,+0.983
1631115360,+3.48,+28.797,+14.100,+0.981
1631115420,+3.48,+28.788,+14.164,+0.982
1631115480,+3.48,+28.797,+14.203,+0.983
1631115540,+3.48,+28.814,+14.471,+0.984
1631115600,+3.48,+28.823,+14.682,+0.984
1631115660,+3.48,+28.831,+14.939,+0.982
1631115720,+3.48,+28.823,+15.048,+0.984
1631115780,+3.48,+28.848,+15.034,+0.984
1631115840,+3.48,+28.823,+14.981,+0.982
1631115900,+3.48,+28.814,+14.634,+0.983
1631115960,+3.48,+28.831,+14.218,+0.980
1631116020,+3.48,+28.840,+14.146,+0.983
1631116080,+3.48,+28.831,+13.709,+0.980
1631116140,+3.48,+28.848,+13.423,+0.980
1631116200,+3.48,+28.865,+13.194,+0.980
1631116260,+3.48,+28.848,+12.848,+0.980
1631116320,+3.48,+28.874,+12.339,+0.978
1631116380,+3.48,+28.865,+12.181,+0.980
1631116440,+3.48,+28.874,+12.142,+0.981
1631116500,+3.48,+28.883,+12.378,+0.982
1631116560,+3.48,+28.917,+12.374,+0.981
1631116620,+3.48,+28.925,+12.558,+0.983
1631116680,+3.48,+28.942,+12.986,+0.984
1631116740,+3.48,+28.934,+13.309,+0.984
1631116800,+3.48,+28.951,+13.519,+0.984
1631116860,+3.48,+28.960,+13.748,+0.984
1631116920,+3.48,+28.968,+13.920,+0.983
1631116980,+3.48,+28.977,+14.018,+0.983
1631117040,+3.48,+28.985,+13.695,+0.983
1631117100,+3.48,+28.994,+13.299,+0.983
1631117160,+3.48,+29.003,+13.086,+0.984
1631117220,+3.48,+29.003,+13.092,+0.984
1631117280,+3.48,+29.003,+13.213,+0.984
1631117340,+3.48,+29.028,+13.347,+0.982
1631117400,+3.48,+29.011,+13.345,+0.982
1631117460,+3.48,+29.011,+13.371,+0.982
1631117520,+3.48,+29.020,+13.367,+0.983
1631117580,+3.48,+29.020,+13.364,+0.983
1631117640,+3.48,+29.028,+13.277,+0.982
1631117700,+3.48,+29.011,+13.159,+0.982
1631117760,+3.48,+29.063,+13.170,+0.984
1631117820,+3.48,+29.028,+12.983,+0.982
1631117880,+3.48,+29.045,+12.852,+0.984
1631117940,+3.48,+29.028,+12.710,+0.983
1631118000,+3.48,+29.028,+12.651,+0.983
1631118060,+3.48,+29.037,+12.678,+0.986
1631118120,+3.48,+29.054,+12.703,+0.984
1631118180,+3.48,+29.045,+12.860,+0.984
1631118240,+3.48,+29.063,+13.082,+0.983
1631118300,+3.48,+29.063,+13.358,+0.983
1631118360,+3.48,+29.088,+13.583,+0.983
1631118420,+3.48,+29.097,+13.746,+0.985
1631118480,+3.48,+29.114,+13.706,+0.984
1631118540,+3.48,+29.131,+13.681,+0.985
1631118600,+3.48,+29.123,+13.432,+0.984
1631118660,+3.48,+29.131,+13.024,+0.983
1631118720,+3.48,+29.131,+12.692,+0.984
1631118780,+3.48,+29.131,+12.338,+0.984
1631118840,+3.48,+29.131,+12.053,+0.983
1631118900,+3.48,+29.140,+11.849,+0.985
1631118960,+3.48,+29.123,+11.689,+0.985
1631119020,+3.48,+29.131,+11.553,+0.984
1631119080,+3.48,+29.140,+11.478,+0.984
1631119140,+3.48,+29.131,+11.408,+0.984
1631119200,+3.48,+29.131,+11.315,+0.984
1631119260,+3.48,+29.131,+11.231,+0.984
1631119320,+3.48,+29.131,+11.166,+0.984
1631119380,+3.48,+29.131,+11.083,+0.985
1631119440,+3.48,+29.114,+10.941,+0.984
1631119500,+3.48,+29.088,+10.786,+0.983
1631119560,+3.48,+29.097,+10.636,+0.984
1631119620,+3.48,+29.088,+10.504,+0.984
1631119680,+3.48,+29.105,+10.355,+0.983
1631119740,+3.48,+29.088,+10.247,+0.984
1631119800,+3.48,+29.080,+10.145,+0.984
1631119860,+3.48,+29.080,+10.092,+0.985
1631119920,+3.48,+29.088,+10.023,+0.984
1631119980,+3.48,+29.080, +9.955,+0.983
1631120040,+3.48,+29.080, +9.953,+0.984
1631120100,+3.48,+29.088, +9.929,+0.984
1631120160,+3.48,+29.071, +9.930,+0.983
1631120220,+3.48,+29.080, +9.919,+0.983
1631120280,+3.48,+29.088, +9.943,+0.984
1631120340,+3.48,+29.097, +9.957,+0.984
1631120400,+3.48,+29.088, +9.996,+0.984
1631120460,+3.48,+29.105,+10.020,+0.984
1631120520,+3.48,+29.105,+10.041,+0.984
1631120580,+3.48,+29.114,+10.059,+0.984
1631120640,+3.48,+29.131,+10.063,+0.983
1631120700,+3.48,+29.123,+10.094,+0.983
1631120760,+3.48,+29.123,+10.126,+0.983
1631120820,+3.48,+29.123,+10.178,+0.983
1631120880,+3.48,+29.131,+10.244,+0.984
1631120940,+3.48,+29.148,+10.283,+0.984
1631121000,+3.48,+29.140,+10.345,+0.984
1631121060,+3.48,+29.140,+10.389,+0.984
1631121120,+3.48,+29.174,+10.452,+0.985
1631121180,+3.48,+29.166,+10.478,+0.983
1631121240,+3.48,+29.183,+10.550,+0.984
1631121300,+3.48,+29.174,+10.650,+0.984
1631121360,+3.48,+29.208,+10.665,+0.983
1631121420,+3.48,+29.200,+10.700,+0.984
1631121480,+3.48,+29.200,+10.775,+0.984
1631121540,+3.48,+29.208,+10.840,+0.985
1631121600,+3.48,+29.208,+10.936,+0.985
1631121660,+3.48,+29.226,+11.064,+0.985
1631121720,+3.48,+29.208,+11.143,+0.984
1631121780,+3.48,+29.234,+11.219,+0.984
1631121840,+3.48,+29.217,+11.353,+0.985
1631121900,+3.48,+29.234,+11.434,+0.984
1631121960,+3.48,+29.234,+11.520,+0.984
1631122020,+3.48,+29.260,+11.678,+0.985
1631122080,+3.48,+29.277,+11.887,+0.985
1631122140,+3.48,+29.277,+12.140,+0.985
1631122200,+3.48,+29.294,+12.192,+0.984
1631122260,+3.48,+29.303,+12.464,+0.984
1631122320,+3.48,+29.320,+12.606,+0.986
1631122380,+3.48,+29.346,+12.641,+0.986
1631122440,+3.48,+29.346,+12.645,+0.985
1631122500,+3.48,+29.354,+12.678,+0.985
1631122560,+3.48,+29.354,+12.766,+0.985
1631122620,+3.48,+29.372,+12.819,+0.985
1631122680,+3.48,+29.372,+12.927,+0.986
1631122740,+3.48,+29.380,+13.041,+0.985
1631122800,+3.48,+29.389,+13.234,+0.985
1631122860,+3.48,+29.415,+13.456,+0.985
1631122920,+3.48,+29.423,+13.669,+0.984
1631122980,+3.48,+29.432,+13.916,+0.984
1631123040,+3.48,+29.440,+14.186,+0.984
1631123100,+3.48,+29.440,+14.495,+0.987
1631123160,+3.48,+29.449,+14.501,+0.985
1631123220,+3.48,+29.466,+14.365,+0.984
1631123280,+3.48,+29.458,+14.444,+0.985
1631123340,+3.48,+29.483,+14.608,+0.985
1631123400,+3.48,+29.483,+14.901,+0.986
1631123460,+3.48,+29.518,+15.120,+0.984
1631123520,+3.48,+29.535,+15.419,+0.985
1631123580,+3.48,+29.561,+15.732,+0.986
1631123640,+3.48,+29.552,+16.035,+0.986
1631123700,+3.48,+29.604,+16.319,+0.985
1631123760,+3.48,+29.595,+16.629,+0.985
1631123820,+3.48,+29.613,+16.914,+0.985
1631123880,+3.48,+29.630,+17.193,+0.984
1631123940,+3.48,+29.630,+17.515,+0.985
1631124000,+3.48,+29.664,+17.780,+0.986
1631124060,+3.48,+29.681,+17.822,+0.984
1631124120,+3.48,+29.673,+17.847,+0.986
1631124180,+3.48,+29.699,+17.725,+0.984
1631124240,+3.48,+29.690,+17.746,+0.984
1631124300,+3.48,+29.716,+17.646,+0.984
1631124360,+3.48,+29.716,+17.452,+0.983
1631124420,+3.48,+29.724,+17.379,+0.986
1631124480,+3.48,+29.724,+17.267,+0.987
1631124540,+3.48,+29.742,+17.099,+0.985
1631124600,+3.48,+29.750,+17.082,+0.988
1631124660,+3.48,+29.750,+16.926,+0.985
1631124720,+3.48,+29.759,+16.845,+0.986
1631124780,+3.48,+29.759,+16.349,+0.985
1631124840,+3.48,+29.750,+15.856,+0.985
1631124900,+3.48,+29.750,+15.534,+0.985
1631124960,+3.48,+29.768,+15.373,+0.986
1631125020,+3.48,+29.768,+15.172,+0.986
1631125080,+3.48,+29.768,+15.014,+0.985
1631125140,+3.48,+29.759,+14.909,+0.984
1631125200,+3.48,+29.750,+14.886,+0.986
1631125260,+3.48,+29.759,+14.827,+0.984
1631125320,+3.48,+29.750,+14.826,+0.985
1631125380,+3.48,+29.750,+14.814,+0.987
1631125440,+3.48,+29.742,+14.865,+0.986
1631125500,+3.48,+29.742,+14.961,+0.986
1631125560,+3.48,+29.742,+15.091,+0.986
1631125620,+3.48,+29.768,+15.195,+0.985
1631125680,+3.48,+29.793,+15.340,+0.984
1631125740,+3.48,+29.776,+15.518,+0.985
1631125800,+3.48,+29.811,+15.752,+0.987
1631125860,+3.48,+29.811,+15.934,+0.987
1631125920,+3.48,+29.811,+16.163,+0.987
1631125980,+3.48,+29.828,+16.353,+0.985
1631126040,+3.48,+29.871,+16.591,+0.985
1631126100,+3.48,+29.888,+16.707,+0.984
1631126160,+3.48,+29.914,+16.908,+0.985
1631126220,+3.48,+29.905,+17.040,+0.986
1631126280,+3.48,+29.940,+17.110,+0.986
1631126340,+3.48,+29.940,+17.239,+0.987
1631126400,+3.48,+29.957,+17.373,+0.986
1631126460,+3.48,+29.957,+17.446,+0.985
1631126520,+3.48,+29.931,+17.521,+0.987
1631126580,+3.48,+29.931,+17.268,+0.985
1631126640,+3.48,+29.940,+17.208,+0.986
1631126700,+3.48,+29.940,+17.175,+0.986
1631126760,+3.48,+29.949,+17.137,+0.986
1631126820,+3.48,+29.949,+17.203,+0.987
1631126880,+3.48,+29.966,+17.146,+0.985
1631126940,+3.48,+29.983,+17.141,+0.986
1631127000,+3.48,+29.983,+17.035,+0.986
1631127060,+3.48,+29.983,+16.876,+0.984
1631127120,+3.48,+30.009,+16.874,+0.986
1631127180,+3.48,+30.009,+16.858,+0.986
1631127240,+3.48,+30.035,+16.859,+0.984
1631127300,+3.48,+30.026,+17.029,+0.985
1631127360,+3.48,+30.043,+17.158,+0.985
1631127420,+3.48,+30.069,+17.281,+0.986
1631127480,+3.48,+30.069,+17.461,+0.987
1631127540,+3.48,+30.069,+17.665,+0.988
1631127600,+3.48,+30.069,+17.804,+0.988
1631127660,+3.48,+30.078,+17.902,+0.987
1631127720,+3.48,+30.087,+18.062,+0.988
1631127780,+3.48,+30.087,+18.231,+0.986
1631127840,+3.48,+30.113,+18.448,+0.988
1631127900,+3.48,+30.121,+18.583,+0.988
1631127960,+3.48,+30.121,+18.670,+0.985
1631128020,+3.48,+30.156,+18.887,+0.986
1631128080,+3.48,+30.156,+19.110,+0.986
1631128140,+3.48,+30.164,+19.266,+0.985
1631128200,+3.48,+30.190,+19.577,+0.986
1631128260,+3.48,+30.208,+19.744,+0.986
1631128320,+3.48,+30.208,+20.006,+0.987
1631128380,+3.48,+30.225,+20.153,+0.986
1631128440,+3.48,+30.242,+20.372,+0.986
1631128500,+3.48,+30.259,+20.536,+0.986
1631128560,+3.48,+30.277,+20.737,+0.989
1631128620,+3.48,+30.268,+20.754,+0.986
1631128680,+3.48,+30.285,+20.899,+0.988
1631128740,+3.48,+30.303,+20.949,+0.986
1631128800,+3.48,+30.320,+21.084,+0.987
1631128860,+3.48,+30.320,+21.128,+0.986
1631128920,+3.48,+30.329,+21.171,+0.984
1631128980,+3.48,+30.372,+21.325,+0.987
1631129040,+3.48,+30.372,+21.429,+0.988
1631129100,+3.48,+30.380,+21.497,+0.987
1631129160,+3.48,+30.406,+21.659,+0.989
1631129220,+3.48,+30.406,+21.683,+0.986
1631129280,+3.48,+30.406,+21.640,+0.985
1631129340,+3.48,+30.450,+21.628,+0.986
1631129400,+3.48,+30.432,+21.703,+0.986
1631129460,+3.48,+30.441,+21.739,+0.986
1631129520,+3.48,+30.484,+21.792,+0.986
1631129580,+3.48,+30.493,+21.875,+0.987
1631129640,+3.48,+30.519,+21.667,+0.984
1631129700,+3.48,+30.528,+21.493,+0.986
1631129760,+3.48,+30.554,+21.443,+0.986
1631129820,+3.48,+30.571,+21.494,+0.985
1631129880,+3.48,+30.562,+21.693,+0.987
1631129940,+3.48,+30.597,+21.825,+0.989
1631130000,+3.48,+30.614,+21.630,+0.986
1631130060,+3.48,+30.597,+21.374,+0.986
1631130120,+3.48,+30.562,+21.123,+0.985
1631130180,+3.48,+30.554,+21.062,+0.985
1631130240,+3.48,+30.536,+21.006,+0.985
1631130300,+3.48,+30.528,+20.981,+0.986
1631130360,+3.48,+30.528,+21.058,+0.989
1631130420,+3.48,+30.528,+20.887,+0.985
1631130480,+3.48,+30.510,+20.770,+0.985
1631130540,+3.48,+30.519,+20.553,+0.986
1631130600,+3.48,+30.510,+20.551,+0.986
1631130660,+3.48,+30.536,+20.590,+0.988
1631130720,+3.48,+30.536,+20.512,+0.989
1631130780,+3.48,+30.528,+20.269,+0.986
1631130840,+3.48,+30.528,+20.288,+0.987
1631130900,+3.48,+30.545,+20.408,+0.986
1631130960,+3.48,+30.536,+20.653,+0.988
1631131020,+3.48,+30.536,+20.697,+0.985
1631131080,+3.48,+30.519,+20.897,+0.984
1631131140,+3.48,+30.545,+21.119,+0.985
1631131200,+3.48,+30.536,+21.301,+0.985
1631131260,+3.48,+30.545,+21.580,+0.990
1631131320,+3.48,+30.554,+21.631,+0.985
1631131380,+3.48,+30.571,+21.825,+0.987
1631131440,+3.48,+30.571,+21.861,+0.987
1631131500,+3.48,+30.588,+21.819,+0.986
1631131560,+3.48,+30.606,+21.891,+0.987
1631131620,+3.48,+30.597,+21.880,+0.986
1631131680,+3.48,+30.614,+21.951,+0.986
1631131740,+3.48,+30.640,+22.092,+0.986
1631131800,+3.48,+30.649,+22.185,+0.986
1631131860,+3.48,+30.675,+22.339,+0.987
1631131920,+3.48,+30.710,+22.434,+0.989
1631131980,+3.48,+30.727,+22.374,+0.985
1631132040,+3.48,+30.753,+22.557,+0.989
1631132100,+3.48,+30.762,+22.591,+0.988
1631132160,+3.48,+30.779,+22.628,+0.987
1631132220,+3.48,+30.744,+22.724,+0.985
1631132280,+3.48,+30.788,+22.820,+0.986
1631132340,+3.48,+30.831,+22.849,+0.986
1631132400,+3.48,+30.892,+22.918,+0.987
1631132460,+3.48,+30.909,+23.051,+0.986
1631132520,+3.48,+30.927,+23.241,+0.985
1631132580,+3.48,+30.918,+23.433,+0.988
1631132640,+3.48,+30.927,+23.357,+0.984
1631132700,+3.48,+30.918,+23.443,+0.985
1631132760,+3.48,+30.918,+23.534,+0.986
1631132820,+3.48,+30.918,+23.598,+0.986
1631132880,+3.48,+30.900,+23.648,+0.985
1631132940,+3.48,+30.909,+23.788,+0.988
1631133000,+3.48,+30.900,+23.935,+0.989
1631133060,+3.48,+30.909,+23.802,+0.983
1631133120,+3.48,+30.927,+24.055,+0.986
1631133180,+3.48,+30.953,+24.154,+0.986
1631133240,+3.48,+30.987,+24.002,+0.986
1631133300,+3.48,+30.970,+23.928,+0.986
1631133360,+3.48,+30.979,+23.955,+0.982
1631133420,+3.48,+30.979,+24.110,+0.983
1631133480,+3.48,+30.979,+24.342,+0.988
1631133540,+3.48,+30.970,+24.408,+0.988
1631133600,+3.48,+30.979,+24.296,+0.985
1631133660,+3.48,+30.970,+24.440,+0.987
1631133720,+3.48,+30.961,+24.426,+0.987
1631133780,+3.48,+30.961,+24.429,+0.986
1631133840,+3.48,+30.953,+24.574,+0.988
1631133900,+3.48,+30.970,+24.344,+0.984
1631133960,+3.48,+30.970,+24.560,+0.989
1631134020,+3.48,+30.996,+24.424,+0.985
1631134080,+3.48,+31.005,+24.489,+0.986
1631134140,+3.48,+31.022,+24.519,+0.985
1631134200,+3.48,+31.031,+24.635,+0.986
1631134260,+3.48,+31.057,+24.660,+0.985
1631134320,+3.48,+31.083,+24.793,+0.988
1631134380,+3.48,+31.092,+24.730,+0.985
1631134440,+3.48,+31.092,+24.801,+0.987
1631134500,+3.48,+31.039,+24.821,+0.985
1631134560,+3.48,+31.031,+24.860,+0.985
1631134620,+3.48,+31.022,+24.759,+0.985
1631134680,+3.48,+30.987,+24.782,+0.987
1631134740,+3.48,+30.979,+24.686,+0.985
1631134800,+3.48,+30.979,+24.693,+0.987
1631134860,+3.48,+30.953,+24.694,+0.986
1631134920,+3.48,+30.987,+24.875,+0.988
1631134980,+3.48,+30.996,+24.919,+0.985
1631135040,+3.48,+31.031,+24.987,+0.986
1631135100,+3.48,+31.031,+25.010,+0.986
1631135160,+3.48,+31.048,+25.000,+0.984
1631135220,+3.48,+31.065,+24.955,+0.984
1631135280,+3.48,+31.100,+24.877,+0.984
1631135340,+3.48,+31.135,+24.945,+0.985
1631135400,+3.48,+31.135,+25.039,+0.987
1631135460,+3.48,+31.170,+25.143,+0.988
1631135520,+3.48,+31.187,+25.127,+0.985
1631135580,+3.48,+31.213,+25.217,+0.986
1631135640,+3.48,+31.231,+25.349,+0.987
1631135700,+3.48,+31.257,+25.495,+0.989
1631135760,+3.48,+31.266,+25.339,+0.986
1631135820,+3.48,+31.274,+25.451,+0.988
1631135880,+3.48,+31.283,+25.439,+0.986
1631135940,+3.48,+31.326,+25.307,+0.985
1631136000,+3.48,+31.318,+25.227,+0.983
1631136060,+3.48,+31.309,+25.160,+0.985
1631136120,+3.48,+31.266,+25.238,+0.985
1631136180,+3.48,+31.266,+25.362,+0.986
1631136240,+3.48,+31.283,+25.470,+0.984
1631136300,+3.48,+31.300,+25.746,+0.989
1631136360,+3.48,+31.292,+25.766,+0.989
1631136420,+3.48,+31.309,+25.532,+0.984
1631136480,+3.48,+31.248,+25.368,+0.984
1631136540,+3.48,+31.196,+24.999,+0.985
1631136600,+3.48,+31.179,+24.595,+0.984
1631136660,+3.48,+31.170,+24.429,+0.987
1631136720,+3.48,+31.187,+24.377,+0.986
1631136780,+3.48,+31.170,+24.174,+0.988
1631136840,+3.48,+31.179,+23.973,+0.987
1631136900,+3.48,+31.187,+24.027,+0.986
1631136960,+3.48,+31.187,+24.076,+0.986
1631137020,+3.48,+31.196,+24.265,+0.989
1631137080,+3.48,+31.213,+24.433,+0.990
1631137140,+3.48,+31.222,+24.435,+0.986
1631137200,+3.48,+31.239,+24.562,+0.984
1631137260,+3.48,+31.231,+24.700,+0.982
1631137320,+3.48,+31.257,+24.930,+0.986
1631137380,+3.48,+31.283,+24.899,+0.982
1631137440,+3.48,+31.300,+25.120,+0.986
1631137500,+3.48,+31.326,+25.067,+0.986
1631137560,+3.48,+31.353,+24.934,+0.987
1631137620,+3.48,+31.361,+24.745,+0.985
1631137680,+3.48,+31.361,+24.568,+0.984
1631137740,+3.48,+31.353,+24.877,+0.987
1631137800,+3.48,+31.344,+24.975,+0.986
1631137860,+3.48,+31.326,+25.131,+0.987
1631137920,+3.48,+31.318,+25.227,+0.987
1631137980,+3.48,+31.335,+25.328,+0.987
1631138040,+3.48,+31.335,+25.450,+0.985
1631138100,+3.48,+31.335,+25.658,+0.986
1631138160,+3.48,+31.335,+25.702,+0.984
1631138220,+3.48,+31.361,+25.806,+0.984
1631138280,+3.48,+31.387,+26.157,+0.987
1631138340,+3.48,+31.422,+26.143,+0.984
1631138400,+3.48,+31.457,+26.212,+0.982
1631138460,+3.48,+31.501,+26.735,+0.987
1631138520,+3.48,+31.536,+26.930,+0.984
1631138580,+3.48,+31.553,+27.178,+0.987
1631138640,+3.48,+31.562,+27.067,+0.983
1631138700,+3.48,+31.527,+27.163,+0.986
1631138760,+3.48,+31.527,+27.138,+0.986
1631138820,+3.48,+31.527,+27.118,+0.984
1631138880,+3.48,+31.536,+27.059,+0.983
1631138940,+3.48,+31.553,+27.060,+0.986
1631139000,+3.48,+31.588,+27.162,+0.990
1631139060,+3.48,+31.605,+26.990,+0.988
1631139120,+3.48,+31.623,+26.817,+0.986
1631139180,+3.48,+31.632,+26.640,+0.985
1631139240,+3.48,+31.666,+26.651,+0.988
1631139300,+3.48,+31.675,+26.527,+0.987
1631139360,+3.48,+31.693,+26.376,+0.985
1631139420,+3.48,+31.710,+26.387,+0.988
1631139480,+3.48,+31.719,+26.136,+0.985
1631139540,+3.48,+31.710,+26.063,+0.985
1631139600,+3.48,+31.684,+25.911,+0.984
1631139660,+3.48,+31.693,+25.848,+0.986
1631139720,+3.48,+31.666,+25.620,+0.983
1631139780,+3.48,+31.666,+25.618,+0.987
1631139840,+3.48,+31.649,+25.395,+0.983
1631139900,+3.48,+31.649,+25.214,+0.981
1631139960,+3.48,+31.614,+25.222,+0.983
1631140020,+3.48,+31.623,+25.059,+0.982
1631140080,+3.48,+31.597,+25.092,+0.985
1631140140,+3.48,+31.597,+24.961,+0.983
1631140200,+3.48,+31.597,+24.923,+0.985
1631140260,+3.48,+31.579,+24.824,+0.986
1631140320,+3.48,+31.553,+24.629,+0.984
1631140380,+3.48,+31.536,+24.567,+0.984
1631140440,+3.48,+31.518,+24.578,+0.985
1631140500,+3.48,+31.536,+24.466,+0.982
1631140560,+3.48,+31.562,+24.617,+0.987
1631140620,+3.48,+31.553,+24.424,+0.986
1631140680,+3.48,+31.544,+24.468,+0.987
1631140740,+3.48,+31.544,+24.369,+0.985
1631140800,+3.48,+31.544,+24.359,+0.985
1631140860,+3.48,+31.536,+24.199,+0.985
1631140920,+3.48,+31.544,+23.874,+0.984
1631140980,+3.48,+31.518,+23.603,+0.983
1631141040,+3.48,+31.509,+23.494,+0.985
1631141100,+3.48,+31.483,+23.209,+0.983
1631141160,+3.48,+31.448,+22.972,+0.985
1631141220,+3.48,+31.431,+22.836,+0.988
1631141280,+3.48,+31.431,+22.691,+0.987
1631141340,+3.48,+31.422,+22.462,+0.986
1631141400,+3.48,+31.422,+22.283,+0.986
1631141460,+3.48,+31.396,+22.133,+0.986
1631141520,+3.48,+31.405,+21.922,+0.982
1631141580,+3.48,+31.405,+21.846,+0.984
1631141640,+3.48,+31.396,+21.731,+0.984
1631141700,+3.48,+31.405,+21.638,+0.987
1631141760,+3.48,+31.414,+21.500,+0.987
1631141820,+3.48,+31.448,+21.398,+0.987
1631141880,+3.48,+31.440,+21.215,+0.984
1631141940,+3.48,+31.475,+21.189,+0.987
1631142000,+3.48,+31.501,+20.974,+0.984
1631142060,+3.48,+31.553,+20.869,+0.985
1631142120,+3.48,+31.666,+20.392,+0.986
1631142180,+3.48,+31.754,+20.034,+0.984
1631142240,+3.48,+31.806,+19.940,+0.986
1631142300,+3.48,+31.832,+19.790,+0.985
1631142360,+3.48,+31.850,+19.726,+0.985
1631142420,+3.48,+31.824,+19.825,+0.985
1631142480,+3.48,+31.824,+19.861,+0.985
1631142540,+3.48,+31.780,+19.981,+0.984
1631142600,+3.48,+31.771,+20.227,+0.983
1631142660,+3.48,+31.754,+20.517,+0.984
1631142720,+3.48,+31.701,+20.725,+0.982
1631142780,+3.48,+31.710,+21.116,+0.984
1631142840,+3.48,+31.666,+21.323,+0.985
1631142900,+3.48,+31.675,+21.433,+0.984
1631142960,+3.48,+31.623,+21.630,+0.984
1631143020,+3.48,+31.605,+21.731,+0.983
1631143080,+3.48,+31.588,+22.086,+0.984
1631143140,+3.48,+31.597,+22.233,+0.985
1631143200,+3.48,+31.614,+22.052,+0.982
1631143260,+3.48,+31.693,+21.617,+0.986
1631143320,+3.48,+31.745,+20.962,+0.985
1631143380,+3.48,+31.815,+20.415,+0.985
1631143440,+3.48,+31.841,+19.940,+0.984
1631143500,+3.48,+31.902,+19.585,+0.986
1631143560,+3.48,+31.894,+19.376,+0.987
1631143620,+3.48,+31.876,+19.094,+0.984
1631143680,+3.48,+31.902,+18.922,+0.987
1631143740,+3.48,+31.946,+18.502,+0.984
1631143800,+3.48,+31.990,+18.291,+0.983
1631143860,+3.48,+32.016,+18.288,+0.985
1631143920,+3.48,+32.033,+18.206,+0.984
1631143980,+3.48,+32.060,+18.198,+0.986
1631144040,+3.48,+32.086,+18.126,+0.984
1631144100,+3.48,+32.103,+18.075,+0.985
1631144160,+3.48,+32.103,+18.133,+0.985
1631144220,+3.48,+32.112,+18.164,+0.983
1631144280,+3.48,+32.130,+18.118,+0.983
1631144340,+3.48,+32.095,+18.254,+0.985
1631144400,+3.48,+32.077,+18.642,+0.984
1631144460,+3.48,+32.068,+19.118,+0.987
1631144520,+3.48,+32.042,+19.485,+0.983
1631144580,+3.48,+31.998,+19.968,+0.984
1631144640,+3.48,+31.981,+20.350,+0.983
1631144700,+3.48,+31.937,+20.920,+0.981
1631144760,+3.48,+31.920,+21.729,+0.985
1631144820,+3.48,+31.928,+22.291,+0.984
1631144880,+3.48,+31.928,+22.603,+0.986
1631144940,+3.48,+31.963,+22.350,+0.985
1631145000,+3.48,+31.963,+21.894,+0.982
1631145060,+3.48,+31.981,+21.620,+0.985
1631145120,+3.48,+31.998,+21.339,+0.986
1631145180,+3.48,+32.016,+21.010,+0.985
1631145240,+3.48,+32.042,+20.680,+0.984
1631145300,+3.48,+32.033,+20.479,+0.985
1631145360,+3.48,+32.051,+20.331,+0.985
1631145420,+3.48,+32.068,+20.166,+0.985
1631145480,+3.48,+32.077,+20.035,+0.985
1631145540,+3.48,+32.095,+19.924,+0.984
1631145600,+3.48,+32.103,+19.987,+0.984
1631145660,+3.48,+32.130,+20.106,+0.982
1631145720,+3.48,+32.130,+20.440,+0.985
1631145780,+3.48,+32.130,+20.684,+0.982
1631145840,+3.48,+32.156,+20.968,+0.983
1631145900,+3.48,+32.139,+21.279,+0.986
1631145960,+3.48,+32.130,+21.312,+0.983
1631146020,+3.48,+32.139,+21.495,+0.985
1631146080,+3.48,+32.112,+21.420,+0.983
1631146140,+3.48,+32.095,+21.524,+0.986
1631146200,+3.48,+32.068,+21.533,+0.985
1631146260,+3.48,+32.060,+21.538,+0.984
1631146320,+3.48,+32.033,+21.525,+0.985
1631146380,+3.48,+32.016,+21.415,+0.984
1631146440,+3.48,+31.998,+21.300,+0.983
1631146500,+3.48,+31.981,+21.306,+0.986
1631146560,+3.48,+31.981,+21.129,+0.983
1631146620,+3.48,+31.981,+21.096,+0.985
1631146680,+3.48,+31.955,+21.170,+0.985
1631146740,+3.48,+31.946,+21.387,+0.986
1631146800,+3.48,+31.937,+21.390,+0.983
1631146860,+3.48,+31.920,+21.508,+0.985
1631146920,+3.48,+31.920,+21.486,+0.986
1631146980,+3.48,+31.902,+21.364,+0.986
1631147040,+3.48,+31.911,+21.183,+0.985
1631147100,+3.48,+31.885,+21.015,+0.986
1631147160,+3.48,+31.885,+20.848,+0.985
1631147220,+3.48,+31.876,+20.709,+0.985
1631147280,+3.48,+31.859,+20.628,+0.986
1631147340,+3.48,+31.876,+20.504,+0.986
1631147400,+3.48,+31.841,+20.491,+0.985
1631147460,+3.48,+31.824,+20.569,+0.986
1631147520,+3.48,+31.824,+20.552,+0.983
1631147580,+3.48,+31.815,+20.715,+0.986
1631147640,+3.48,+31.797,+20.781,+0.987
1631147700,+3.48,+31.780,+20.714,+0.984
1631147760,+3.48,+31.780,+20.619,+0.984
1631147820,+3.48,+31.754,+20.629,+0.984
1631147880,+3.48,+31.745,+20.600,+0.983
1631147940,+3.48,+31.736,+20.567,+0.984
1631148000,+3.48,+31.710,+20.564,+0.984
1631148060,+3.48,+31.719,+20.622,+0.987
1631148120,+3.48,+31.693,+20.530,+0.985
1631148180,+3.48,+31.684,+20.565,+0.987
1631148240,+3.48,+31.675,+20.461,+0.985
1631148300,+3.48,+31.658,+20.526,+0.986
1631148360,+3.48,+31.640,+20.422,+0.983
1631148420,+3.48,+31.623,+20.451,+0.986
1631148480,+3.48,+31.623,+20.333,+0.985
1631148540,+3.48,+31.605,+20.288,+0.985
1631148600,+3.48,+31.605,+20.177,+0.986
1631148660,+3.48,+31.597,+20.158,+0.987
1631148720,+3.48,+31.588,+20.080,+0.985
1631148780,+3.48,+31.570,+20.072,+0.985
1631148840,+3.48,+31.562,+20.071,+0.985
1631148900,+3.48,+31.553,+20.212,+0.988
1631148960,+3.48,+31.536,+20.205,+0.986
1631149020,+3.48,+31.544,+20.205,+0.985
1631149080,+3.48,+31.518,+20.235,+0.987
1631149140,+3.48,+31.527,+20.109,+0.985
1631149200,+3.48,+31.509,+20.109,+0.986
1631149260,+3.48,+31.501,+20.088,+0.985
1631149320,+3.48,+31.475,+20.158,+0.987
1631149380,+3.48,+31.483,+20.086,+0.985
1631149440,+3.48,+31.483,+20.114,+0.987
1631149500,+3.48,+31.475,+20.078,+0.984
1631149560,+3.48,+31.466,+20.123,+0.986
1631149620,+3.48,+31.466,+20.078,+0.985
1631149680,+3.48,+31.440,+20.096,+0.986
1631149740,+3.48,+31.440,+20.120,+0.988
