7450-387970
OS REV: 1.05 Sensor Cal: 1615486469
Time (sec),  BV (Volts),  T (deg C),  DO (mg/l),  Q ()
1631754600,+3.48,+29.699,+13.845,+0.985
1631754660,+3.48,+29.699,+13.758,+0.986
1631754720,+3.48,+29.707,+13.584,+0.985
1631754780,+3.48,+29.690,+13.423,+0.985
1631754840,+3.48,+29.690,+13.257,+0.983
1631754900,+3.48,+29.681,+13.160,+0.985
1631754960,+3.48,+29.673,+12.981,+0.983
1631755020,+3.48,+29.647,+12.875,+0.984
1631755080,+3.48,+29.638,+12.752,+0.982
1631755140,+3.48,+29.604,+12.662,+0.984
1631755200,+3.48,+29.604,+12.563,+0.984
1631755260,+3.48,+29.613,+12.501,+0.983
1631755320,+3.48,+29.578,+12.474,+0.983
1631755380,+3.48,+29.587,+12.443,+0.983
1631755440,+3.48,+29.569,+12.554,+0.984
1631755500,+3.48,+29.544,+12.779,+0.984
1631755560,+3.48,+29.544,+12.835,+0.983
1631755620,+3.48,+29.552,+12.772,+0.984
1631755680,+3.48,+29.526,+12.565,+0.985
1631755740,+3.48,+29.518,+12.403,+0.984
1631755800,+3.48,+29.526,+12.332,+0.982
1631755860,+3.48,+29.552,+12.344,+0.983
1631755920,+3.48,+29.535,+12.329,+0.983
1631755980,+3.48,+29.518,+12.343,+0.984
1631756040,+3.48,+29.518,+12.326,+0.984
1631756100,+3.48,+29.518,+12.273,+0.983
1631756160,+3.48,+29.526,+12.148,+0.983
1631756220,+3.48,+29.518,+12.026,+0.982
1631756280,+3.48,+29.501,+11.935,+0.982
1631756340,+3.48,+29.501,+11.857,+0.983
1631756400,+3.48,+29.518,+11.769,+0.984
1631756460,+3.48,+29.492,+11.657,+0.983
1631756520,+3.48,+29.501,+11.566,+0.983
1631756580,+3.48,+29.501,+11.460,+0.982
1631756640,+3.48,+29.492,+11.345,+0.982
1631756700,+3.48,+29.492,+11.212,+0.981
1631756760,+3.48,+29.483,+11.095,+0.982
1631756820,+3.48,+29.483,+10.940,+0.982
1631756880,+3.48,+29.466,+10.837,+0.981
1631756940,+3.48,+29.475,+10.773,+0.982
1631757000,+3.48,+29.449,+10.750,+0.983
1631757060,+3.48,+29.440,+10.730,+0.984
1631757120,+3.48,+29.449,+10.696,+0.982
1631757180,+3.48,+29.432,+10.685,+0.983
1631757240,+3.48,+29.423,+10.686,+0.983
1631757300,+3.48,+29.415,+10.661,+0.983
1631757360,+3.48,+29.415,+10.674,+0.982
1631757420,+3.48,+29.406,+10.757,+0.984
1631757480,+3.48,+29.380,+10.817,+0.984
1631757540,+3.48,+29.397,+10.882,+0.984
1631757600,+3.48,+29.397,+10.939,+0.982
1631757660,+3.48,+29.380,+11.022,+0.984
1631757720,+3.48,+29.380,+11.014,+0.981
1631757780,+3.48,+29.363,+11.049,+0.983
1631757840,+3.48,+29.372,+10.979,+0.981
1631757900,+3.48,+29.354,+10.915,+0.982
1631757960,+3.48,+29.337,+10.853,+0.983
1631758020,+3.48,+29.337,+11.052,+0.981
1631758080,+3.48,+29.320,+11.260,+0.982
1631758140,+3.48,+29.312,+11.372,+0.982
1631758200,+3.48,+29.312,+11.406,+0.982
1631758260,+3.48,+29.303,+11.417,+0.983
1631758320,+3.48,+29.294,+11.390,+0.982
1631758380,+3.48,+29.294,+11.354,+0.982
1631758440,+3.48,+29.294,+11.302,+0.982
1631758500,+3.48,+29.294,+11.253,+0.982
1631758560,+3.48,+29.277,+11.225,+0.982
1631758620,+3.48,+29.277,+11.196,+0.982
1631758680,+3.48,+29.260,+11.173,+0.982
1631758740,+3.48,+29.260,+11.146,+0.982
1631758800,+3.48,+29.260,+11.130,+0.983
1631758860,+3.48,+29.251,+11.093,+0.981
1631758920,+3.48,+29.226,+11.108,+0.983
1631758980,+3.48,+29.226,+11.060,+0.983
1631759040,+3.48,+29.217,+11.023,+0.983
1631759100,+3.48,+29.234,+10.965,+0.983
1631759160,+3.48,+29.200,+10.907,+0.983
1631759220,+3.48,+29.208,+10.821,+0.982
1631759280,+3.48,+29.191,+10.797,+0.982
1631759340,+3.48,+29.166,+10.820,+0.982
1631759400,+3.48,+29.174,+10.743,+0.982
1631759460,+3.48,+29.183,+10.709,+0.983
1631759520,+3.48,+29.183,+10.667,+0.982
1631759580,+3.48,+29.174,+10.616,+0.982
1631759640,+3.48,+29.166,+10.573,+0.983
1631759700,+3.48,+29.148,+10.478,+0.982
1631759760,+3.48,+29.157,+10.401,+0.982
1631759820,+3.48,+29.140,+10.333,+0.983
1631759880,+3.48,+29.131,+10.253,+0.982
1631759940,+3.48,+29.131,+10.170,+0.982
1631760000,+3.48,+29.123,+10.108,+0.982
1631760060,+3.48,+29.123,+10.091,+0.982
1631760120,+3.48,+29.105,+10.100,+0.982
1631760180,+3.48,+29.123,+10.098,+0.981
1631760240,+3.48,+29.097,+10.083,+0.982
1631760300,+3.48,+29.088,+10.031,+0.982
1631760360,+3.48,+29.088, +9.884,+0.983
1631760420,+3.48,+29.088, +9.724,+0.983
1631760480,+3.48,+29.063, +9.597,+0.983
1631760540,+3.48,+29.063, +9.513,+0.983
1631760600,+3.48,+29.080, +9.488,+0.982
1631760660,+3.48,+29.045, +9.523,+0.983
1631760720,+3.48,+29.045, +9.515,+0.981
1631760780,+3.48,+29.028, +9.541,+0.982
1631760840,+3.48,+29.028, +9.558,+0.982
1631760900,+3.48,+29.003, +9.567,+0.982
1631760960,+3.48,+28.994, +9.594,+0.981
1631761020,+3.48,+28.994, +9.623,+0.981
1631761080,+3.48,+29.011, +9.660,+0.982
1631761140,+3.48,+28.994, +9.677,+0.981
1631761200,+3.48,+28.985, +9.687,+0.981
1631761260,+3.48,+28.977, +9.690,+0.981
1631761320,+3.48,+28.968, +9.698,+0.982
1631761380,+3.48,+28.960, +9.721,+0.982
1631761440,+3.48,+28.960, +9.726,+0.981
1631761500,+3.48,+28.968, +9.724,+0.981
1631761560,+3.48,+28.951, +9.748,+0.982
1631761620,+3.48,+28.942, +9.714,+0.981
1631761680,+3.48,+28.942, +9.634,+0.981
1631761740,+3.48,+28.925, +9.613,+0.982
1631761800,+3.48,+28.900, +9.582,+0.981
1631761860,+3.48,+28.900, +9.591,+0.982
1631761920,+3.48,+28.908, +9.606,+0.982
1631761980,+3.48,+28.908, +9.590,+0.982
1631762040,+3.48,+28.883, +9.598,+0.982
1631762100,+3.48,+28.891, +9.564,+0.982
1631762160,+3.48,+28.865, +9.555,+0.982
1631762220,+3.48,+28.865, +9.507,+0.981
1631762280,+3.48,+28.865, +9.438,+0.980
1631762340,+3.48,+28.848, +9.447,+0.981
1631762400,+3.48,+28.840, +9.425,+0.981
1631762460,+3.48,+28.840, +9.406,+0.981
1631762520,+3.48,+28.831, +9.398,+0.981
1631762580,+3.48,+28.823, +9.415,+0.981
1631762640,+3.48,+28.831, +9.438,+0.982
1631762700,+3.48,+28.814, +9.421,+0.981
1631762760,+3.48,+28.805, +9.410,+0.981
1631762820,+3.48,+28.788, +9.381,+0.980
1631762880,+3.48,+28.788, +9.380,+0.982
1631762940,+3.48,+28.788, +9.351,+0.980
1631763000,+3.48,+28.780, +9.374,+0.980
1631763060,+3.48,+28.771, +9.410,+0.981
1631763120,+3.48,+28.754, +9.380,+0.980
1631763180,+3.48,+28.754, +9.401,+0.980
1631763240,+3.48,+28.763, +9.405,+0.981
1631763300,+3.48,+28.737, +9.431,+0.981
1631763360,+3.48,+28.720, +9.417,+0.981
1631763420,+3.48,+28.720, +9.405,+0.980
1631763480,+3.48,+28.711, +9.434,+0.981
1631763540,+3.48,+28.711, +9.426,+0.980
1631763600,+3.48,+28.686, +9.420,+0.980
1631763660,+3.48,+28.686, +9.417,+0.980
1631763720,+3.48,+28.686, +9.431,+0.980
1631763780,+3.48,+28.668, +9.426,+0.980
1631763840,+3.48,+28.660, +9.403,+0.980
1631763900,+3.48,+28.651, +9.397,+0.981
1631763960,+3.48,+28.643, +9.358,+0.980
1631764020,+3.48,+28.651, +9.309,+0.979
1631764080,+3.48,+28.634, +9.277,+0.979
1631764140,+3.48,+28.634, +9.273,+0.980
1631764200,+3.48,+28.617, +9.308,+0.980
1631764260,+3.48,+28.626, +9.339,+0.981
1631764320,+3.48,+28.617, +9.352,+0.981
1631764380,+3.48,+28.600, +9.350,+0.980
1631764440,+3.48,+28.591, +9.317,+0.981
1631764500,+3.48,+28.557, +9.250,+0.980
1631764560,+3.48,+28.591, +9.207,+0.980
1631764620,+3.48,+28.566, +9.159,+0.980
1631764680,+3.48,+28.549, +9.150,+0.981
1631764740,+3.48,+28.557, +9.123,+0.980
1631764800,+3.48,+28.540, +9.067,+0.980
1631764860,+3.48,+28.532, +9.022,+0.980
1631764920,+3.48,+28.523, +8.967,+0.980
1631764980,+3.48,+28.506, +8.926,+0.980
1631765040,+3.48,+28.506, +8.889,+0.980
1631765100,+3.48,+28.514, +8.871,+0.980
1631765160,+3.48,+28.497, +8.899,+0.980
1631765220,+3.48,+28.489, +8.892,+0.980
1631765280,+3.48,+28.472, +8.876,+0.980
1631765340,+3.48,+28.489, +8.844,+0.979
1631765400,+3.48,+28.446, +8.828,+0.979
1631765460,+3.48,+28.463, +8.827,+0.980
1631765520,+3.48,+28.446, +8.815,+0.979
1631765580,+3.48,+28.455, +8.742,+0.978
1631765640,+3.48,+28.438, +8.713,+0.979
1631765700,+3.48,+28.429, +8.659,+0.978
1631765760,+3.48,+28.412, +8.655,+0.977
1631765820,+3.48,+28.403, +8.614,+0.978
1631765880,+3.48,+28.412, +8.562,+0.978
1631765940,+3.48,+28.403, +8.524,+0.978
1631766000,+3.48,+28.395, +8.485,+0.976
1631766060,+3.48,+28.386, +8.489,+0.977
1631766120,+3.48,+28.386, +8.505,+0.976
1631766180,+3.48,+28.378, +8.521,+0.977
1631766240,+3.48,+28.352, +8.516,+0.976
1631766300,+3.48,+28.369, +8.492,+0.976
1631766360,+3.48,+28.352, +8.458,+0.978
1631766420,+3.48,+28.335, +8.399,+0.978
1631766480,+3.48,+28.326, +8.355,+0.977
1631766540,+3.48,+28.326, +8.342,+0.978
1631766600,+3.48,+28.326, +8.318,+0.977
1631766660,+3.48,+28.309, +8.321,+0.978
1631766720,+3.48,+28.301, +8.296,+0.978
1631766780,+3.48,+28.301, +8.256,+0.978
1631766840,+3.48,+28.275, +8.200,+0.977
1631766900,+3.48,+28.267, +8.175,+0.978
1631766960,+3.48,+28.275, +8.131,+0.977
1631767020,+3.48,+28.267, +8.099,+0.977
1631767080,+3.48,+28.258, +8.086,+0.978
1631767140,+3.48,+28.233, +8.043,+0.978
1631767200,+3.48,+28.233, +7.991,+0.977
1631767260,+3.48,+28.224, +8.010,+0.979
1631767320,+3.48,+28.198, +8.020,+0.979
1631767380,+3.48,+28.190, +8.030,+0.979
1631767440,+3.48,+28.207, +7.995,+0.979
1631767500,+3.48,+28.181, +7.952,+0.978
1631767560,+3.48,+28.173, +7.907,+0.978
1631767620,+3.48,+28.156, +7.885,+0.980
1631767680,+3.48,+28.147, +7.836,+0.978
1631767740,+3.48,+28.147, +7.812,+0.979
1631767800,+3.48,+28.147, +7.784,+0.979
1631767860,+3.48,+28.139, +7.943,+0.979
1631767920,+3.48,+28.130, +8.636,+0.979
1631767980,+3.48,+28.122, +9.094,+0.980
1631768040,+3.48,+28.105, +9.349,+0.980
1631768100,+3.48,+28.113, +9.451,+0.981
1631768160,+3.48,+28.087, +9.452,+0.980
1631768220,+3.48,+28.087, +9.416,+0.981
1631768280,+3.48,+28.087, +9.314,+0.980
1631768340,+3.48,+28.087, +9.269,+0.982
1631768400,+3.48,+28.079, +9.182,+0.981
1631768460,+3.48,+28.070, +9.093,+0.981
1631768520,+3.48,+28.036, +8.985,+0.980
1631768580,+3.48,+28.053, +8.874,+0.980
1631768640,+3.48,+28.045, +8.714,+0.979
1631768700,+3.48,+28.053, +8.580,+0.980
1631768760,+3.48,+28.011, +8.487,+0.979
1631768820,+3.48,+28.019, +8.426,+0.980
1631768880,+3.48,+27.994, +8.338,+0.979
1631768940,+3.48,+27.994, +8.262,+0.980
1631769000,+3.48,+28.002, +8.145,+0.980
1631769060,+3.48,+27.994, +8.020,+0.980
1631769120,+3.48,+27.977, +7.912,+0.979
1631769180,+3.48,+27.977, +7.851,+0.979
1631769240,+3.48,+27.985, +7.775,+0.980
1631769300,+3.48,+27.985, +7.742,+0.979
1631769360,+3.48,+27.968, +7.713,+0.979
1631769420,+3.48,+27.943, +7.694,+0.980
1631769480,+3.48,+27.934, +7.655,+0.980
1631769540,+3.48,+27.951, +7.617,+0.979
1631769600,+3.48,+27.943, +7.584,+0.979
1631769660,+3.48,+27.934, +7.557,+0.979
1631769720,+3.48,+27.925, +7.507,+0.978
1631769780,+3.48,+27.925, +7.473,+0.979
1631769840,+3.48,+27.908, +7.436,+0.979
1631769900,+3.48,+27.900, +7.405,+0.979
1631769960,+3.48,+27.917, +7.369,+0.979
1631770020,+3.48,+27.883, +7.351,+0.979
1631770080,+3.48,+27.883, +7.301,+0.978
1631770140,+3.48,+27.883, +7.257,+0.979
1631770200,+3.48,+27.866, +7.213,+0.979
1631770260,+3.48,+27.883, +7.160,+0.978
1631770320,+3.48,+27.866, +7.217,+0.979
1631770380,+3.48,+27.832, +7.373,+0.979
1631770440,+3.48,+27.840, +7.499,+0.979
1631770500,+3.48,+27.849, +7.592,+0.979
1631770560,+3.48,+27.840, +7.624,+0.979
1631770620,+3.48,+27.823, +7.605,+0.979
1631770680,+3.48,+27.806, +7.533,+0.978
1631770740,+3.48,+27.815, +7.461,+0.978
1631770800,+3.48,+27.798, +7.376,+0.978
1631770860,+3.48,+27.798, +7.305,+0.977
1631770920,+3.48,+27.798, +7.223,+0.977
1631770980,+3.48,+27.798, +7.152,+0.976
1631771040,+3.48,+27.772, +7.057,+0.976
1631771100,+3.48,+27.781, +6.958,+0.976
1631771160,+3.48,+27.755, +6.876,+0.976
1631771220,+3.48,+27.755, +6.819,+0.977
1631771280,+3.48,+27.772, +6.754,+0.977
1631771340,+3.48,+27.738, +6.706,+0.977
1631771400,+3.48,+27.747, +6.657,+0.976
1631771460,+3.48,+27.747, +6.645,+0.977
1631771520,+3.48,+27.730, +6.625,+0.977
1631771580,+3.48,+27.721, +6.598,+0.977
1631771640,+3.48,+27.721, +6.557,+0.977
1631771700,+3.48,+27.696, +6.509,+0.978
1631771760,+3.48,+27.704, +6.456,+0.977
1631771820,+3.48,+27.704, +6.414,+0.976
1631771880,+3.48,+27.713, +6.350,+0.975
1631771940,+3.48,+27.696, +6.307,+0.974
1631772000,+3.48,+27.678, +6.275,+0.973
1631772060,+3.48,+27.678, +6.267,+0.974
1631772120,+3.48,+27.687, +6.237,+0.973
1631772180,+3.48,+27.678, +6.215,+0.972
1631772240,+3.48,+27.670, +6.183,+0.972
1631772300,+3.48,+27.661, +6.157,+0.971
1631772360,+3.48,+27.653, +6.116,+0.970
1631772420,+3.48,+27.653, +6.075,+0.971
1631772480,+3.48,+27.644, +6.010,+0.972
1631772540,+3.48,+27.644, +5.939,+0.972
1631772600,+3.48,+27.644, +5.864,+0.973
1631772660,+3.48,+27.627, +5.785,+0.972
1631772720,+3.48,+27.627, +5.692,+0.972
1631772780,+3.48,+27.627, +5.616,+0.971
1631772840,+3.48,+27.627, +5.574,+0.971
1631772900,+3.48,+27.619, +5.555,+0.971
1631772960,+3.48,+27.610, +5.508,+0.970
1631773020,+3.48,+27.602, +5.478,+0.970
1631773080,+3.48,+27.593, +5.471,+0.970
1631773140,+3.48,+27.576, +5.447,+0.970
1631773200,+3.48,+27.602, +5.416,+0.970
1631773260,+3.48,+27.585, +5.383,+0.970
1631773320,+3.48,+27.576, +5.368,+0.970
1631773380,+3.48,+27.593, +5.352,+0.970
1631773440,+3.48,+27.576, +5.258,+0.969
1631773500,+3.48,+27.576, +5.134,+0.969
1631773560,+3.48,+27.568, +5.108,+0.970
1631773620,+3.48,+27.576, +5.072,+0.970
1631773680,+3.48,+27.576, +4.990,+0.969
1631773740,+3.48,+27.559, +4.940,+0.969
1631773800,+3.48,+27.551, +4.894,+0.970
1631773860,+3.48,+27.551, +4.885,+0.970
1631773920,+3.48,+27.551, +4.871,+0.969
1631773980,+3.48,+27.542, +4.853,+0.969
1631774040,+3.48,+27.542, +4.831,+0.969
1631774100,+3.48,+27.534, +4.788,+0.968
1631774160,+3.48,+27.525, +4.768,+0.967
1631774220,+3.48,+27.517, +4.737,+0.966
1631774280,+3.48,+27.500, +4.736,+0.966
1631774340,+3.48,+27.517, +4.732,+0.966
1631774400,+3.48,+27.508, +4.713,+0.965
1631774460,+3.48,+27.500, +4.721,+0.965
1631774520,+3.48,+27.500, +4.729,+0.966
1631774580,+3.48,+27.474, +4.723,+0.965
1631774640,+3.48,+27.483, +4.787,+0.965
1631774700,+3.48,+27.491, +4.850,+0.965
1631774760,+3.48,+27.474, +4.911,+0.966
1631774820,+3.48,+27.474, +4.963,+0.966
1631774880,+3.48,+27.466, +5.011,+0.966
1631774940,+3.48,+27.440, +5.051,+0.966
1631775000,+3.48,+27.432, +5.056,+0.966
1631775060,+3.48,+27.440, +5.054,+0.967
1631775120,+3.48,+27.440, +5.034,+0.967
1631775180,+3.48,+27.423, +5.028,+0.966
1631775240,+3.48,+27.432, +5.020,+0.967
1631775300,+3.48,+27.423, +4.996,+0.967
1631775360,+3.48,+27.423, +4.967,+0.966
1631775420,+3.48,+27.423, +4.957,+0.966
1631775480,+3.48,+27.406, +4.943,+0.965
1631775540,+3.48,+27.398, +4.967,+0.965
1631775600,+3.48,+27.398, +4.984,+0.965
1631775660,+3.48,+27.381, +4.997,+0.965
1631775720,+3.48,+27.381, +5.016,+0.965
1631775780,+3.48,+27.389, +5.030,+0.966
1631775840,+3.48,+27.372, +5.018,+0.967
1631775900,+3.48,+27.355, +5.031,+0.967
1631775960,+3.48,+27.347, +5.039,+0.968
1631776020,+3.48,+27.355, +4.978,+0.968
1631776080,+3.48,+27.347, +4.934,+0.968
1631776140,+3.48,+27.338, +4.903,+0.969
1631776200,+3.48,+27.338, +4.884,+0.970
1631776260,+3.48,+27.338, +4.884,+0.970
1631776320,+3.48,+27.338, +4.890,+0.972
1631776380,+3.48,+27.321, +4.889,+0.972
1631776440,+3.48,+27.313, +4.889,+0.972
1631776500,+3.48,+27.313, +4.889,+0.972
1631776560,+3.48,+27.304, +4.911,+0.974
1631776620,+3.48,+27.304, +4.904,+0.975
1631776680,+3.48,+27.304, +4.847,+0.975
1631776740,+3.48,+27.296, +4.760,+0.975
1631776800,+3.48,+27.279, +4.685,+0.974
1631776860,+3.48,+27.279, +4.634,+0.974
1631776920,+3.48,+27.262, +4.591,+0.974
1631776980,+3.48,+27.279, +4.546,+0.974
1631777040,+3.48,+27.270, +4.517,+0.974
1631777100,+3.48,+27.262, +4.492,+0.975
1631777160,+3.48,+27.253, +4.471,+0.975
1631777220,+3.48,+27.262, +4.454,+0.975
1631777280,+3.48,+27.245, +4.440,+0.976
1631777340,+3.48,+27.228, +4.417,+0.976
1631777400,+3.48,+27.245, +4.412,+0.975
1631777460,+3.48,+27.236, +4.381,+0.974
1631777520,+3.48,+27.245, +4.349,+0.973
1631777580,+3.48,+27.236, +4.309,+0.973
1631777640,+3.48,+27.211, +4.249,+0.972
1631777700,+3.48,+27.219, +4.156,+0.972
1631777760,+3.48,+27.219, +4.073,+0.971
1631777820,+3.48,+27.211, +4.018,+0.970
1631777880,+3.48,+27.211, +3.969,+0.969
1631777940,+3.48,+27.202, +3.922,+0.969
1631778000,+3.48,+27.186, +3.907,+0.969
1631778060,+3.48,+27.186, +3.868,+0.969
1631778120,+3.48,+27.177, +3.814,+0.968
1631778180,+3.48,+27.177, +3.751,+0.966
1631778240,+3.48,+27.169, +3.688,+0.966
1631778300,+3.48,+27.169, +3.581,+0.965
1631778360,+3.48,+27.177, +3.498,+0.965
1631778420,+3.48,+27.160, +3.412,+0.965
1631778480,+3.48,+27.160, +3.313,+0.966
1631778540,+3.48,+27.152, +3.218,+0.965
1631778600,+3.48,+27.135, +3.143,+0.965
1631778660,+3.48,+27.152, +3.081,+0.965
1631778720,+3.48,+27.143, +3.021,+0.965
1631778780,+3.48,+27.126, +2.932,+0.966
1631778840,+3.48,+27.118, +2.849,+0.966
1631778900,+3.48,+27.135, +2.889,+0.967
1631778960,+3.48,+27.126, +2.973,+0.966
1631779020,+3.48,+27.101, +3.075,+0.966
1631779080,+3.48,+27.101, +3.093,+0.965
1631779140,+3.48,+27.101, +3.031,+0.967
1631779200,+3.48,+27.092, +2.953,+0.967
1631779260,+3.48,+27.075, +3.028,+0.967
1631779320,+3.48,+27.075, +3.112,+0.968
1631779380,+3.48,+27.084, +3.177,+0.968
1631779440,+3.48,+27.067, +3.252,+0.967
1631779500,+3.48,+27.075, +3.240,+0.967
1631779560,+3.48,+27.067, +3.186,+0.968
1631779620,+3.48,+27.067, +3.117,+0.966
1631779680,+3.48,+27.050, +3.075,+0.964
1631779740,+3.48,+27.050, +3.041,+0.962
1631779800,+3.48,+27.024, +3.071,+0.961
1631779860,+3.48,+27.024, +3.158,+0.962
1631779920,+3.48,+27.033, +3.256,+0.963
1631779980,+3.48,+27.016, +3.320,+0.964
1631780040,+3.48,+27.016, +3.283,+0.964
1631780100,+3.48,+27.007, +3.208,+0.963
1631780160,+3.48,+26.999, +3.168,+0.961
1631780220,+3.48,+26.990, +3.143,+0.959
1631780280,+3.48,+26.999, +3.056,+0.958
1631780340,+3.48,+26.982, +2.940,+0.957
1631780400,+3.48,+26.982, +2.809,+0.956
1631780460,+3.48,+26.982, +2.700,+0.957
1631780520,+3.48,+26.965, +2.626,+0.957
1631780580,+3.48,+26.973, +2.543,+0.957
1631780640,+3.48,+26.965, +2.498,+0.956
1631780700,+3.48,+26.965, +2.447,+0.956
1631780760,+3.48,+26.939, +2.378,+0.955
1631780820,+3.48,+26.965, +2.304,+0.954
1631780880,+3.48,+26.948, +2.240,+0.954
1631780940,+3.48,+26.956, +2.176,+0.955
1631781000,+3.48,+26.931, +2.102,+0.956
1631781060,+3.48,+26.931, +2.020,+0.956
1631781120,+3.48,+26.931, +1.956,+0.958
1631781180,+3.48,+26.914, +1.922,+0.959
1631781240,+3.48,+26.914, +1.911,+0.960
1631781300,+3.48,+26.923, +1.916,+0.959
1631781360,+3.48,+26.931, +1.897,+0.958
1631781420,+3.48,+26.906, +1.872,+0.958
1631781480,+3.48,+26.906, +1.829,+0.958
1631781540,+3.48,+26.914, +1.776,+0.960
1631781600,+3.48,+26.897, +1.719,+0.961
1631781660,+3.48,+26.897, +1.664,+0.961
1631781720,+3.48,+26.897, +1.637,+0.961
1631781780,+3.48,+26.889, +1.611,+0.960
1631781840,+3.48,+26.889, +1.591,+0.959
1631781900,+3.48,+26.880, +1.569,+0.960
1631781960,+3.48,+26.880, +1.546,+0.960
1631782020,+3.48,+26.872, +1.521,+0.960
1631782080,+3.48,+26.863, +1.472,+0.960
1631782140,+3.48,+26.863, +1.428,+0.959
1631782200,+3.48,+26.855, +1.375,+0.958
1631782260,+3.48,+26.855, +1.332,+0.957
1631782320,+3.48,+26.872, +1.283,+0.956
1631782380,+3.48,+26.838, +1.222,+0.955
1631782440,+3.48,+26.838, +1.164,+0.955
1631782500,+3.48,+26.821, +1.111,+0.955
1631782560,+3.48,+26.812, +1.059,+0.956
1631782620,+3.48,+26.812, +1.020,+0.957
1631782680,+3.48,+26.812, +0.991,+0.957
1631782740,+3.48,+26.821, +0.977,+0.957
1631782800,+3.48,+26.804, +0.931,+0.956
1631782860,+3.48,+26.812, +0.921,+0.955
1631782920,+3.48,+26.787, +0.927,+0.956
1631782980,+3.48,+26.795, +0.923,+0.957
1631783040,+3.48,+26.812, +0.924,+0.957
1631783100,+3.48,+26.795, +0.910,+0.958
1631783160,+3.48,+26.787, +0.896,+0.957
1631783220,+3.48,+26.778, +0.877,+0.957
1631783280,+3.48,+26.762, +0.849,+0.957
1631783340,+3.48,+26.762, +0.832,+0.957
1631783400,+3.48,+26.795, +0.816,+0.957
1631783460,+3.48,+26.770, +0.802,+0.956
1631783520,+3.48,+26.770, +0.775,+0.955
1631783580,+3.48,+26.745, +0.761,+0.954
1631783640,+3.48,+26.753, +0.760,+0.954
1631783700,+3.48,+26.753, +0.758,+0.954
1631783760,+3.48,+26.745, +0.728,+0.955
1631783820,+3.48,+26.736, +0.697,+0.956
1631783880,+3.48,+26.736, +0.651,+0.956
1631783940,+3.48,+26.736, +0.615,+0.957
1631784000,+3.48,+26.728, +0.588,+0.958
1631784060,+3.48,+26.728, +0.560,+0.958
1631784120,+3.48,+26.711, +0.557,+0.958
1631784180,+3.48,+26.711, +0.558,+0.958
1631784240,+3.48,+26.702, +0.534,+0.957
1631784300,+3.48,+26.719, +0.514,+0.957
1631784360,+3.48,+26.677, +0.498,+0.957
1631784420,+3.48,+26.677, +0.480,+0.957
1631784480,+3.48,+26.685, +0.452,+0.957
1631784540,+3.48,+26.685, +0.434,+0.957
1631784600,+3.48,+26.668, +0.423,+0.956
1631784660,+3.48,+26.677, +0.413,+0.955
1631784720,+3.48,+26.694, +0.405,+0.956
1631784780,+3.48,+26.677, +0.395,+0.956
1631784840,+3.48,+26.660, +0.397,+0.956
1631784900,+3.48,+26.668, +0.396,+0.957
1631784960,+3.48,+26.651, +0.390,+0.957
1631785020,+3.48,+26.651, +0.381,+0.957
1631785080,+3.48,+26.651, +0.379,+0.957
1631785140,+3.48,+26.634, +0.377,+0.957
1631785200,+3.48,+26.643, +0.381,+0.957
1631785260,+3.48,+26.634, +0.374,+0.958
1631785320,+3.48,+26.626, +0.377,+0.958
1631785380,+3.48,+26.618, +0.387,+0.959
1631785440,+3.48,+26.626, +0.398,+0.959
1631785500,+3.48,+26.626, +0.397,+0.960
1631785560,+3.48,+26.618, +0.384,+0.960
1631785620,+3.48,+26.609, +0.357,+0.961
1631785680,+3.48,+26.592, +0.331,+0.960
1631785740,+3.48,+26.592, +0.310,+0.960
1631785800,+3.48,+26.609, +0.290,+0.960
1631785860,+3.48,+26.575, +0.274,+0.960
1631785920,+3.48,+26.575, +0.249,+0.961
1631785980,+3.48,+26.575, +0.222,+0.961
1631786040,+3.48,+26.584, +0.209,+0.962
1631786100,+3.48,+26.584, +0.202,+0.962
1631786160,+3.48,+26.558, +0.208,+0.962
1631786220,+3.48,+26.567, +0.221,+0.962
1631786280,+3.48,+26.567, +0.237,+0.962
1631786340,+3.48,+26.567, +0.251,+0.961
1631786400,+3.48,+26.558, +0.266,+0.960
1631786460,+3.48,+26.541, +0.274,+0.960
1631786520,+3.48,+26.550, +0.275,+0.960
1631786580,+3.48,+26.550, +0.272,+0.961
1631786640,+3.48,+26.524, +0.253,+0.961
1631786700,+3.48,+26.533, +0.230,+0.962
1631786760,+3.48,+26.508, +0.224,+0.962
1631786820,+3.48,+26.541, +0.221,+0.962
1631786880,+3.48,+26.516, +0.223,+0.962
1631786940,+3.48,+26.524, +0.207,+0.962
1631787000,+3.48,+26.508, +0.193,+0.963
1631787060,+3.48,+26.516, +0.180,+0.963
1631787120,+3.48,+26.499, +0.174,+0.963
1631787180,+3.48,+26.499, +0.168,+0.963
1631787240,+3.48,+26.482, +0.157,+0.963
1631787300,+3.48,+26.482, +0.137,+0.963
1631787360,+3.48,+26.482, +0.123,+0.964
1631787420,+3.48,+26.474, +0.112,+0.964
1631787480,+3.48,+26.482, +0.102,+0.964
1631787540,+3.48,+26.482, +0.097,+0.964
1631787600,+3.48,+26.474, +0.098,+0.964
1631787660,+3.48,+26.474, +0.096,+0.964
1631787720,+3.47,+26.465, +0.096,+0.964
1631787780,+3.47,+26.448, +0.093,+0.964
1631787840,+3.47,+26.457, +0.090,+0.964
1631787900,+3.47,+26.440, +0.085,+0.964
1631787960,+3.47,+26.448, +0.081,+0.964
1631788020,+3.47,+26.440, +0.078,+0.964
1631788080,+3.47,+26.431, +0.080,+0.964
1631788140,+3.47,+26.431, +0.085,+0.964
1631788200,+3.47,+26.406, +0.088,+0.964
1631788260,+3.47,+26.414, +0.090,+0.964
1631788320,+3.47,+26.406, +0.094,+0.964
1631788380,+3.47,+26.406, +0.096,+0.964
1631788440,+3.47,+26.414, +0.093,+0.964
1631788500,+3.47,+26.406, +0.095,+0.964
1631788560,+3.47,+26.406, +0.099,+0.964
1631788620,+3.47,+26.406, +0.102,+0.964
1631788680,+3.47,+26.398, +0.109,+0.964
1631788740,+3.47,+26.398, +0.120,+0.963
1631788800,+3.47,+26.406, +0.127,+0.963
1631788860,+3.47,+26.406, +0.128,+0.963
1631788920,+3.47,+26.389, +0.126,+0.963
1631788980,+3.47,+26.372, +0.126,+0.964
1631789040,+3.47,+26.389, +0.124,+0.964
1631789100,+3.47,+26.372, +0.125,+0.964
1631789160,+3.47,+26.372, +0.129,+0.964
1631789220,+3.47,+26.372, +0.134,+0.963
1631789280,+3.47,+26.355, +0.139,+0.963
1631789340,+3.47,+26.330, +0.140,+0.962
1631789400,+3.47,+26.355, +0.138,+0.963
1631789460,+3.47,+26.330, +0.135,+0.963
1631789520,+3.47,+26.338, +0.133,+0.963
1631789580,+3.47,+26.330, +0.133,+0.963
1631789640,+3.47,+26.330, +0.128,+0.964
1631789700,+3.47,+26.321, +0.121,+0.964
1631789760,+3.47,+26.330, +0.118,+0.964
1631789820,+3.47,+26.313, +0.126,+0.964
1631789880,+3.47,+26.321, +0.137,+0.964
1631789940,+3.47,+26.305, +0.147,+0.964
1631790000,+3.47,+26.313, +0.159,+0.964
1631790060,+3.47,+26.321, +0.170,+0.963
1631790120,+3.47,+26.313, +0.178,+0.963
1631790180,+3.47,+26.305, +0.184,+0.963
1631790240,+3.47,+26.288, +0.187,+0.963
1631790300,+3.47,+26.296, +0.184,+0.964
1631790360,+3.47,+26.296, +0.177,+0.964
1631790420,+3.47,+26.288, +0.163,+0.965
1631790480,+3.47,+26.279, +0.144,+0.965
1631790540,+3.47,+26.262, +0.125,+0.965
1631790600,+3.47,+26.271, +0.107,+0.965
1631790660,+3.47,+26.271, +0.097,+0.964
1631790720,+3.47,+26.271, +0.094,+0.964
1631790780,+3.47,+26.262, +0.102,+0.964
1631790840,+3.47,+26.254, +0.106,+0.965
1631790900,+3.47,+26.237, +0.114,+0.965
1631790960,+3.47,+26.245, +0.131,+0.965
1631791020,+3.47,+26.229, +0.134,+0.965
1631791080,+3.47,+26.237, +0.122,+0.965
1631791140,+3.47,+26.229, +0.125,+0.965
1631791200,+3.47,+26.229, +0.124,+0.965
1631791260,+3.47,+26.220, +0.116,+0.965
1631791320,+3.47,+26.220, +0.107,+0.965
1631791380,+3.47,+26.229, +0.102,+0.965
1631791440,+3.47,+26.220, +0.096,+0.965
1631791500,+3.47,+26.203, +0.095,+0.965
1631791560,+3.47,+26.195, +0.100,+0.964
1631791620,+3.47,+26.195, +0.100,+0.965
1631791680,+3.47,+26.195, +0.099,+0.965
1631791740,+3.47,+26.195, +0.104,+0.964
1631791800,+3.47,+26.178, +0.111,+0.964
1631791860,+3.47,+26.195, +0.127,+0.963
1631791920,+3.47,+26.186, +0.145,+0.963
1631791980,+3.47,+26.178, +0.153,+0.962
1631792040,+3.47,+26.186, +0.152,+0.962
1631792100,+3.47,+26.169, +0.144,+0.962
1631792160,+3.47,+26.178, +0.140,+0.963
1631792220,+3.47,+26.161, +0.138,+0.963
1631792280,+3.47,+26.178, +0.134,+0.964
1631792340,+3.47,+26.178, +0.125,+0.964
1631792400,+3.47,+26.161, +0.117,+0.964
1631792460,+3.47,+26.169, +0.115,+0.964
1631792520,+3.47,+26.161, +0.108,+0.964
1631792580,+3.47,+26.169, +0.100,+0.964
1631792640,+3.47,+26.144, +0.092,+0.965
1631792700,+3.47,+26.152, +0.089,+0.965
1631792760,+3.47,+26.152, +0.095,+0.965
1631792820,+3.47,+26.152, +0.100,+0.965
1631792880,+3.47,+26.144, +0.096,+0.965
1631792940,+3.47,+26.144, +0.095,+0.965
1631793000,+3.47,+26.119, +0.092,+0.965
1631793060,+3.47,+26.119, +0.097,+0.965
1631793120,+3.47,+26.119, +0.093,+0.965
1631793180,+3.47,+26.136, +0.090,+0.965
1631793240,+3.47,+26.119, +0.091,+0.965
1631793300,+3.47,+26.110, +0.092,+0.965
1631793360,+3.47,+26.110, +0.090,+0.965
1631793420,+3.47,+26.119, +0.087,+0.965
1631793480,+3.47,+26.102, +0.091,+0.965
1631793540,+3.47,+26.110, +0.097,+0.965
1631793600,+3.47,+26.102, +0.097,+0.965
1631793660,+3.47,+26.102, +0.097,+0.965
1631793720,+3.47,+26.110, +0.098,+0.965
1631793780,+3.47,+26.093, +0.097,+0.965
1631793840,+3.47,+26.093, +0.097,+0.964
1631793900,+3.47,+26.093, +0.100,+0.964
1631793960,+3.47,+26.076, +0.109,+0.964
1631794020,+3.47,+26.076, +0.121,+0.964
1631794080,+3.48,+26.076, +0.134,+0.964
1631794140,+3.48,+26.051, +0.128,+0.964
1631794200,+3.47,+26.060, +0.122,+0.964
1631794260,+3.48,+26.060, +0.127,+0.964
1631794320,+3.47,+26.060, +0.136,+0.963
1631794380,+3.47,+26.043, +0.167,+0.961
1631794440,+3.48,+26.043, +0.195,+0.958
1631794500,+3.48,+26.043, +0.208,+0.958
1631794560,+3.48,+26.034, +0.208,+0.959
1631794620,+3.48,+26.017, +0.209,+0.961
1631794680,+3.47,+26.034, +0.200,+0.962
1631794740,+3.48,+26.017, +0.185,+0.963
1631794800,+3.48,+26.009, +0.172,+0.964
1631794860,+3.47,+26.026, +0.163,+0.965
1631794920,+3.48,+26.009, +0.164,+0.965
1631794980,+3.48,+25.992, +0.175,+0.966
1631795040,+3.48,+25.992, +0.194,+0.966
1631795100,+3.48,+26.000, +0.200,+0.966
1631795160,+3.48,+26.000, +0.206,+0.966
1631795220,+3.48,+25.984, +0.216,+0.966
1631795280,+3.48,+25.992, +0.222,+0.966
1631795340,+3.47,+26.000, +0.224,+0.966
1631795400,+3.48,+25.975, +0.226,+0.966
1631795460,+3.48,+25.992, +0.225,+0.966
1631795520,+3.47,+25.984, +0.223,+0.966
1631795580,+3.48,+25.984, +0.217,+0.966
1631795640,+3.48,+25.984, +0.213,+0.966
1631795700,+3.48,+26.000, +0.198,+0.966
1631795760,+3.47,+25.975, +0.189,+0.966
1631795820,+3.47,+25.984, +0.193,+0.966
1631795880,+3.48,+25.975, +0.197,+0.966
1631795940,+3.48,+25.975, +0.203,+0.966
1631796000,+3.48,+25.967, +0.264,+0.967
1631796060,+3.48,+25.975, +0.516,+0.968
1631796120,+3.48,+25.958, +0.693,+0.969
1631796180,+3.48,+25.958, +0.797,+0.970
1631796240,+3.48,+25.975, +0.862,+0.970
1631796300,+3.48,+25.958, +0.901,+0.971
1631796360,+3.48,+25.950, +0.892,+0.972
1631796420,+3.48,+25.950, +0.851,+0.973
1631796480,+3.48,+25.958, +0.816,+0.973
1631796540,+3.48,+25.941, +0.796,+0.973
1631796600,+3.48,+25.958, +0.761,+0.973
1631796660,+3.48,+25.950, +0.721,+0.973
1631796720,+3.48,+25.958, +0.676,+0.972
1631796780,+3.48,+25.950, +0.631,+0.972
1631796840,+3.47,+25.958, +0.576,+0.970
1631796900,+3.48,+25.933, +0.525,+0.970
1631796960,+3.48,+25.941, +0.486,+0.969
1631797020,+3.48,+25.941, +0.464,+0.969
1631797080,+3.48,+25.908, +0.439,+0.969
1631797140,+3.48,+25.933, +0.424,+0.969
1631797200,+3.48,+25.924, +0.414,+0.969
1631797260,+3.48,+25.916, +0.403,+0.969
1631797320,+3.48,+25.916, +0.376,+0.968
1631797380,+3.48,+25.899, +0.403,+0.968
1631797440,+3.48,+25.908, +0.505,+0.969
1631797500,+3.48,+25.899, +0.607,+0.970
1631797560,+3.48,+25.924, +0.679,+0.971
1631797620,+3.48,+25.908, +0.719,+0.972
1631797680,+3.48,+25.908, +0.729,+0.972
1631797740,+3.47,+25.908, +0.728,+0.972
1631797800,+3.48,+25.899, +0.724,+0.971
1631797860,+3.48,+25.891, +0.769,+0.971
1631797920,+3.48,+25.899, +0.879,+0.971
1631797980,+3.48,+25.899, +0.994,+0.971
1631798040,+3.48,+25.908, +1.093,+0.972
1631798100,+3.48,+25.899, +1.196,+0.973
1631798160,+3.48,+25.891, +1.287,+0.974
1631798220,+3.48,+25.891, +2.162,+0.981
1631798280,+3.48,+25.916, +2.709,+0.983
1631798340,+3.48,+25.899, +2.961,+0.983
1631798400,+3.47,+25.899, +3.215,+0.983
1631798460,+3.48,+25.899, +3.489,+0.983
1631798520,+3.48,+25.891, +3.764,+0.982
1631798580,+3.48,+25.891, +4.027,+0.982
1631798640,+3.48,+25.891, +4.251,+0.983
1631798700,+3.48,+25.899, +4.445,+0.982
1631798760,+3.48,+25.916, +4.638,+0.982
1631798820,+3.48,+25.899, +4.812,+0.983
1631798880,+3.48,+25.916, +5.003,+0.983
1631798940,+3.48,+25.908, +5.202,+0.983
1631799000,+3.47,+25.924, +5.399,+0.982
1631799060,+3.47,+25.933, +5.600,+0.982
1631799120,+3.47,+25.941, +5.845,+0.982
1631799180,+3.47,+25.916, +6.088,+0.982
1631799240,+3.47,+25.933, +6.341,+0.982
1631799300,+3.47,+25.950, +6.618,+0.983
1631799360,+3.47,+25.958, +6.914,+0.982
1631799420,+3.47,+25.967, +7.215,+0.982
1631799480,+3.47,+25.950, +7.641,+0.982
1631799540,+3.47,+25.975, +8.081,+0.982
1631799600,+3.47,+25.967, +8.561,+0.982
1631799660,+3.47,+25.975, +8.987,+0.981
1631799720,+3.47,+25.975, +9.452,+0.982
1631799780,+3.47,+25.992, +9.673,+0.981
1631799840,+3.47,+26.000, +9.832,+0.982
1631799900,+3.47,+25.984,+10.110,+0.982
1631799960,+3.47,+25.984,+10.440,+0.981
1631800020,+3.47,+25.984,+10.766,+0.981
1631800080,+3.47,+25.992,+11.083,+0.982
1631800140,+3.47,+25.992,+11.380,+0.982
1631800200,+3.47,+26.000,+11.681,+0.982
1631800260,+3.47,+26.017,+11.997,+0.982
1631800320,+3.47,+26.026,+12.380,+0.983
1631800380,+3.47,+26.017,+12.750,+0.984
1631800440,+3.47,+26.017,+13.200,+0.983
1631800500,+3.47,+26.026,+13.704,+0.983
1631800560,+3.47,+26.017,+14.220,+0.984
1631800620,+3.47,+26.017,+14.726,+0.985
1631800680,+3.47,+26.051,+15.135,+0.986
1631800740,+3.47,+26.043,+15.579,+0.985
1631800800,+3.47,+26.051,+15.957,+0.983
1631800860,+3.47,+26.060,+16.256,+0.984
1631800920,+3.47,+26.060,+16.437,+0.984
1631800980,+3.47,+26.076,+16.483,+0.983
1631801040,+3.47,+26.060,+16.530,+0.983
1631801100,+3.47,+26.076,+16.589,+0.982
1631801160,+3.47,+26.093,+16.805,+0.983
1631801220,+3.47,+26.093,+17.192,+0.983
1631801280,+3.47,+26.085,+17.650,+0.984
1631801340,+3.47,+26.102,+18.140,+0.984
1631801400,+3.47,+26.110,+18.622,+0.984
1631801460,+3.47,+26.102,+19.147,+0.984
1631801520,+3.47,+26.127,+19.635,+0.985
1631801580,+3.47,+26.136,+20.077,+0.985
1631801640,+3.47,+26.152,+20.411,+0.984
1631801700,+3.47,+26.136,+20.826,+0.987
1631801760,+3.47,+26.152,+20.896,+0.985
1631801820,+3.47,+26.136,+20.352,+0.984
1631801880,+3.47,+26.136,+19.782,+0.982
1631801940,+3.47,+26.161,+19.537,+0.981
1631802000,+3.47,+26.161,+19.652,+0.984
1631802060,+3.47,+26.144,+19.822,+0.985
1631802120,+3.47,+26.152,+19.610,+0.983
1631802180,+3.47,+26.136,+19.017,+0.984
1631802240,+3.47,+26.144,+18.324,+0.984
1631802300,+3.47,+26.127,+17.904,+0.981
1631802360,+3.47,+26.152,+17.832,+0.983
1631802420,+3.47,+26.152,+17.867,+0.983
1631802480,+3.47,+26.152,+18.050,+0.983
1631802540,+3.47,+26.169,+18.368,+0.983
1631802600,+3.47,+26.169,+18.850,+0.983
1631802660,+3.47,+26.178,+19.510,+0.984
1631802720,+3.47,+26.195,+20.177,+0.985
1631802780,+3.47,+26.178,+20.578,+0.984
1631802840,+3.47,+26.195,+20.900,+0.986
1631802900,+3.47,+26.195,+21.217,+0.984
1631802960,+3.47,+26.220,+21.658,+0.984
1631803020,+3.47,+26.212,+22.244,+0.985
1631803080,+3.47,+26.220,+22.749,+0.985
1631803140,+3.47,+26.212,+23.321,+0.985
1631803200,+3.47,+26.229,+23.867,+0.987
1631803260,+3.47,+26.220,+24.222,+0.985
1631803320,+3.47,+26.262,+24.734,+0.988
1631803380,+3.47,+26.237,+25.079,+0.986
1631803440,+3.47,+26.254,+25.320,+0.988
1631803500,+3.47,+26.254,+25.373,+0.987
1631803560,+3.47,+26.254,+25.425,+0.986
1631803620,+3.47,+26.271,+25.076,+0.982
1631803680,+3.47,+26.262,+24.452,+0.985
1631803740,+3.47,+26.279,+23.911,+0.982
1631803800,+3.47,+26.305,+23.816,+0.984
1631803860,+3.47,+26.296,+23.789,+0.983
1631803920,+3.47,+26.305,+24.034,+0.983
1631803980,+3.47,+26.313,+24.375,+0.984
1631804040,+3.47,+26.313,+24.676,+0.984
1631804100,+3.47,+26.338,+24.843,+0.985
1631804160,+3.47,+26.338,+24.484,+0.983
1631804220,+3.47,+26.347,+23.735,+0.984
1631804280,+3.47,+26.355,+23.101,+0.983
1631804340,+3.47,+26.398,+22.698,+0.983
1631804400,+3.47,+26.398,+22.581,+0.983
1631804460,+3.47,+26.423,+22.546,+0.981
1631804520,+3.47,+26.440,+22.799,+0.981
1631804580,+3.47,+26.465,+23.395,+0.984
1631804640,+3.47,+26.465,+23.876,+0.983
1631804700,+3.47,+26.491,+24.258,+0.984
1631804760,+3.47,+26.482,+24.614,+0.985
1631804820,+3.47,+26.516,+24.882,+0.983
1631804880,+3.47,+26.524,+25.198,+0.984
1631804940,+3.47,+26.533,+25.271,+0.983
1631805000,+3.47,+26.524,+24.602,+0.986
1631805060,+3.47,+26.541,+23.642,+0.983
1631805120,+3.47,+26.541,+23.192,+0.980
1631805180,+3.47,+26.558,+22.640,+0.978
1631805240,+3.47,+26.575,+22.255,+0.982
1631805300,+3.47,+26.567,+20.966,+0.980
1631805360,+3.47,+26.567,+20.140,+0.981
1631805420,+3.48,+26.584,+19.678,+0.981
1631805480,+3.47,+26.601,+19.534,+0.981
1631805540,+3.48,+26.626,+19.720,+0.982
1631805600,+3.47,+26.651,+20.089,+0.982
1631805660,+3.47,+26.660,+20.681,+0.983
1631805720,+3.47,+26.685,+21.142,+0.982
1631805780,+3.47,+26.677,+21.152,+0.983
1631805840,+3.47,+26.702,+21.145,+0.981
1631805900,+3.47,+26.728,+21.373,+0.982
1631805960,+3.47,+26.753,+21.723,+0.981
1631806020,+3.47,+26.745,+22.231,+0.983
1631806080,+3.47,+26.762,+22.807,+0.985
1631806140,+3.47,+26.787,+23.196,+0.982
1631806200,+3.47,+26.804,+23.599,+0.984
1631806260,+3.47,+26.795,+23.795,+0.980
1631806320,+3.47,+26.804,+24.226,+0.982
1631806380,+3.47,+26.821,+24.680,+0.984
1631806440,+3.47,+26.829,+25.135,+0.984
1631806500,+3.47,+26.872,+25.760,+0.985
1631806560,+3.47,+26.863,+26.431,+0.985
1631806620,+3.47,+26.863,+27.101,+0.985
1631806680,+3.47,+26.897,+27.652,+0.986
1631806740,+3.47,+26.897,+28.131,+0.986
1631806800,+3.47,+26.931,+28.270,+0.984
1631806860,+3.47,+26.923,+28.614,+0.986
1631806920,+3.47,+26.948,+28.762,+0.986
1631806980,+3.47,+26.939,+28.993,+0.986
1631807040,+3.47,+26.965,+29.106,+0.983
1631807100,+3.47,+26.956,+29.516,+0.986
1631807160,+3.47,+26.982,+29.414,+0.985
1631807220,+3.47,+26.999,+29.156,+0.984
1631807280,+3.47,+27.007,+29.051,+0.984
1631807340,+3.47,+27.024,+29.209,+0.985
1631807400,+3.47,+27.033,+29.365,+0.986
1631807460,+3.47,+27.041,+29.714,+0.986
1631807520,+3.47,+27.067,+30.128,+0.985
1631807580,+3.47,+27.067,+30.339,+0.983
1631807640,+3.47,+27.092,+30.716,+0.987
1631807700,+3.47,+27.118,+30.756,+0.985
1631807760,+3.47,+27.143,+30.901,+0.986
1631807820,+3.47,+27.194,+30.866,+0.985
1631807880,+3.47,+27.219,+30.920,+0.983
1631807940,+3.47,+27.262,+31.084,+0.985
1631808000,+3.47,+27.287,+31.297,+0.985
1631808060,+3.47,+27.330,+31.627,+0.989
1631808120,+3.47,+27.364,+31.597,+0.987
1631808180,+3.47,+27.364,+31.760,+0.986
1631808240,+3.47,+27.406,+31.809,+0.983
1631808300,+3.47,+27.415,+32.450,+0.987
1631808360,+3.47,+27.432,+32.859,+0.986
1631808420,+3.47,+27.449,+33.412,+0.988
1631808480,+3.47,+27.466,+33.894,+0.988
1631808540,+3.47,+27.466,+34.341,+0.988
1631808600,+3.47,+27.491,+34.601,+0.987
1631808660,+3.47,+27.500,+34.670,+0.984
1631808720,+3.47,+27.500,+35.000,+0.987
1631808780,+3.47,+27.474,+34.181,+0.987
1631808840,+3.47,+27.466,+32.863,+0.984
1631808900,+3.47,+27.432,+32.284,+0.985
1631808960,+3.47,+27.432,+31.900,+0.984
1631809020,+3.47,+27.466,+31.599,+0.988
1631809080,+3.47,+27.525,+30.794,+0.981
1631809140,+3.47,+27.559,+30.667,+0.983
1631809200,+3.47,+27.568,+30.683,+0.984
1631809260,+3.47,+27.576,+30.668,+0.985
1631809320,+3.47,+27.576,+30.559,+0.982
1631809380,+3.47,+27.593,+30.836,+0.987
1631809440,+3.47,+27.568,+30.718,+0.986
1631809500,+3.47,+27.559,+30.484,+0.981
1631809560,+3.47,+27.525,+30.681,+0.985
1631809620,+3.47,+27.534,+30.881,+0.986
1631809680,+3.47,+27.559,+30.830,+0.983
1631809740,+3.47,+27.602,+31.200,+0.989
1631809800,+3.47,+27.636,+31.201,+0.988
1631809860,+3.47,+27.678,+30.910,+0.983
1631809920,+3.47,+27.713,+30.529,+0.983
1631809980,+3.47,+27.738,+30.326,+0.983
1631810040,+3.47,+27.730,+30.320,+0.983
1631810100,+3.47,+27.687,+30.872,+0.985
1631810160,+3.47,+27.678,+31.434,+0.984
1631810220,+3.47,+27.678,+31.675,+0.984
1631810280,+3.47,+27.670,+31.738,+0.986
1631810340,+3.47,+27.644,+31.694,+0.987
1631810400,+3.47,+27.636,+31.636,+0.986
1631810460,+3.47,+27.619,+31.677,+0.984
1631810520,+3.47,+27.636,+31.757,+0.985
1631810580,+3.47,+27.670,+31.271,+0.984
1631810640,+3.47,+27.738,+30.945,+0.985
1631810700,+3.47,+27.806,+30.703,+0.984
1631810760,+3.47,+27.883,+30.515,+0.982
1631810820,+3.47,+27.985,+30.418,+0.981
1631810880,+3.47,+28.062,+30.414,+0.983
1631810940,+3.47,+28.122,+30.221,+0.982
1631811000,+3.47,+28.190,+30.398,+0.986
1631811060,+3.47,+28.250,+30.175,+0.980
1631811120,+3.47,+28.301,+30.416,+0.986
1631811180,+3.47,+28.361,+30.204,+0.983
1631811240,+3.47,+28.386,+30.377,+0.983
1631811300,+3.47,+28.395,+30.852,+0.987
1631811360,+3.47,+28.369,+31.366,+0.988
1631811420,+3.47,+28.326,+32.098,+0.985
1631811480,+3.47,+28.361,+32.806,+0.986
1631811540,+3.47,+28.335,+33.238,+0.984
1631811600,+3.47,+28.241,+33.733,+0.984
1631811660,+3.47,+28.139,+34.079,+0.983
1631811720,+3.47,+28.079,+34.134,+0.984
1631811780,+3.47,+28.053,+33.610,+0.982
1631811840,+3.47,+28.053,+33.010,+0.982
1631811900,+3.47,+28.053,+32.676,+0.982
1631811960,+3.47,+28.079,+32.721,+0.986
1631812020,+3.47,+28.113,+32.582,+0.983
1631812080,+3.47,+28.147,+32.873,+0.982
1631812140,+3.47,+28.130,+33.620,+0.986
1631812200,+3.47,+28.156,+34.275,+0.986
1631812260,+3.47,+28.139,+34.473,+0.984
1631812320,+3.47,+28.156,+34.604,+0.984
1631812380,+3.47,+28.207,+34.928,+0.987
1631812440,+3.47,+28.292,+34.735,+0.984
1631812500,+3.47,+28.361,+33.465,+0.982
1631812560,+3.47,+28.429,+32.070,+0.983
1631812620,+3.47,+28.514,+31.859,+0.982
1631812680,+3.47,+28.557,+31.934,+0.984
1631812740,+3.47,+28.549,+31.934,+0.985
1631812800,+3.47,+28.480,+32.087,+0.985
1631812860,+3.47,+28.429,+32.430,+0.988
1631812920,+3.47,+28.344,+32.313,+0.984
1631812980,+3.47,+28.241,+31.712,+0.984
1631813040,+3.47,+28.173,+30.960,+0.983
1631813100,+3.47,+28.156,+30.717,+0.985
1631813160,+3.47,+28.156,+30.396,+0.981
1631813220,+3.47,+28.207,+30.526,+0.982
1631813280,+3.47,+28.250,+30.783,+0.984
1631813340,+3.47,+28.318,+31.473,+0.986
1631813400,+3.47,+28.326,+31.652,+0.985
1631813460,+3.47,+28.395,+31.148,+0.984
1631813520,+3.47,+28.472,+30.486,+0.979
1631813580,+3.47,+28.549,+30.253,+0.983
1631813640,+3.47,+28.617,+30.061,+0.981
1631813700,+3.47,+28.626,+30.204,+0.985
1631813760,+3.47,+28.600,+29.791,+0.982
1631813820,+3.47,+28.566,+29.582,+0.982
1631813880,+3.47,+28.523,+29.599,+0.981
1631813940,+3.47,+28.506,+30.117,+0.982
1631814000,+3.47,+28.514,+30.877,+0.986
1631814060,+3.47,+28.506,+31.562,+0.985
1631814120,+3.47,+28.514,+32.175,+0.985
1631814180,+3.47,+28.523,+32.740,+0.986
1631814240,+3.47,+28.506,+33.242,+0.986
1631814300,+3.47,+28.497,+33.318,+0.985
1631814360,+3.47,+28.532,+33.324,+0.985
1631814420,+3.47,+28.540,+33.381,+0.982
1631814480,+3.47,+28.540,+33.946,+0.984
1631814540,+3.47,+28.566,+34.078,+0.985
1631814600,+3.47,+28.566,+33.421,+0.985
1631814660,+3.47,+28.557,+32.672,+0.982
1631814720,+3.47,+28.583,+32.462,+0.985
1631814780,+3.47,+28.600,+32.307,+0.983
1631814840,+3.47,+28.626,+32.604,+0.985
1631814900,+3.47,+28.677,+33.004,+0.985
1631814960,+3.47,+28.737,+33.269,+0.981
1631815020,+3.47,+28.754,+33.678,+0.980
1631815080,+3.47,+28.745,+34.503,+0.990
1631815140,+3.47,+28.737,+34.413,+0.982
1631815200,+3.47,+28.745,+34.800,+0.983
1631815260,+3.47,+28.745,+35.145,+0.984
1631815320,+3.47,+28.763,+35.298,+0.985
1631815380,+3.47,+28.805,+35.218,+0.980
1631815440,+3.47,+28.823,+35.730,+0.984
1631815500,+3.47,+28.840,+36.282,+0.986
1631815560,+3.47,+28.874,+36.673,+0.984
1631815620,+3.47,+28.891,+37.071,+0.985
1631815680,+3.47,+28.942,+37.178,+0.985
1631815740,+3.47,+28.977,+36.885,+0.981
1631815800,+3.47,+29.028,+36.921,+0.988
1631815860,+3.47,+29.071,+36.325,+0.986
1631815920,+3.47,+29.071,+35.838,+0.984
1631815980,+3.47,+29.080,+35.613,+0.983
1631816040,+3.47,+29.080,+35.917,+0.988
1631816100,+3.47,+29.071,+36.057,+0.986
1631816160,+3.47,+29.071,+36.049,+0.980
1631816220,+3.47,+29.054,+36.683,+0.986
1631816280,+3.47,+29.054,+36.807,+0.985
1631816340,+3.47,+29.054,+37.001,+0.986
1631816400,+3.47,+29.071,+36.875,+0.983
1631816460,+3.47,+29.105,+36.363,+0.983
1631816520,+3.47,+29.071,+35.565,+0.985
1631816580,+3.47,+29.071,+35.082,+0.985
1631816640,+3.47,+29.114,+35.251,+0.986
1631816700,+3.47,+29.183,+35.237,+0.983
1631816760,+3.47,+29.226,+35.340,+0.982
1631816820,+3.47,+29.286,+35.484,+0.983
1631816880,+3.47,+29.294,+35.481,+0.980
1631816940,+3.47,+29.303,+35.940,+0.985
1631817000,+3.47,+29.312,+35.941,+0.981
1631817060,+3.47,+29.354,+36.073,+0.981
1631817120,+3.47,+29.389,+36.164,+0.982
1631817180,+3.47,+29.423,+36.089,+0.983
1631817240,+3.47,+29.483,+36.029,+0.981
1631817300,+3.47,+29.518,+36.387,+0.985
1631817360,+3.47,+29.509,+36.421,+0.985
1631817420,+3.47,+29.526,+35.951,+0.984
1631817480,+3.47,+29.526,+35.432,+0.983
1631817540,+3.47,+29.561,+35.039,+0.984
1631817600,+3.47,+29.569,+34.732,+0.985
1631817660,+3.47,+29.595,+34.350,+0.982
1631817720,+3.47,+29.621,+34.412,+0.984
1631817780,+3.47,+29.630,+34.575,+0.985
1631817840,+3.47,+29.647,+34.807,+0.986
1631817900,+3.47,+29.647,+34.646,+0.983
1631817960,+3.47,+29.647,+34.439,+0.984
1631818020,+3.47,+29.690,+34.275,+0.985
1631818080,+3.47,+29.759,+34.290,+0.987
1631818140,+3.47,+29.854,+34.101,+0.982
1631818200,+3.47,+29.983,+34.292,+0.982
1631818260,+3.47,+30.087,+34.688,+0.983
1631818320,+3.47,+30.156,+34.937,+0.983
1631818380,+3.47,+30.208,+34.333,+0.980
1631818440,+3.47,+30.251,+33.279,+0.983
1631818500,+3.47,+30.380,+33.332,+0.981
1631818560,+3.47,+30.519,+34.089,+0.990
1631818620,+3.47,+30.554,+33.363,+0.984
1631818680,+3.47,+30.458,+32.734,+0.982
1631818740,+3.47,+30.380,+32.620,+0.983
1631818800,+3.47,+30.337,+32.393,+0.983
1631818860,+3.47,+30.294,+32.233,+0.981
1631818920,+3.47,+30.320,+32.121,+0.983
1631818980,+3.47,+30.329,+32.067,+0.984
1631819040,+3.47,+30.337,+31.849,+0.982
1631819100,+3.47,+30.294,+31.660,+0.982
1631819160,+3.47,+30.285,+30.792,+0.984
1631819220,+3.47,+30.225,+30.858,+0.981
1631819280,+3.47,+30.216,+31.226,+0.983
1631819340,+3.47,+30.190,+31.807,+0.981
1631819400,+3.47,+30.190,+32.484,+0.980
1631819460,+3.47,+30.190,+33.529,+0.985
1631819520,+3.47,+30.225,+34.395,+0.986
1631819580,+3.47,+30.311,+34.617,+0.985
1631819640,+3.47,+30.389,+34.768,+0.984
1631819700,+3.47,+30.432,+34.745,+0.982
1631819760,+3.47,+30.441,+34.580,+0.980
1631819820,+3.47,+30.467,+34.566,+0.982
1631819880,+3.47,+30.458,+34.359,+0.983
1631819940,+3.47,+30.484,+33.796,+0.984
1631820000,+3.47,+30.510,+33.317,+0.985
1631820060,+3.47,+30.502,+32.984,+0.984
1631820120,+3.47,+30.571,+32.938,+0.985
1631820180,+3.47,+30.658,+32.797,+0.981
1631820240,+3.47,+30.658,+32.906,+0.980
1631820300,+3.47,+30.614,+31.945,+0.982
1631820360,+3.47,+30.580,+30.252,+0.981
1631820420,+3.47,+30.493,+29.366,+0.981
1631820480,+3.47,+30.458,+28.679,+0.982
1631820540,+3.47,+30.432,+29.286,+0.984
1631820600,+3.47,+30.441,+29.807,+0.983
1631820660,+3.47,+30.493,+30.133,+0.980
1631820720,+3.47,+30.528,+30.678,+0.981
1631820780,+3.47,+30.675,+31.495,+0.986
1631820840,+3.47,+30.918,+31.809,+0.980
1631820900,+3.47,+31.022,+32.299,+0.982
1631820960,+3.47,+31.074,+32.867,+0.983
1631821020,+3.47,+31.083,+33.322,+0.984
1631821080,+3.47,+31.092,+33.750,+0.979
1631821140,+3.47,+31.213,+34.090,+0.982
1631821200,+3.47,+31.231,+33.909,+0.980
1631821260,+3.47,+31.222,+33.904,+0.981
1631821320,+3.47,+31.196,+34.284,+0.982
1631821380,+3.47,+31.213,+35.026,+0.986
1631821440,+3.47,+31.292,+35.224,+0.981
1631821500,+3.47,+31.353,+35.491,+0.981
1631821560,+3.47,+31.353,+35.645,+0.979
1631821620,+3.47,+31.361,+35.918,+0.980
1631821680,+3.47,+31.422,+35.965,+0.975
1631821740,+3.47,+31.475,+36.276,+0.980
1631821800,+3.47,+31.483,+36.074,+0.979
1631821860,+3.47,+31.466,+35.050,+0.977
1631821920,+3.47,+31.396,+34.416,+0.978
1631821980,+3.47,+31.318,+33.683,+0.975
1631822040,+3.47,+31.274,+32.929,+0.981
1631822100,+3.47,+31.213,+31.032,+0.978
1631822160,+3.47,+31.152,+30.682,+0.988
1631822220,+3.48,+31.092,+30.819,+0.986
1631822280,+3.48,+31.013,+30.683,+0.982
1631822340,+3.48,+30.953,+30.402,+0.977
1631822400,+3.47,+30.909,+30.467,+0.980
1631822460,+3.47,+30.900,+30.796,+0.981
1631822520,+3.48,+31.039,+30.908,+0.984
1631822580,+3.48,+31.205,+31.135,+0.984
1631822640,+3.47,+31.457,+31.310,+0.985
1631822700,+3.47,+31.693,+31.162,+0.983
1631822760,+3.47,+31.867,+31.161,+0.983
1631822820,+3.47,+32.042,+31.060,+0.983
1631822880,+3.47,+32.095,+30.815,+0.982
1631822940,+3.47,+32.191,+30.533,+0.977
1631823000,+3.47,+32.200,+30.839,+0.981
1631823060,+3.47,+32.156,+31.240,+0.983
1631823120,+3.48,+32.147,+31.582,+0.981
1631823180,+3.48,+32.112,+31.650,+0.981
1631823240,+3.47,+32.060,+32.055,+0.980
1631823300,+3.48,+32.139,+32.687,+0.980
1631823360,+3.48,+32.130,+32.558,+0.982
1631823420,+3.47,+31.824,+31.275,+0.976
1631823480,+3.47,+31.483,+31.234,+0.977
1631823540,+3.48,+31.300,+31.713,+0.980
1631823600,+3.48,+31.283,+31.535,+0.981
1631823660,+3.48,+31.170,+31.120,+0.980
1631823720,+3.48,+31.126,+30.809,+0.981
1631823780,+3.48,+31.100,+30.101,+0.983
1631823840,+3.48,+31.118,+30.506,+0.980
1631823900,+3.48,+31.187,+30.964,+0.981
1631823960,+3.48,+31.292,+31.188,+0.985
1631824020,+3.47,+31.475,+31.233,+0.983
1631824080,+3.47,+31.693,+30.800,+0.986
1631824140,+3.47,+31.797,+29.728,+0.984
1631824200,+3.47,+31.841,+29.630,+0.980
1631824260,+3.47,+31.832,+29.910,+0.980
1631824320,+3.47,+31.859,+30.244,+0.979
1631824380,+3.47,+31.937,+30.768,+0.980
1631824440,+3.48,+32.033,+31.151,+0.981
1631824500,+3.48,+32.095,+31.551,+0.984
1631824560,+3.48,+32.077,+31.946,+0.981
1631824620,+3.48,+32.095,+32.487,+0.979
1631824680,+3.48,+32.103,+32.984,+0.979
1631824740,+3.48,+32.112,+33.319,+0.977
1631824800,+3.48,+32.147,+33.801,+0.982
1631824860,+3.48,+32.226,+33.680,+0.976
1631824920,+3.48,+32.287,+33.684,+0.974
1631824980,+3.48,+32.296,+34.178,+0.977
1631825040,+3.48,+32.287,+35.046,+0.983
1631825100,+3.48,+32.244,+35.046,+0.975
1631825160,+3.48,+32.139,+35.793,+0.981
1631825220,+3.48,+32.060,+35.767,+0.975
1631825280,+3.47,+31.911,+36.181,+0.981
1631825340,+3.47,+31.754,+35.922,+0.980
1631825400,+3.47,+31.701,+35.463,+0.981
1631825460,+3.47,+31.614,+34.510,+0.981
1631825520,+3.47,+31.562,+32.616,+0.982
1631825580,+3.47,+31.562,+30.791,+0.981
1631825640,+3.48,+31.527,+29.640,+0.983
1631825700,+3.47,+31.614,+28.715,+0.983
1631825760,+3.47,+31.789,+28.008,+0.985
1631825820,+3.47,+31.963,+27.048,+0.982
1631825880,+3.48,+32.121,+26.188,+0.981
1631825940,+3.48,+32.217,+25.597,+0.981
1631826000,+3.48,+32.287,+25.124,+0.982
1631826060,+3.48,+32.314,+24.914,+0.983
1631826120,+3.48,+32.296,+25.758,+0.982
1631826180,+3.48,+32.235,+26.661,+0.983
1631826240,+3.48,+32.287,+27.675,+0.987
1631826300,+3.48,+32.375,+28.332,+0.987
1631826360,+3.48,+32.428,+28.446,+0.981
1631826420,+3.48,+32.454,+28.901,+0.980
1631826480,+3.48,+32.437,+29.258,+0.979
1631826540,+3.48,+32.401,+29.962,+0.983
1631826600,+3.48,+32.401,+30.306,+0.984
1631826660,+3.48,+32.410,+30.444,+0.981
1631826720,+3.48,+32.358,+30.755,+0.982
1631826780,+3.48,+32.296,+30.735,+0.980
1631826840,+3.48,+32.182,+30.825,+0.980
1631826900,+3.48,+32.060,+31.077,+0.983
1631826960,+3.47,+31.981,+31.335,+0.984
1631827020,+3.47,+31.911,+31.475,+0.984
1631827080,+3.47,+31.885,+31.901,+0.985
1631827140,+3.47,+31.955,+31.941,+0.980
1631827200,+3.48,+32.077,+32.322,+0.983
1631827260,+3.48,+32.182,+32.234,+0.980
1631827320,+3.48,+32.261,+32.504,+0.980
1631827380,+3.48,+32.340,+32.768,+0.981
1631827440,+3.48,+32.375,+32.823,+0.979
1631827500,+3.48,+32.428,+33.009,+0.978
1631827560,+3.48,+32.489,+33.148,+0.978
1631827620,+3.48,+32.507,+33.111,+0.979
1631827680,+3.48,+32.498,+32.070,+0.978
1631827740,+3.48,+32.445,+31.738,+0.979
1631827800,+3.48,+32.358,+32.482,+0.982
1631827860,+3.48,+32.279,+32.297,+0.978
1631827920,+3.48,+32.226,+33.008,+0.981
1631827980,+3.48,+32.244,+33.231,+0.976
1631828040,+3.48,+32.296,+33.921,+0.982
1631828100,+3.48,+32.349,+33.365,+0.979
1631828160,+3.48,+32.384,+33.559,+0.981
1631828220,+3.48,+32.437,+33.461,+0.983
1631828280,+3.48,+32.472,+33.535,+0.979
1631828340,+3.48,+32.463,+34.147,+0.982
1631828400,+3.48,+32.524,+34.172,+0.977
1631828460,+3.48,+32.595,+34.308,+0.980
1631828520,+3.47,+32.656,+33.987,+0.979
1631828580,+3.48,+32.595,+33.603,+0.978
1631828640,+3.48,+32.507,+33.549,+0.981
1631828700,+3.48,+32.410,+33.426,+0.983
1631828760,+3.48,+32.331,+32.129,+0.980
1631828820,+3.48,+32.244,+31.171,+0.980
1631828880,+3.48,+32.182,+30.246,+0.979
1631828940,+3.48,+32.156,+29.652,+0.982
1631829000,+3.48,+32.156,+28.861,+0.978
1631829060,+3.48,+32.200,+28.694,+0.984
1631829120,+3.48,+32.252,+28.999,+0.984
1631829180,+3.48,+32.314,+29.188,+0.982
1631829240,+3.48,+32.445,+29.225,+0.979
1631829300,+3.48,+32.577,+29.427,+0.980
1631829360,+3.48,+32.709,+29.701,+0.981
1631829420,+3.47,+32.779,+29.935,+0.982
1631829480,+3.47,+32.823,+30.024,+0.978
1631829540,+3.48,+32.797,+30.482,+0.979
1631829600,+3.48,+32.726,+31.341,+0.984
1631829660,+3.48,+32.656,+31.842,+0.982
1631829720,+3.48,+32.603,+32.258,+0.980
1631829780,+3.48,+32.489,+32.545,+0.979
1631829840,+3.48,+32.428,+32.942,+0.982
1631829900,+3.48,+32.419,+33.097,+0.980
1631829960,+3.48,+32.445,+33.288,+0.981
1631830020,+3.48,+32.480,+33.236,+0.983
1631830080,+3.48,+32.498,+32.565,+0.982
1631830140,+3.48,+32.551,+31.953,+0.978
1631830200,+3.48,+32.603,+31.992,+0.982
1631830260,+3.48,+32.700,+31.977,+0.984
1631830320,+3.48,+32.762,+31.632,+0.979
1631830380,+3.48,+32.814,+31.509,+0.979
1631830440,+3.47,+32.858,+31.307,+0.977
1631830500,+3.48,+32.841,+31.276,+0.979
1631830560,+3.47,+32.867,+31.153,+0.980
1631830620,+3.47,+32.850,+30.987,+0.980
1631830680,+3.48,+32.867,+31.053,+0.983
1631830740,+3.47,+32.858,+31.051,+0.987
1631830800,+3.47,+32.867,+30.723,+0.981
1631830860,+3.47,+32.867,+30.524,+0.979
1631830920,+3.48,+32.885,+30.406,+0.980
1631830980,+3.47,+32.902,+30.114,+0.977
1631831040,+3.47,+32.929,+29.981,+0.980
1631831100,+3.48,+32.885,+30.015,+0.984
1631831160,+3.48,+32.867,+29.712,+0.980
1631831220,+3.48,+32.885,+29.686,+0.982
1631831280,+3.48,+32.894,+29.599,+0.983
1631831340,+3.48,+32.876,+29.306,+0.981
1631831400,+3.48,+32.858,+28.840,+0.980
1631831460,+3.48,+32.814,+28.431,+0.980
1631831520,+3.48,+32.779,+27.970,+0.983
1631831580,+3.48,+32.744,+27.474,+0.983
1631831640,+3.48,+32.700,+27.020,+0.983
1631831700,+3.48,+32.709,+26.680,+0.982
1631831760,+3.48,+32.682,+26.256,+0.981
1631831820,+3.48,+32.630,+26.089,+0.984
1631831880,+3.48,+32.595,+25.637,+0.980
1631831940,+3.48,+32.542,+25.433,+0.981
1631832000,+3.48,+32.507,+25.247,+0.982
1631832060,+3.48,+32.489,+25.123,+0.983
1631832120,+3.48,+32.472,+24.923,+0.983
1631832180,+3.48,+32.437,+24.761,+0.980
1631832240,+3.48,+32.393,+24.776,+0.982
1631832300,+3.48,+32.366,+24.766,+0.981
1631832360,+3.48,+32.384,+24.779,+0.983
1631832420,+3.48,+32.410,+24.647,+0.983
1631832480,+3.48,+32.445,+24.534,+0.985
1631832540,+3.48,+32.454,+24.257,+0.984
1631832600,+3.48,+32.463,+23.980,+0.981
1631832660,+3.48,+32.454,+23.887,+0.984
1631832720,+3.48,+32.445,+23.711,+0.983
1631832780,+3.48,+32.454,+23.576,+0.982
1631832840,+3.48,+32.437,+23.451,+0.981
1631832900,+3.48,+32.419,+23.345,+0.982
1631832960,+3.48,+32.375,+23.402,+0.984
1631833020,+3.48,+32.323,+23.306,+0.983
1631833080,+3.48,+32.252,+23.324,+0.984
1631833140,+3.48,+32.165,+23.290,+0.984
1631833200,+3.48,+32.095,+23.254,+0.985
1631833260,+3.48,+32.051,+23.147,+0.983
1631833320,+3.48,+32.086,+23.199,+0.989
1631833380,+3.48,+32.130,+22.670,+0.979
1631833440,+3.48,+32.156,+22.657,+0.985
1631833500,+3.48,+32.209,+22.355,+0.984
1631833560,+3.48,+32.226,+22.150,+0.984
1631833620,+3.48,+32.252,+21.961,+0.984
1631833680,+3.48,+32.279,+21.736,+0.985
1631833740,+3.48,+32.287,+21.520,+0.984
1631833800,+3.48,+32.279,+21.314,+0.984
1631833860,+3.48,+32.279,+21.099,+0.982
1631833920,+3.48,+32.252,+21.069,+0.987
1631833980,+3.48,+32.244,+20.894,+0.984
1631834040,+3.48,+32.209,+20.732,+0.982
1631834100,+3.48,+32.200,+20.606,+0.981
1631834160,+3.48,+32.139,+20.599,+0.983
1631834220,+3.48,+32.147,+20.482,+0.985
1631834280,+3.48,+32.060,+20.464,+0.986
1631834340,+3.48,+32.042,+20.420,+0.984
1631834400,+3.48,+32.016,+20.445,+0.986
1631834460,+3.48,+31.990,+20.400,+0.985
1631834520,+3.48,+31.972,+20.354,+0.982
1631834580,+3.48,+31.972,+20.428,+0.983
1631834640,+3.48,+31.990,+20.452,+0.984
1631834700,+3.48,+31.998,+20.380,+0.983
1631834760,+3.48,+32.016,+20.271,+0.983
1631834820,+3.48,+32.007,+20.201,+0.983
1631834880,+3.48,+32.033,+20.037,+0.982
1631834940,+3.48,+32.033,+19.998,+0.984
1631835000,+3.48,+32.025,+19.956,+0.985
1631835060,+3.48,+32.033,+19.762,+0.983
1631835120,+3.48,+32.025,+19.573,+0.981
1631835180,+3.48,+32.016,+19.539,+0.984
1631835240,+3.48,+31.990,+19.353,+0.982
1631835300,+3.48,+31.963,+19.331,+0.985
1631835360,+3.48,+31.955,+19.133,+0.984
1631835420,+3.48,+31.955,+18.958,+0.984
1631835480,+3.48,+31.928,+18.834,+0.984
1631835540,+3.48,+31.928,+18.661,+0.983
1631835600,+3.48,+31.911,+18.555,+0.985
1631835660,+3.48,+31.894,+18.380,+0.985
1631835720,+3.48,+31.885,+18.336,+0.984
1631835780,+3.48,+31.859,+18.509,+0.984
1631835840,+3.48,+31.806,+18.671,+0.986
1631835900,+3.48,+31.762,+18.653,+0.984
1631835960,+3.48,+31.719,+18.650,+0.983
1631836020,+3.48,+31.684,+18.601,+0.984
1631836080,+3.48,+31.632,+18.532,+0.985
1631836140,+3.48,+31.597,+18.421,+0.986
1631836200,+3.48,+31.570,+18.281,+0.986
1631836260,+3.48,+31.536,+18.191,+0.986
1631836320,+3.48,+31.527,+18.096,+0.986
1631836380,+3.48,+31.509,+18.033,+0.986
1631836440,+3.48,+31.492,+17.938,+0.985
1631836500,+3.48,+31.501,+17.817,+0.983
1631836560,+3.48,+31.483,+17.796,+0.986
1631836620,+3.48,+31.501,+17.690,+0.984
1631836680,+3.48,+31.483,+17.680,+0.987
1631836740,+3.48,+31.501,+17.541,+0.984
1631836800,+3.48,+31.457,+17.428,+0.983
1631836860,+3.48,+31.448,+17.393,+0.984
1631836920,+3.48,+31.466,+17.369,+0.985
1631836980,+3.48,+31.431,+17.340,+0.985
1631837040,+3.48,+31.431,+17.274,+0.983
1631837100,+3.48,+31.422,+17.331,+0.984
1631837160,+3.48,+31.405,+17.335,+0.984
1631837220,+3.48,+31.387,+17.423,+0.987
1631837280,+3.48,+31.379,+17.331,+0.983
1631837340,+3.48,+31.370,+17.337,+0.984
1631837400,+3.48,+31.344,+17.338,+0.985
1631837460,+3.48,+31.344,+17.284,+0.985
1631837520,+3.48,+31.318,+17.182,+0.984
1631837580,+3.48,+31.318,+17.001,+0.983
1631837640,+3.48,+31.283,+16.919,+0.984
1631837700,+3.48,+31.266,+16.799,+0.985
1631837760,+3.49,+31.239,+16.657,+0.985
1631837820,+3.48,+31.248,+16.534,+0.985
1631837880,+3.48,+31.231,+16.456,+0.985
1631837940,+3.48,+31.213,+16.316,+0.983
1631838000,+3.49,+31.196,+16.215,+0.984
1631838060,+3.49,+31.196,+16.062,+0.982
1631838120,+3.49,+31.187,+16.022,+0.984
1631838180,+3.49,+31.161,+15.999,+0.983
1631838240,+3.49,+31.144,+16.133,+0.983
1631838300,+3.49,+31.144,+16.232,+0.983
1631838360,+3.49,+31.126,+16.279,+0.982
1631838420,+3.49,+31.126,+16.268,+0.982
1631838480,+3.49,+31.109,+16.257,+0.986
1631838540,+3.49,+31.109,+16.093,+0.984
1631838600,+3.49,+31.100,+15.945,+0.983
1631838660,+3.49,+31.083,+15.842,+0.985
1631838720,+3.49,+31.074,+15.643,+0.982
1631838780,+3.49,+31.074,+15.568,+0.986
1631838840,+3.49,+31.065,+15.350,+0.983
1631838900,+3.49,+31.048,+15.259,+0.987
1631838960,+3.49,+31.065,+15.043,+0.984
1631839020,+3.49,+31.039,+14.920,+0.983
1631839080,+3.49,+31.005,+15.185,+0.984
1631839140,+3.49,+30.987,+15.387,+0.985
1631839200,+3.49,+30.979,+15.410,+0.983
1631839260,+3.49,+30.970,+15.419,+0.983
1631839320,+3.49,+30.944,+15.459,+0.986
1631839380,+3.49,+30.944,+15.283,+0.983
1631839440,+3.49,+30.944,+15.202,+0.985
1631839500,+3.49,+30.935,+15.081,+0.984
1631839560,+3.49,+30.918,+14.908,+0.982
1631839620,+3.48,+30.909,+14.767,+0.983
1631839680,+3.48,+30.892,+14.569,+0.982
1631839740,+3.48,+30.892,+14.420,+0.984
1631839800,+3.48,+30.883,+14.238,+0.985
1631839860,+3.48,+30.857,+13.995,+0.983
1631839920,+3.48,+30.857,+13.833,+0.984
1631839980,+3.48,+30.840,+13.701,+0.986
1631840040,+3.48,+30.840,+13.476,+0.984
1631840100,+3.48,+30.805,+13.328,+0.984
1631840160,+3.48,+30.788,+13.181,+0.983
1631840220,+3.48,+30.805,+13.015,+0.983
1631840280,+3.48,+30.788,+12.881,+0.984
1631840340,+3.48,+30.770,+12.735,+0.985
1631840400,+3.48,+30.762,+12.572,+0.984
1631840460,+3.48,+30.744,+12.443,+0.983
1631840520,+3.48,+30.736,+12.334,+0.984
1631840580,+3.48,+30.736,+12.230,+0.984
1631840640,+3.48,+30.727,+12.130,+0.983
1631840700,+3.48,+30.710,+12.051,+0.983
1631840760,+3.48,+30.684,+11.930,+0.982
1631840820,+3.48,+30.658,+11.821,+0.983
1631840880,+3.48,+30.675,+11.697,+0.983
1631840940,+3.48,+30.658,+11.540,+0.982
