7450-387970
OS REV: 1.05 Sensor Cal: 1615486469
Time (sec),  BV (Volts),  T (deg C),  DO (mg/l),  Q ()
1630717800,+3.49,+33.644,+11.650,+0.980
1630717860,+3.49,+33.609,+11.574,+0.978
1630717920,+3.49,+33.609,+11.730,+0.979
1630717980,+3.49,+33.591,+11.840,+0.978
1630718040,+3.49,+33.582,+11.960,+0.980
1630718100,+3.49,+33.582,+11.864,+0.980
1630718160,+3.49,+33.564,+11.710,+0.978
1630718220,+3.49,+33.547,+11.831,+0.980
1630718280,+3.49,+33.529,+11.915,+0.978
1630718340,+3.49,+33.511,+12.094,+0.981
1630718400,+3.49,+33.520,+12.204,+0.981
1630718460,+3.49,+33.511,+12.327,+0.981
1630718520,+3.49,+33.494,+12.373,+0.982
1630718580,+3.49,+33.494,+12.333,+0.980
1630718640,+3.49,+33.494,+12.225,+0.979
1630718700,+3.49,+33.476,+12.168,+0.981
1630718760,+3.49,+33.485,+12.099,+0.980
1630718820,+3.49,+33.467,+12.062,+0.980
1630718880,+3.49,+33.467,+12.016,+0.980
1630718940,+3.49,+33.449,+11.925,+0.981
1630719000,+3.49,+33.458,+11.786,+0.979
1630719060,+3.49,+33.432,+11.801,+0.981
1630719120,+3.49,+33.432,+11.644,+0.980
1630719180,+3.49,+33.441,+11.517,+0.979
1630719240,+3.49,+33.414,+11.613,+0.980
1630719300,+3.49,+33.405,+11.776,+0.980
1630719360,+3.49,+33.388,+11.896,+0.982
1630719420,+3.49,+33.379,+11.881,+0.980
1630719480,+3.49,+33.361,+11.828,+0.981
1630719540,+3.49,+33.370,+11.696,+0.981
1630719600,+3.49,+33.352,+11.477,+0.981
1630719660,+3.49,+33.352,+11.323,+0.981
1630719720,+3.49,+33.317,+11.357,+0.980
1630719780,+3.49,+33.326,+11.550,+0.981
1630719840,+3.50,+33.299,+11.650,+0.980
1630719900,+3.49,+33.299,+11.637,+0.980
1630719960,+3.50,+33.282,+11.463,+0.980
1630720020,+3.49,+33.273,+11.225,+0.980
1630720080,+3.50,+33.282,+11.301,+0.981
1630720140,+3.49,+33.264,+11.219,+0.979
1630720200,+3.49,+33.264,+11.155,+0.980
1630720260,+3.50,+33.237,+11.039,+0.980
1630720320,+3.50,+33.237,+10.888,+0.981
1630720380,+3.50,+33.255,+10.668,+0.980
1630720440,+3.49,+33.220,+10.509,+0.980
1630720500,+3.50,+33.211,+10.482,+0.980
1630720560,+3.50,+33.211,+10.449,+0.979
1630720620,+3.49,+33.184,+10.482,+0.979
1630720680,+3.50,+33.184,+10.555,+0.979
1630720740,+3.50,+33.176,+10.707,+0.981
1630720800,+3.49,+33.149,+10.835,+0.980
1630720860,+3.49,+33.149,+10.981,+0.981
1630720920,+3.49,+33.140,+11.100,+0.982
1630720980,+3.49,+33.140,+11.308,+0.980
1630721040,+3.49,+33.132,+11.448,+0.980
1630721100,+3.49,+33.105,+11.456,+0.981
1630721160,+3.49,+33.114,+11.339,+0.980
1630721220,+3.49,+33.105,+11.217,+0.980
1630721280,+3.49,+33.087,+11.125,+0.980
1630721340,+3.49,+33.079,+11.087,+0.981
1630721400,+3.49,+33.070,+11.058,+0.983
1630721460,+3.49,+33.052,+10.962,+0.981
1630721520,+3.49,+33.043,+11.000,+0.980
1630721580,+3.49,+33.017,+11.034,+0.980
1630721640,+3.49,+33.026,+11.086,+0.980
1630721700,+3.49,+33.017,+11.085,+0.980
1630721760,+3.49,+32.999,+11.099,+0.982
1630721820,+3.49,+33.026,+11.001,+0.981
1630721880,+3.49,+32.982,+10.958,+0.982
1630721940,+3.49,+32.973,+10.873,+0.980
1630722000,+3.49,+32.982,+10.788,+0.981
1630722060,+3.49,+32.982,+10.742,+0.980
1630722120,+3.49,+32.973,+10.753,+0.980
1630722180,+3.49,+32.946,+10.778,+0.980
1630722240,+3.49,+32.946,+10.693,+0.980
1630722300,+3.49,+32.938,+10.563,+0.982
1630722360,+3.49,+32.929,+10.475,+0.981
1630722420,+3.49,+32.929,+10.492,+0.982
1630722480,+3.49,+32.911,+10.549,+0.980
1630722540,+3.49,+32.902,+10.562,+0.981
1630722600,+3.49,+32.885,+10.671,+0.983
1630722660,+3.49,+32.876,+10.700,+0.981
1630722720,+3.49,+32.885,+10.673,+0.980
1630722780,+3.49,+32.858,+10.702,+0.980
1630722840,+3.49,+32.858,+10.676,+0.980
1630722900,+3.49,+32.867,+10.636,+0.981
1630722960,+3.49,+32.841,+10.630,+0.982
1630723020,+3.49,+32.841,+10.620,+0.981
1630723080,+3.49,+32.832,+10.513,+0.980
1630723140,+3.49,+32.814,+10.368,+0.981
1630723200,+3.49,+32.797,+10.198,+0.981
1630723260,+3.49,+32.788,+10.039,+0.981
1630723320,+3.49,+32.788,+10.026,+0.981
1630723380,+3.49,+32.779,+10.162,+0.980
1630723440,+3.49,+32.770,+10.255,+0.981
1630723500,+3.49,+32.753,+10.271,+0.980
1630723560,+3.49,+32.744,+10.311,+0.980
1630723620,+3.49,+32.744,+10.324,+0.981
1630723680,+3.49,+32.735,+10.346,+0.980
1630723740,+3.49,+32.726,+10.458,+0.981
1630723800,+3.49,+32.726,+10.486,+0.980
1630723860,+3.49,+32.700,+10.547,+0.982
1630723920,+3.49,+32.691,+10.656,+0.982
1630723980,+3.49,+32.691,+10.805,+0.982
1630724040,+3.49,+32.691,+10.895,+0.981
1630724100,+3.49,+32.674,+10.953,+0.983
1630724160,+3.49,+32.682,+10.890,+0.980
1630724220,+3.49,+32.656,+10.851,+0.982
1630724280,+3.49,+32.639,+10.769,+0.982
1630724340,+3.49,+32.647,+10.667,+0.981
1630724400,+3.49,+32.630,+10.633,+0.982
1630724460,+3.49,+32.630,+10.610,+0.982
1630724520,+3.49,+32.612,+10.632,+0.982
1630724580,+3.49,+32.621,+10.634,+0.981
1630724640,+3.49,+32.612,+10.619,+0.980
1630724700,+3.49,+32.612,+10.693,+0.982
1630724760,+3.49,+32.586,+10.723,+0.984
1630724820,+3.49,+32.586,+10.720,+0.982
1630724880,+3.49,+32.595,+10.777,+0.983
1630724940,+3.49,+32.559,+10.796,+0.981
1630725000,+3.49,+32.568,+10.842,+0.982
1630725060,+3.49,+32.551,+10.815,+0.981
1630725120,+3.49,+32.533,+10.871,+0.982
1630725180,+3.49,+32.533,+10.893,+0.984
1630725240,+3.49,+32.533,+10.878,+0.983
1630725300,+3.49,+32.516,+10.905,+0.982
1630725360,+3.49,+32.507,+10.985,+0.982
1630725420,+3.49,+32.498,+10.992,+0.983
1630725480,+3.49,+32.498,+10.892,+0.983
1630725540,+3.49,+32.480,+10.811,+0.982
1630725600,+3.49,+32.489,+10.744,+0.982
1630725660,+3.49,+32.454,+10.657,+0.982
1630725720,+3.49,+32.454,+10.569,+0.982
1630725780,+3.49,+32.445,+10.508,+0.982
1630725840,+3.49,+32.437,+10.542,+0.983
1630725900,+3.49,+32.428,+10.426,+0.982
1630725960,+3.49,+32.428,+10.390,+0.982
1630726020,+3.49,+32.410,+10.393,+0.982
1630726080,+3.49,+32.410,+10.330,+0.981
1630726140,+3.49,+32.401,+10.327,+0.982
1630726200,+3.49,+32.401,+10.291,+0.982
1630726260,+3.50,+32.384,+10.284,+0.982
1630726320,+3.50,+32.358,+10.266,+0.982
1630726380,+3.49,+32.366,+10.354,+0.983
1630726440,+3.50,+32.358,+10.474,+0.982
1630726500,+3.50,+32.349,+10.585,+0.983
1630726560,+3.50,+32.340,+10.649,+0.983
1630726620,+3.49,+32.358,+10.647,+0.983
1630726680,+3.50,+32.331,+10.663,+0.981
1630726740,+3.50,+32.323,+10.736,+0.983
1630726800,+3.49,+32.314,+10.657,+0.984
1630726860,+3.50,+32.305,+10.564,+0.982
1630726920,+3.50,+32.305,+10.548,+0.982
1630726980,+3.50,+32.287,+10.581,+0.983
1630727040,+3.50,+32.287,+10.633,+0.984
1630727100,+3.50,+32.287,+10.590,+0.983
1630727160,+3.50,+32.270,+10.487,+0.982
1630727220,+3.50,+32.279,+10.418,+0.984
1630727280,+3.50,+32.252,+10.338,+0.982
1630727340,+3.50,+32.244,+10.234,+0.982
1630727400,+3.50,+32.244,+10.170,+0.982
1630727460,+3.50,+32.226,+10.110,+0.983
1630727520,+3.50,+32.235,+10.064,+0.983
1630727580,+3.50,+32.244,+10.018,+0.982
1630727640,+3.50,+32.217,+10.016,+0.983
1630727700,+3.50,+32.209, +9.935,+0.983
1630727760,+3.50,+32.209, +9.936,+0.983
1630727820,+3.50,+32.200, +9.871,+0.982
1630727880,+3.50,+32.191, +9.842,+0.983
1630727940,+3.50,+32.209, +9.835,+0.982
1630728000,+3.50,+32.182, +9.752,+0.982
1630728060,+3.50,+32.174, +9.675,+0.982
1630728120,+3.50,+32.165, +9.621,+0.983
1630728180,+3.50,+32.174, +9.579,+0.982
1630728240,+3.50,+32.156, +9.542,+0.983
1630728300,+3.50,+32.156, +9.528,+0.983
1630728360,+3.50,+32.130, +9.563,+0.982
1630728420,+3.50,+32.130, +9.563,+0.982
1630728480,+3.50,+32.121, +9.632,+0.982
1630728540,+3.50,+32.103, +9.975,+0.982
1630728600,+3.50,+32.103,+10.228,+0.983
1630728660,+3.50,+32.112,+10.229,+0.982
1630728720,+3.50,+32.086,+10.211,+0.982
1630728780,+3.50,+32.103,+10.292,+0.984
1630728840,+3.50,+32.060,+10.370,+0.983
1630728900,+3.50,+32.060,+10.315,+0.983
1630728960,+3.50,+32.077,+10.246,+0.982
1630729020,+3.50,+32.051,+10.176,+0.982
1630729080,+3.50,+32.077,+10.050,+0.982
1630729140,+3.50,+32.042, +9.928,+0.983
1630729200,+3.50,+32.025, +9.867,+0.983
1630729260,+3.50,+32.033, +9.837,+0.983
1630729320,+3.49,+32.033, +9.722,+0.982
1630729380,+3.49,+32.025, +9.590,+0.983
1630729440,+3.49,+32.025, +9.449,+0.983
1630729500,+3.49,+32.016, +9.350,+0.982
1630729560,+3.49,+32.007, +9.356,+0.983
1630729620,+3.49,+31.998, +9.318,+0.983
1630729680,+3.49,+31.990, +9.373,+0.983
1630729740,+3.49,+31.972, +9.422,+0.981
1630729800,+3.49,+31.972, +9.479,+0.983
1630729860,+3.49,+31.972, +9.516,+0.984
1630729920,+3.49,+31.955, +9.521,+0.982
1630729980,+3.49,+31.955, +9.529,+0.982
1630730040,+3.49,+31.937, +9.520,+0.983
1630730100,+3.49,+31.928, +9.446,+0.982
1630730160,+3.49,+31.937, +9.381,+0.983
1630730220,+3.49,+31.928, +9.318,+0.983
1630730280,+3.49,+31.937, +9.296,+0.983
1630730340,+3.49,+31.911, +9.343,+0.983
1630730400,+3.49,+31.894, +9.317,+0.983
1630730460,+3.49,+31.902, +9.272,+0.982
1630730520,+3.49,+31.902, +9.291,+0.982
1630730580,+3.49,+31.894, +9.344,+0.983
1630730640,+3.49,+31.876, +9.363,+0.983
1630730700,+3.49,+31.876, +9.412,+0.982
1630730760,+3.49,+31.867, +9.448,+0.983
1630730820,+3.49,+31.859, +9.342,+0.982
1630730880,+3.49,+31.867, +9.304,+0.982
1630730940,+3.49,+31.841, +9.343,+0.982
1630731000,+3.49,+31.850, +9.281,+0.983
1630731060,+3.49,+31.832, +9.209,+0.983
1630731120,+3.49,+31.824, +9.104,+0.982
1630731180,+3.49,+31.815, +9.093,+0.984
1630731240,+3.49,+31.815, +9.073,+0.983
1630731300,+3.49,+31.806, +9.052,+0.981
1630731360,+3.49,+31.789, +9.090,+0.983
1630731420,+3.49,+31.789, +9.073,+0.982
1630731480,+3.49,+31.780, +9.138,+0.983
1630731540,+3.49,+31.789, +9.145,+0.982
1630731600,+3.49,+31.780, +9.169,+0.982
1630731660,+3.49,+31.754, +9.152,+0.982
1630731720,+3.49,+31.771, +9.138,+0.983
1630731780,+3.49,+31.754, +9.178,+0.982
1630731840,+3.49,+31.736, +9.217,+0.982
1630731900,+3.49,+31.745, +9.264,+0.984
1630731960,+3.49,+31.745, +9.265,+0.983
1630732020,+3.49,+31.736, +9.231,+0.983
1630732080,+3.49,+31.736, +9.234,+0.983
1630732140,+3.49,+31.710, +9.149,+0.983
1630732200,+3.49,+31.728, +9.081,+0.983
1630732260,+3.49,+31.710, +8.954,+0.983
1630732320,+3.49,+31.701, +8.874,+0.983
1630732380,+3.49,+31.701, +8.824,+0.981
1630732440,+3.49,+31.710, +8.842,+0.983
1630732500,+3.49,+31.684, +8.913,+0.984
1630732560,+3.49,+31.675, +8.913,+0.982
1630732620,+3.49,+31.675, +8.882,+0.982
1630732680,+3.49,+31.666, +8.920,+0.982
1630732740,+3.49,+31.658, +9.048,+0.983
1630732800,+3.49,+31.649, +9.054,+0.983
1630732860,+3.49,+31.649, +8.982,+0.984
1630732920,+3.49,+31.632, +8.889,+0.983
1630732980,+3.49,+31.623, +8.757,+0.983
1630733040,+3.49,+31.623, +8.669,+0.982
1630733100,+3.49,+31.632, +8.642,+0.982
1630733160,+3.49,+31.614, +8.698,+0.982
1630733220,+3.49,+31.614, +8.797,+0.983
1630733280,+3.49,+31.614, +8.863,+0.984
1630733340,+3.49,+31.614, +8.897,+0.982
1630733400,+3.49,+31.597, +8.942,+0.983
1630733460,+3.49,+31.605, +8.902,+0.982
1630733520,+3.49,+31.597, +8.879,+0.983
1630733580,+3.49,+31.588, +8.798,+0.982
1630733640,+3.49,+31.588, +8.775,+0.982
1630733700,+3.49,+31.562, +8.779,+0.982
1630733760,+3.49,+31.562, +8.827,+0.983
1630733820,+3.49,+31.553, +8.800,+0.983
1630733880,+3.49,+31.553, +8.662,+0.983
1630733940,+3.49,+31.536, +8.630,+0.983
1630734000,+3.49,+31.544, +8.677,+0.983
1630734060,+3.49,+31.553, +8.693,+0.983
1630734120,+3.49,+31.536, +8.604,+0.981
1630734180,+3.49,+31.527, +8.578,+0.982
1630734240,+3.49,+31.536, +8.548,+0.982
1630734300,+3.49,+31.518, +8.543,+0.982
1630734360,+3.49,+31.518, +8.554,+0.983
1630734420,+3.49,+31.518, +8.550,+0.982
1630734480,+3.49,+31.509, +8.585,+0.983
1630734540,+3.49,+31.509, +8.505,+0.982
1630734600,+3.49,+31.483, +8.382,+0.983
1630734660,+3.49,+31.483, +8.224,+0.983
1630734720,+3.49,+31.483, +8.127,+0.983
1630734780,+3.49,+31.492, +8.068,+0.982
1630734840,+3.49,+31.492, +8.135,+0.982
1630734900,+3.49,+31.475, +8.171,+0.983
1630734960,+3.49,+31.457, +8.207,+0.983
1630735020,+3.49,+31.466, +8.233,+0.982
1630735080,+3.49,+31.457, +8.274,+0.983
1630735140,+3.49,+31.466, +8.279,+0.983
1630735200,+3.49,+31.422, +8.407,+0.981
1630735260,+3.49,+31.448, +8.495,+0.984
1630735320,+3.49,+31.440, +8.546,+0.982
1630735380,+3.49,+31.431, +8.525,+0.982
1630735440,+3.49,+31.431, +8.470,+0.983
1630735500,+3.49,+31.431, +8.455,+0.983
1630735560,+3.49,+31.414, +8.455,+0.983
1630735620,+3.49,+31.405, +8.452,+0.983
1630735680,+3.49,+31.414, +8.418,+0.982
1630735740,+3.49,+31.405, +8.346,+0.983
1630735800,+3.49,+31.396, +8.261,+0.982
1630735860,+3.49,+31.387, +8.286,+0.982
1630735920,+3.49,+31.370, +8.314,+0.982
1630735980,+3.49,+31.370, +8.333,+0.982
1630736040,+3.49,+31.361, +8.339,+0.983
1630736100,+3.49,+31.353, +8.286,+0.982
1630736160,+3.49,+31.361, +8.324,+0.982
1630736220,+3.49,+31.361, +8.309,+0.982
1630736280,+3.49,+31.353, +8.349,+0.983
1630736340,+3.49,+31.344, +8.366,+0.982
1630736400,+3.49,+31.353, +8.394,+0.982
1630736460,+3.49,+31.344, +8.460,+0.983
1630736520,+3.49,+31.335, +8.490,+0.982
1630736580,+3.49,+31.344, +8.484,+0.982
1630736640,+3.49,+31.326, +8.440,+0.983
1630736700,+3.49,+31.309, +8.359,+0.983
1630736760,+3.49,+31.292, +8.079,+0.983
1630736820,+3.49,+31.292, +7.886,+0.982
1630736880,+3.49,+31.292, +7.796,+0.982
1630736940,+3.49,+31.283, +7.843,+0.983
1630737000,+3.49,+31.274, +8.002,+0.982
1630737060,+3.49,+31.274, +8.126,+0.983
1630737120,+3.49,+31.266, +8.132,+0.983
1630737180,+3.49,+31.283, +8.088,+0.983
1630737240,+3.49,+31.274, +8.012,+0.983
1630737300,+3.49,+31.266, +7.914,+0.982
1630737360,+3.49,+31.248, +7.879,+0.982
1630737420,+3.49,+31.257, +7.841,+0.982
1630737480,+3.49,+31.248, +7.814,+0.982
1630737540,+3.49,+31.248, +7.746,+0.982
1630737600,+3.49,+31.239, +7.711,+0.982
1630737660,+3.49,+31.222, +7.750,+0.983
1630737720,+3.49,+31.231, +7.725,+0.982
1630737780,+3.49,+31.205, +7.681,+0.982
1630737840,+3.49,+31.196, +7.727,+0.982
1630737900,+3.49,+31.196, +7.702,+0.983
1630737960,+3.49,+31.205, +7.719,+0.983
1630738020,+3.49,+31.205, +7.710,+0.982
1630738080,+3.50,+31.196, +7.642,+0.982
1630738140,+3.49,+31.196, +7.591,+0.982
1630738200,+3.49,+31.179, +7.566,+0.982
1630738260,+3.49,+31.170, +7.542,+0.982
1630738320,+3.49,+31.179, +7.367,+0.982
1630738380,+3.49,+31.152, +7.228,+0.981
1630738440,+3.49,+31.161, +7.166,+0.981
1630738500,+3.49,+31.152, +7.238,+0.982
1630738560,+3.49,+31.152, +7.304,+0.982
1630738620,+3.49,+31.144, +7.285,+0.983
1630738680,+3.49,+31.135, +7.217,+0.982
1630738740,+3.49,+31.126, +7.130,+0.982
1630738800,+3.49,+31.126, +6.956,+0.982
1630738860,+3.49,+31.118, +7.139,+0.982
1630738920,+3.50,+31.109, +7.182,+0.982
1630738980,+3.49,+31.100, +7.029,+0.982
1630739040,+3.49,+31.118, +6.860,+0.982
1630739100,+3.50,+31.100, +6.654,+0.983
1630739160,+3.49,+31.109, +6.558,+0.981
1630739220,+3.49,+31.100, +6.539,+0.982
1630739280,+3.49,+31.092, +6.598,+0.982
1630739340,+3.49,+31.083, +6.642,+0.981
1630739400,+3.50,+31.083, +6.545,+0.982
1630739460,+3.49,+31.065, +6.510,+0.982
1630739520,+3.49,+31.074, +6.537,+0.982
1630739580,+3.49,+31.065, +6.548,+0.982
1630739640,+3.49,+31.065, +6.615,+0.982
1630739700,+3.49,+31.048, +6.620,+0.982
1630739760,+3.49,+31.065, +6.610,+0.982
1630739820,+3.49,+31.039, +6.625,+0.982
1630739880,+3.50,+31.039, +6.622,+0.980
1630739940,+3.50,+31.031, +6.634,+0.981
1630740000,+3.49,+31.031, +6.579,+0.980
1630740060,+3.49,+31.022, +6.629,+0.980
1630740120,+3.49,+31.013, +6.642,+0.981
1630740180,+3.49,+31.013, +6.586,+0.981
1630740240,+3.49,+31.013, +6.636,+0.981
1630740300,+3.50,+30.987, +6.585,+0.981
1630740360,+3.49,+30.996, +6.499,+0.981
1630740420,+3.49,+30.987, +6.578,+0.980
1630740480,+3.49,+30.979, +6.581,+0.980
1630740540,+3.50,+30.987, +6.484,+0.979
1630740600,+3.50,+30.987, +6.274,+0.981
1630740660,+3.50,+30.979, +6.157,+0.980
1630740720,+3.50,+30.979, +6.201,+0.981
1630740780,+3.49,+30.970, +6.367,+0.981
1630740840,+3.50,+30.953, +6.389,+0.981
1630740900,+3.49,+30.944, +6.391,+0.982
1630740960,+3.50,+30.935, +6.402,+0.982
1630741020,+3.49,+30.944, +6.282,+0.981
1630741080,+3.49,+30.944, +6.086,+0.980
1630741140,+3.49,+30.927, +6.022,+0.980
1630741200,+3.49,+30.935, +6.012,+0.979
1630741260,+3.49,+30.918, +5.937,+0.979
1630741320,+3.49,+30.918, +5.850,+0.977
1630741380,+3.49,+30.892, +6.180,+0.980
1630741440,+3.49,+30.900, +6.403,+0.981
1630741500,+3.49,+30.909, +6.268,+0.978
1630741560,+3.49,+30.900, +6.002,+0.978
1630741620,+3.49,+30.892, +5.684,+0.976
1630741680,+3.49,+30.900, +5.501,+0.977
1630741740,+3.49,+30.892, +5.276,+0.977
1630741800,+3.49,+30.892, +5.121,+0.978
1630741860,+3.49,+30.883, +4.991,+0.979
1630741920,+3.49,+30.866, +5.009,+0.977
1630741980,+3.49,+30.874, +4.948,+0.974
1630742040,+3.49,+30.866, +4.967,+0.973
1630742100,+3.49,+30.866, +4.899,+0.972
1630742160,+3.49,+30.857, +4.926,+0.971
1630742220,+3.49,+30.840, +5.450,+0.978
1630742280,+3.49,+30.840, +5.279,+0.975
1630742340,+3.49,+30.840, +5.119,+0.976
1630742400,+3.49,+30.831, +4.957,+0.976
1630742460,+3.49,+30.840, +4.992,+0.976
1630742520,+3.49,+30.822, +5.126,+0.976
1630742580,+3.49,+30.831, +5.010,+0.976
1630742640,+3.49,+30.814, +4.944,+0.977
1630742700,+3.49,+30.805, +4.808,+0.979
1630742760,+3.49,+30.814, +4.729,+0.978
1630742820,+3.49,+30.805, +4.613,+0.976
1630742880,+3.49,+30.788, +4.445,+0.976
1630742940,+3.49,+30.805, +4.579,+0.978
1630743000,+3.49,+30.796, +4.552,+0.980
1630743060,+3.49,+30.779, +4.703,+0.982
1630743120,+3.49,+30.796, +4.658,+0.982
1630743180,+3.49,+30.796, +4.756,+0.979
1630743240,+3.49,+30.779, +4.795,+0.980
1630743300,+3.49,+30.779, +4.784,+0.980
1630743360,+3.49,+30.770, +4.865,+0.980
1630743420,+3.49,+30.770, +4.864,+0.982
1630743480,+3.49,+30.762, +4.696,+0.982
1630743540,+3.49,+30.753, +4.389,+0.982
1630743600,+3.49,+30.736, +4.240,+0.983
1630743660,+3.49,+30.762, +4.116,+0.982
1630743720,+3.49,+30.736, +4.011,+0.981
1630743780,+3.49,+30.753, +3.961,+0.979
1630743840,+3.49,+30.727, +4.086,+0.977
1630743900,+3.49,+30.718, +4.866,+0.979
1630743960,+3.49,+30.710, +5.381,+0.980
1630744020,+3.49,+30.710, +5.603,+0.980
1630744080,+3.49,+30.701, +5.617,+0.981
1630744140,+3.49,+30.692, +5.419,+0.980
1630744200,+3.49,+30.684, +5.218,+0.979
1630744260,+3.49,+30.692, +4.940,+0.978
1630744320,+3.49,+30.692, +4.688,+0.977
1630744380,+3.49,+30.692, +4.531,+0.979
1630744440,+3.49,+30.684, +4.273,+0.979
1630744500,+3.49,+30.684, +4.137,+0.980
1630744560,+3.49,+30.684, +4.035,+0.981
1630744620,+3.49,+30.684, +4.052,+0.981
1630744680,+3.49,+30.666, +4.154,+0.981
1630744740,+3.49,+30.675, +4.193,+0.980
1630744800,+3.49,+30.666, +4.168,+0.980
1630744860,+3.49,+30.658, +4.278,+0.979
1630744920,+3.49,+30.640, +4.255,+0.980
1630744980,+3.49,+30.640, +4.204,+0.981
1630745040,+3.49,+30.640, +4.128,+0.982
1630745100,+3.49,+30.632, +4.042,+0.982
1630745160,+3.49,+30.649, +4.151,+0.983
1630745220,+3.49,+30.623, +4.200,+0.983
1630745280,+3.49,+30.640, +4.225,+0.983
1630745340,+3.49,+30.632, +4.319,+0.982
1630745400,+3.49,+30.623, +4.206,+0.982
1630745460,+3.49,+30.614, +4.148,+0.981
1630745520,+3.49,+30.623, +4.031,+0.980
1630745580,+3.49,+30.606, +3.934,+0.980
1630745640,+3.49,+30.606, +3.900,+0.981
1630745700,+3.49,+30.606, +3.896,+0.981
1630745760,+3.49,+30.597, +3.944,+0.981
1630745820,+3.49,+30.597, +3.909,+0.981
1630745880,+3.49,+30.597, +3.995,+0.981
1630745940,+3.49,+30.597, +3.856,+0.982
1630746000,+3.49,+30.580, +3.768,+0.983
1630746060,+3.49,+30.580, +3.555,+0.983
1630746120,+3.49,+30.562, +3.373,+0.983
1630746180,+3.49,+30.588, +3.308,+0.983
1630746240,+3.49,+30.580, +3.367,+0.983
1630746300,+3.49,+30.536, +3.427,+0.982
1630746360,+3.49,+30.554, +3.396,+0.982
1630746420,+3.49,+30.554, +3.367,+0.982
1630746480,+3.49,+30.554, +3.192,+0.983
1630746540,+3.49,+30.554, +3.046,+0.982
1630746600,+3.49,+30.545, +3.042,+0.981
1630746660,+3.49,+30.545, +3.078,+0.981
1630746720,+3.49,+30.536, +3.063,+0.981
1630746780,+3.49,+30.545, +3.050,+0.983
1630746840,+3.49,+30.519, +3.086,+0.982
1630746900,+3.49,+30.536, +3.083,+0.982
1630746960,+3.49,+30.536, +3.059,+0.982
1630747020,+3.49,+30.528, +3.171,+0.982
1630747080,+3.49,+30.519, +4.083,+0.980
1630747140,+3.49,+30.502, +4.443,+0.980
1630747200,+3.49,+30.502, +4.756,+0.981
1630747260,+3.49,+30.510, +5.160,+0.982
1630747320,+3.49,+30.493, +5.143,+0.983
1630747380,+3.49,+30.502, +5.153,+0.982
1630747440,+3.49,+30.493, +5.151,+0.982
1630747500,+3.49,+30.484, +5.149,+0.982
1630747560,+3.49,+30.484, +5.257,+0.982
1630747620,+3.49,+30.493, +5.341,+0.981
1630747680,+3.49,+30.484, +5.430,+0.982
1630747740,+3.49,+30.476, +5.365,+0.981
1630747800,+3.49,+30.458, +5.513,+0.982
1630747860,+3.49,+30.458, +5.494,+0.982
1630747920,+3.49,+30.450, +5.287,+0.982
1630747980,+3.49,+30.450, +5.224,+0.983
1630748040,+3.49,+30.441, +5.250,+0.982
1630748100,+3.49,+30.432, +5.162,+0.983
1630748160,+3.49,+30.450, +5.072,+0.982
1630748220,+3.49,+30.432, +4.934,+0.984
1630748280,+3.49,+30.424, +4.740,+0.983
1630748340,+3.49,+30.424, +4.875,+0.982
1630748400,+3.49,+30.424, +5.098,+0.983
1630748460,+3.49,+30.415, +5.368,+0.982
1630748520,+3.49,+30.424, +5.403,+0.982
1630748580,+3.49,+30.398, +5.396,+0.982
1630748640,+3.49,+30.415, +5.362,+0.983
1630748700,+3.49,+30.406, +5.271,+0.982
1630748760,+3.49,+30.389, +5.397,+0.983
1630748820,+3.49,+30.398, +5.457,+0.983
1630748880,+3.49,+30.380, +5.384,+0.983
1630748940,+3.49,+30.380, +5.335,+0.982
1630749000,+3.49,+30.389, +5.357,+0.982
1630749060,+3.49,+30.380, +5.177,+0.982
1630749120,+3.49,+30.389, +5.152,+0.982
1630749180,+3.49,+30.389, +5.089,+0.981
1630749240,+3.49,+30.363, +5.024,+0.981
1630749300,+3.49,+30.389, +4.951,+0.981
1630749360,+3.49,+30.380, +4.893,+0.981
1630749420,+3.49,+30.363, +4.657,+0.981
1630749480,+3.49,+30.363, +4.506,+0.981
1630749540,+3.49,+30.372, +4.398,+0.981
1630749600,+3.49,+30.363, +4.493,+0.981
1630749660,+3.49,+30.355, +4.471,+0.982
1630749720,+3.49,+30.346, +4.390,+0.982
1630749780,+3.49,+30.346, +4.412,+0.982
1630749840,+3.49,+30.355, +4.382,+0.982
1630749900,+3.49,+30.346, +4.302,+0.982
1630749960,+3.49,+30.337, +4.185,+0.981
1630750020,+3.49,+30.337, +4.323,+0.981
1630750080,+3.49,+30.329, +4.488,+0.980
1630750140,+3.49,+30.329, +4.655,+0.980
1630750200,+3.49,+30.303, +4.758,+0.981
1630750260,+3.49,+30.320, +4.633,+0.980
1630750320,+3.49,+30.303, +4.709,+0.981
1630750380,+3.49,+30.311, +4.734,+0.982
1630750440,+3.49,+30.320, +4.902,+0.982
1630750500,+3.49,+30.303, +4.923,+0.982
1630750560,+3.49,+30.294, +5.072,+0.982
1630750620,+3.49,+30.303, +5.083,+0.982
1630750680,+3.49,+30.311, +4.951,+0.982
1630750740,+3.49,+30.294, +4.761,+0.983
1630750800,+3.49,+30.303, +4.610,+0.982
1630750860,+3.49,+30.303, +4.408,+0.981
1630750920,+3.49,+30.285, +4.158,+0.981
1630750980,+3.49,+30.285, +3.960,+0.981
1630751040,+3.49,+30.277, +4.161,+0.981
1630751100,+3.49,+30.277, +4.581,+0.982
1630751160,+3.49,+30.277, +4.742,+0.983
1630751220,+3.49,+30.259, +4.732,+0.983
1630751280,+3.49,+30.277, +4.917,+0.983
1630751340,+3.49,+30.277, +5.022,+0.983
1630751400,+3.49,+30.268, +5.018,+0.983
1630751460,+3.49,+30.268, +5.048,+0.983
1630751520,+3.49,+30.259, +5.006,+0.983
1630751580,+3.49,+30.251, +5.047,+0.983
1630751640,+3.49,+30.251, +5.121,+0.983
1630751700,+3.49,+30.225, +5.060,+0.982
1630751760,+3.49,+30.242, +5.039,+0.983
1630751820,+3.49,+30.242, +4.984,+0.983
1630751880,+3.49,+30.242, +4.931,+0.982
1630751940,+3.49,+30.234, +4.827,+0.983
1630752000,+3.49,+30.234, +4.689,+0.983
1630752060,+3.49,+30.242, +4.619,+0.983
1630752120,+3.49,+30.225, +4.586,+0.983
1630752180,+3.49,+30.216, +4.509,+0.982
1630752240,+3.49,+30.225, +4.603,+0.982
1630752300,+3.49,+30.208, +4.728,+0.981
1630752360,+3.49,+30.208, +4.749,+0.982
1630752420,+3.49,+30.199, +4.780,+0.982
1630752480,+3.49,+30.199, +4.757,+0.981
1630752540,+3.49,+30.208, +4.740,+0.982
1630752600,+3.49,+30.208, +4.797,+0.982
1630752660,+3.49,+30.199, +4.767,+0.983
1630752720,+3.49,+30.182, +4.673,+0.983
1630752780,+3.49,+30.208, +4.590,+0.983
1630752840,+3.49,+30.199, +4.548,+0.983
1630752900,+3.49,+30.182, +4.541,+0.982
1630752960,+3.49,+30.182, +4.455,+0.983
1630753020,+3.49,+30.173, +4.497,+0.983
1630753080,+3.49,+30.156, +4.524,+0.982
1630753140,+3.49,+30.164, +4.527,+0.983
1630753200,+3.49,+30.173, +4.520,+0.982
1630753260,+3.49,+30.164, +4.450,+0.983
1630753320,+3.49,+30.164, +4.432,+0.983
1630753380,+3.49,+30.156, +4.418,+0.982
1630753440,+3.49,+30.147, +4.350,+0.983
1630753500,+3.49,+30.156, +4.258,+0.982
1630753560,+3.49,+30.147, +4.311,+0.982
1630753620,+3.49,+30.121, +4.287,+0.983
1630753680,+3.49,+30.138, +4.280,+0.983
1630753740,+3.49,+30.104, +4.312,+0.983
1630753800,+3.49,+30.121, +4.320,+0.982
1630753860,+3.49,+30.130, +4.241,+0.983
1630753920,+3.49,+30.121, +4.251,+0.983
1630753980,+3.49,+30.130, +4.271,+0.983
1630754040,+3.49,+30.104, +4.261,+0.983
1630754100,+3.49,+30.113, +4.214,+0.983
1630754160,+3.49,+30.104, +4.202,+0.983
1630754220,+3.49,+30.095, +4.170,+0.983
1630754280,+3.49,+30.095, +4.121,+0.983
1630754340,+3.49,+30.113, +4.076,+0.984
1630754400,+3.49,+30.087, +4.079,+0.983
1630754460,+3.49,+30.095, +4.087,+0.983
1630754520,+3.49,+30.078, +4.070,+0.983
1630754580,+3.49,+30.078, +3.927,+0.984
1630754640,+3.49,+30.061, +3.865,+0.983
1630754700,+3.49,+30.061, +3.799,+0.984
1630754760,+3.49,+30.069, +3.769,+0.984
1630754820,+3.49,+30.061, +3.717,+0.984
1630754880,+3.49,+30.061, +3.763,+0.983
1630754940,+3.49,+30.052, +3.691,+0.983
1630755000,+3.49,+30.069, +3.743,+0.983
1630755060,+3.49,+30.035, +3.842,+0.983
1630755120,+3.49,+30.035, +3.900,+0.983
1630755180,+3.49,+30.043, +3.951,+0.984
1630755240,+3.49,+30.035, +3.997,+0.983
1630755300,+3.49,+30.035, +4.151,+0.984
1630755360,+3.49,+30.018, +4.174,+0.983
1630755420,+3.49,+30.018, +4.131,+0.983
1630755480,+3.49,+30.035, +4.147,+0.983
1630755540,+3.49,+30.018, +4.291,+0.983
1630755600,+3.49,+30.009, +4.474,+0.982
1630755660,+3.49,+30.018, +4.539,+0.983
1630755720,+3.49,+30.018, +4.484,+0.983
1630755780,+3.49,+30.009, +4.447,+0.983
1630755840,+3.49,+30.000, +4.339,+0.983
1630755900,+3.49,+30.000, +4.277,+0.983
1630755960,+3.49,+30.009, +4.207,+0.982
1630756020,+3.49,+30.000, +4.199,+0.982
1630756080,+3.49,+29.992, +4.200,+0.982
1630756140,+3.49,+30.000, +4.566,+0.982
1630756200,+3.49,+30.000, +4.614,+0.982
1630756260,+3.49,+29.966, +4.733,+0.983
1630756320,+3.49,+29.992, +4.866,+0.983
1630756380,+3.49,+29.983, +4.785,+0.983
1630756440,+3.49,+29.983, +4.831,+0.984
1630756500,+3.49,+29.992, +4.794,+0.983
1630756560,+3.49,+29.983, +4.692,+0.983
1630756620,+3.49,+29.983, +4.633,+0.983
1630756680,+3.49,+29.949, +4.590,+0.983
1630756740,+3.49,+29.949, +4.487,+0.983
1630756800,+3.49,+29.957, +4.403,+0.983
1630756860,+3.49,+29.957, +4.315,+0.983
1630756920,+3.49,+29.966, +4.291,+0.983
1630756980,+3.49,+29.957, +4.266,+0.983
1630757040,+3.49,+29.949, +4.430,+0.984
1630757100,+3.49,+29.957, +4.423,+0.984
1630757160,+3.49,+29.940, +4.368,+0.984
1630757220,+3.49,+29.949, +4.299,+0.984
1630757280,+3.49,+29.949, +4.183,+0.984
1630757340,+3.49,+29.949, +4.117,+0.983
1630757400,+3.49,+29.931, +4.080,+0.984
1630757460,+3.49,+29.949, +4.076,+0.984
1630757520,+3.49,+29.931, +4.040,+0.984
1630757580,+3.49,+29.957, +4.059,+0.983
1630757640,+3.49,+29.940, +4.020,+0.983
1630757700,+3.49,+29.940, +3.966,+0.984
1630757760,+3.49,+29.931, +4.084,+0.984
1630757820,+3.49,+29.931, +4.132,+0.984
1630757880,+3.49,+29.923, +4.301,+0.984
1630757940,+3.49,+29.923, +4.377,+0.984
1630758000,+3.49,+29.923, +4.329,+0.984
1630758060,+3.49,+29.914, +4.297,+0.984
1630758120,+3.49,+29.905, +4.182,+0.984
1630758180,+3.49,+29.914, +4.078,+0.984
1630758240,+3.49,+29.914, +3.993,+0.983
1630758300,+3.49,+29.914, +4.037,+0.984
1630758360,+3.49,+29.897, +4.105,+0.984
1630758420,+3.49,+29.923, +4.101,+0.983
1630758480,+3.49,+29.888, +4.183,+0.984
1630758540,+3.49,+29.905, +4.191,+0.984
1630758600,+3.49,+29.905, +4.140,+0.984
1630758660,+3.49,+29.888, +4.075,+0.984
1630758720,+3.49,+29.888, +4.043,+0.984
1630758780,+3.49,+29.880, +3.937,+0.985
1630758840,+3.49,+29.880, +3.932,+0.984
1630758900,+3.49,+29.888, +3.909,+0.984
1630758960,+3.49,+29.888, +3.871,+0.984
1630759020,+3.49,+29.880, +3.820,+0.984
1630759080,+3.49,+29.880, +3.755,+0.984
1630759140,+3.49,+29.871, +3.666,+0.984
1630759200,+3.49,+29.871, +3.601,+0.984
1630759260,+3.49,+29.888, +3.608,+0.984
1630759320,+3.49,+29.871, +3.600,+0.984
1630759380,+3.49,+29.871, +3.738,+0.984
1630759440,+3.49,+29.871, +3.693,+0.984
1630759500,+3.49,+29.871, +3.659,+0.984
1630759560,+3.49,+29.862, +3.884,+0.984
1630759620,+3.49,+29.854, +3.840,+0.984
1630759680,+3.49,+29.845, +3.779,+0.984
1630759740,+3.49,+29.854, +3.779,+0.984
1630759800,+3.49,+29.854, +3.765,+0.984
1630759860,+3.49,+29.845, +3.735,+0.984
1630759920,+3.49,+29.854, +3.679,+0.984
1630759980,+3.49,+29.862, +3.596,+0.985
1630760040,+3.49,+29.862, +3.727,+0.984
1630760100,+3.49,+29.845, +3.696,+0.985
1630760160,+3.49,+29.845, +3.636,+0.984
1630760220,+3.49,+29.828, +3.612,+0.984
1630760280,+3.49,+29.854, +3.547,+0.985
1630760340,+3.49,+29.828, +3.484,+0.985
1630760400,+3.49,+29.828, +3.423,+0.985
1630760460,+3.49,+29.845, +3.364,+0.985
1630760520,+3.49,+29.854, +3.267,+0.985
1630760580,+3.49,+29.845, +3.194,+0.985
1630760640,+3.49,+29.845, +3.195,+0.985
1630760700,+3.49,+29.828, +3.205,+0.984
1630760760,+3.49,+29.845, +3.170,+0.985
1630760820,+3.49,+29.845, +3.136,+0.984
1630760880,+3.49,+29.845, +3.161,+0.984
1630760940,+3.49,+29.854, +3.167,+0.984
1630761000,+3.49,+29.819, +3.139,+0.984
1630761060,+3.49,+29.828, +3.157,+0.984
1630761120,+3.49,+29.836, +3.126,+0.984
1630761180,+3.49,+29.828, +3.066,+0.984
1630761240,+3.49,+29.828, +2.965,+0.985
1630761300,+3.49,+29.836, +2.904,+0.984
1630761360,+3.49,+29.836, +2.828,+0.984
1630761420,+3.49,+29.819, +2.791,+0.985
1630761480,+3.49,+29.845, +2.749,+0.984
1630761540,+3.49,+29.811, +2.675,+0.984
1630761600,+3.49,+29.828, +2.621,+0.984
1630761660,+3.49,+29.819, +2.605,+0.985
1630761720,+3.49,+29.836, +2.585,+0.985
1630761780,+3.49,+29.811, +2.570,+0.985
1630761840,+3.49,+29.811, +2.526,+0.985
1630761900,+3.49,+29.819, +2.517,+0.985
1630761960,+3.49,+29.819, +2.532,+0.985
1630762020,+3.49,+29.802, +2.500,+0.985
1630762080,+3.49,+29.811, +2.514,+0.986
1630762140,+3.49,+29.811, +2.551,+0.985
1630762200,+3.49,+29.793, +2.532,+0.985
1630762260,+3.49,+29.802, +2.483,+0.985
1630762320,+3.49,+29.828, +2.385,+0.985
1630762380,+3.49,+29.811, +2.334,+0.984
1630762440,+3.49,+29.836, +2.317,+0.985
1630762500,+3.49,+29.828, +2.357,+0.985
1630762560,+3.49,+29.811, +2.368,+0.985
1630762620,+3.49,+29.819, +2.345,+0.985
1630762680,+3.49,+29.811, +2.344,+0.985
1630762740,+3.49,+29.802, +2.369,+0.985
1630762800,+3.49,+29.802, +2.346,+0.985
1630762860,+3.49,+29.802, +2.360,+0.985
1630762920,+3.49,+29.793, +2.375,+0.985
1630762980,+3.49,+29.811, +2.373,+0.985
1630763040,+3.49,+29.811, +2.340,+0.985
1630763100,+3.49,+29.802, +2.299,+0.985
1630763160,+3.49,+29.802, +2.310,+0.985
1630763220,+3.49,+29.785, +2.424,+0.986
1630763280,+3.49,+29.785, +2.465,+0.985
1630763340,+3.49,+29.811, +2.457,+0.985
1630763400,+3.49,+29.802, +2.466,+0.985
1630763460,+3.49,+29.793, +2.505,+0.985
1630763520,+3.49,+29.802, +2.559,+0.985
1630763580,+3.49,+29.802, +2.626,+0.985
1630763640,+3.49,+29.819, +2.698,+0.984
1630763700,+3.49,+29.819, +2.721,+0.984
1630763760,+3.49,+29.836, +2.671,+0.984
1630763820,+3.49,+29.828, +2.597,+0.984
1630763880,+3.49,+29.828, +2.562,+0.984
1630763940,+3.49,+29.819, +2.519,+0.984
1630764000,+3.49,+29.819, +2.475,+0.984
1630764060,+3.49,+29.836, +2.441,+0.984
1630764120,+3.49,+29.828, +2.431,+0.984
1630764180,+3.49,+29.828, +2.433,+0.985
1630764240,+3.49,+29.845, +2.432,+0.985
1630764300,+3.49,+29.845, +2.433,+0.985
1630764360,+3.49,+29.828, +2.452,+0.985
1630764420,+3.49,+29.819, +2.510,+0.985
1630764480,+3.49,+29.819, +2.641,+0.985
1630764540,+3.49,+29.828, +2.788,+0.984
1630764600,+3.49,+29.828, +2.923,+0.984
1630764660,+3.49,+29.836, +3.099,+0.983
1630764720,+3.49,+29.854, +3.245,+0.983
1630764780,+3.49,+29.871, +3.321,+0.983
1630764840,+3.49,+29.854, +3.453,+0.983
1630764900,+3.49,+29.888, +3.584,+0.982
1630764960,+3.49,+29.897, +3.736,+0.982
1630765020,+3.49,+29.897, +3.884,+0.982
1630765080,+3.49,+29.923, +3.994,+0.981
1630765140,+3.49,+29.923, +4.128,+0.981
1630765200,+3.49,+29.940, +4.287,+0.981
1630765260,+3.49,+29.940, +4.465,+0.980
1630765320,+3.49,+29.949, +4.578,+0.980
1630765380,+3.49,+29.974, +4.675,+0.980
1630765440,+3.49,+29.957, +4.703,+0.979
1630765500,+3.49,+29.983, +4.885,+0.980
1630765560,+3.49,+30.000, +5.049,+0.980
1630765620,+3.49,+30.018, +5.114,+0.980
1630765680,+3.49,+30.035, +5.199,+0.980
1630765740,+3.49,+30.035, +5.290,+0.981
1630765800,+3.49,+30.026, +5.351,+0.980
1630765860,+3.49,+30.052, +5.388,+0.980
1630765920,+3.49,+30.043, +5.346,+0.980
1630765980,+3.49,+30.043, +5.346,+0.980
1630766040,+3.49,+30.043, +5.255,+0.980
1630766100,+3.49,+30.009, +5.104,+0.980
1630766160,+3.49,+30.009, +4.985,+0.982
1630766220,+3.49,+30.009, +4.784,+0.981
1630766280,+3.49,+30.000, +4.653,+0.982
1630766340,+3.49,+29.974, +4.555,+0.983
1630766400,+3.49,+29.966, +4.618,+0.983
1630766460,+3.49,+29.983, +4.744,+0.983
1630766520,+3.49,+29.983, +4.853,+0.983
1630766580,+3.49,+30.009, +5.109,+0.983
1630766640,+3.49,+30.035, +5.412,+0.982
1630766700,+3.49,+30.052, +5.697,+0.981
1630766760,+3.49,+30.069, +5.879,+0.981
1630766820,+3.49,+30.078, +6.017,+0.981
1630766880,+3.49,+30.113, +6.150,+0.981
1630766940,+3.49,+30.121, +6.221,+0.980
1630767000,+3.49,+30.138, +6.278,+0.981
1630767060,+3.49,+30.173, +6.510,+0.982
1630767120,+3.49,+30.199, +6.683,+0.982
1630767180,+3.49,+30.208, +6.726,+0.981
1630767240,+3.49,+30.216, +6.759,+0.981
1630767300,+3.49,+30.225, +6.851,+0.981
1630767360,+3.49,+30.234, +6.815,+0.981
1630767420,+3.49,+30.225, +6.805,+0.981
1630767480,+3.49,+30.251, +6.820,+0.981
1630767540,+3.49,+30.259, +7.021,+0.981
1630767600,+3.49,+30.285, +7.147,+0.981
1630767660,+3.49,+30.294, +7.054,+0.981
1630767720,+3.49,+30.294, +7.008,+0.980
1630767780,+3.49,+30.285, +6.866,+0.980
1630767840,+3.49,+30.303, +6.940,+0.980
1630767900,+3.49,+30.320, +7.037,+0.981
1630767960,+3.49,+30.329, +7.097,+0.981
1630768020,+3.49,+30.337, +7.272,+0.981
1630768080,+3.49,+30.363, +7.326,+0.980
1630768140,+3.49,+30.372, +7.397,+0.980
1630768200,+3.49,+30.380, +7.473,+0.980
1630768260,+3.49,+30.398, +7.476,+0.980
1630768320,+3.49,+30.398, +7.491,+0.980
1630768380,+3.49,+30.389, +7.528,+0.980
1630768440,+3.49,+30.406, +7.573,+0.980
1630768500,+3.49,+30.398, +7.627,+0.980
1630768560,+3.49,+30.389, +7.717,+0.980
1630768620,+3.49,+30.380, +7.424,+0.979
1630768680,+3.49,+30.398, +7.205,+0.981
1630768740,+3.49,+30.389, +7.265,+0.980
1630768800,+3.49,+30.398, +7.441,+0.980
1630768860,+3.49,+30.406, +7.638,+0.981
1630768920,+3.49,+30.424, +7.794,+0.981
1630768980,+3.49,+30.432, +7.871,+0.981
1630769040,+3.49,+30.432, +7.719,+0.979
1630769100,+3.49,+30.398, +7.188,+0.979
1630769160,+3.49,+30.432, +7.230,+0.979
1630769220,+3.49,+30.441, +7.501,+0.980
1630769280,+3.49,+30.450, +7.774,+0.980
1630769340,+3.49,+30.458, +7.617,+0.979
1630769400,+3.49,+30.450, +7.387,+0.980
1630769460,+3.49,+30.415, +7.049,+0.981
1630769520,+3.49,+30.415, +6.950,+0.981
1630769580,+3.49,+30.441, +7.219,+0.980
1630769640,+3.49,+30.432, +7.273,+0.979
1630769700,+3.49,+30.467, +7.329,+0.980
1630769760,+3.48,+30.467, +7.602,+0.980
1630769820,+3.49,+30.484, +7.861,+0.980
1630769880,+3.48,+30.484, +8.014,+0.980
1630769940,+3.48,+30.502, +7.923,+0.979
1630770000,+3.48,+30.502, +7.933,+0.978
1630770060,+3.48,+30.545, +7.891,+0.978
1630770120,+3.48,+30.545, +8.094,+0.980
1630770180,+3.48,+30.554, +8.230,+0.980
1630770240,+3.48,+30.554, +8.299,+0.980
1630770300,+3.48,+30.545, +8.252,+0.981
1630770360,+3.48,+30.554, +8.246,+0.979
1630770420,+3.48,+30.580, +8.154,+0.980
1630770480,+3.48,+30.562, +7.962,+0.980
1630770540,+3.48,+30.597, +7.957,+0.979
1630770600,+3.48,+30.588, +7.954,+0.978
1630770660,+3.48,+30.606, +8.014,+0.979
1630770720,+3.48,+30.606, +8.107,+0.979
1630770780,+3.48,+30.632, +8.007,+0.979
1630770840,+3.48,+30.632, +8.178,+0.979
1630770900,+3.48,+30.640, +8.368,+0.980
1630770960,+3.48,+30.649, +8.536,+0.979
1630771020,+3.48,+30.640, +8.630,+0.980
1630771080,+3.48,+30.632, +8.557,+0.980
1630771140,+3.48,+30.614, +8.216,+0.981
1630771200,+3.48,+30.588, +7.869,+0.981
1630771260,+3.48,+30.614, +7.811,+0.980
1630771320,+3.48,+30.623, +7.893,+0.980
1630771380,+3.48,+30.666, +8.056,+0.979
1630771440,+3.48,+30.640, +7.827,+0.979
1630771500,+3.48,+30.666, +7.955,+0.980
1630771560,+3.48,+30.675, +8.237,+0.980
1630771620,+3.48,+30.675, +8.170,+0.980
1630771680,+3.48,+30.684, +8.364,+0.981
1630771740,+3.48,+30.684, +8.623,+0.981
1630771800,+3.48,+30.675, +8.188,+0.979
1630771860,+3.48,+30.692, +8.179,+0.978
1630771920,+3.48,+30.718, +8.399,+0.980
1630771980,+3.48,+30.727, +8.535,+0.980
1630772040,+3.48,+30.692, +8.307,+0.979
1630772100,+3.48,+30.684, +8.288,+0.981
1630772160,+3.48,+30.701, +8.360,+0.979
1630772220,+3.48,+30.710, +8.585,+0.980
1630772280,+3.48,+30.727, +8.397,+0.979
1630772340,+3.48,+30.753, +8.612,+0.980
1630772400,+3.48,+30.744, +8.670,+0.978
1630772460,+3.48,+30.762, +8.524,+0.979
1630772520,+3.48,+30.770, +8.507,+0.979
1630772580,+3.48,+30.788, +8.606,+0.979
1630772640,+3.48,+30.831, +8.740,+0.980
1630772700,+3.48,+30.840, +8.984,+0.980
1630772760,+3.48,+30.831, +9.068,+0.981
1630772820,+3.48,+30.840, +8.864,+0.979
1630772880,+3.48,+30.831, +8.928,+0.980
1630772940,+3.48,+30.848, +8.997,+0.980
1630773000,+3.49,+30.874, +9.103,+0.981
1630773060,+3.48,+30.874, +9.286,+0.981
1630773120,+3.49,+30.866, +9.175,+0.981
1630773180,+3.49,+30.874, +9.130,+0.980
1630773240,+3.49,+30.883, +9.143,+0.980
1630773300,+3.49,+30.874, +9.090,+0.980
1630773360,+3.49,+30.892, +8.904,+0.979
1630773420,+3.49,+30.900, +8.876,+0.980
1630773480,+3.48,+30.883, +9.212,+0.981
1630773540,+3.49,+30.909, +9.378,+0.981
1630773600,+3.49,+30.918, +9.462,+0.979
1630773660,+3.49,+30.909, +9.354,+0.979
1630773720,+3.49,+30.927, +9.133,+0.981
1630773780,+3.48,+30.900, +8.941,+0.980
1630773840,+3.49,+30.927, +8.741,+0.981
1630773900,+3.49,+30.953, +8.784,+0.980
1630773960,+3.49,+30.987, +9.105,+0.980
1630774020,+3.49,+30.953, +8.794,+0.979
1630774080,+3.49,+30.987, +8.838,+0.981
1630774140,+3.49,+31.039, +9.032,+0.980
1630774200,+3.49,+31.074, +9.042,+0.981
1630774260,+3.49,+31.083, +9.133,+0.981
1630774320,+3.49,+31.109, +9.220,+0.980
1630774380,+3.49,+31.126, +9.336,+0.981
1630774440,+3.49,+31.135, +9.475,+0.980
1630774500,+3.49,+31.161, +9.543,+0.980
1630774560,+3.49,+31.170, +9.650,+0.980
1630774620,+3.49,+31.187, +9.810,+0.981
1630774680,+3.49,+31.179, +9.857,+0.980
1630774740,+3.49,+31.152, +9.818,+0.980
1630774800,+3.49,+31.152, +9.751,+0.980
1630774860,+3.49,+31.126, +9.820,+0.980
1630774920,+3.49,+31.135, +9.845,+0.980
1630774980,+3.49,+31.144, +9.797,+0.980
1630775040,+3.49,+31.144, +9.888,+0.980
1630775100,+3.49,+31.161, +9.842,+0.980
1630775160,+3.49,+31.152, +9.941,+0.980
1630775220,+3.49,+31.161,+10.001,+0.980
1630775280,+3.49,+31.161, +9.970,+0.980
1630775340,+3.49,+31.187, +9.971,+0.980
1630775400,+3.49,+31.187, +9.921,+0.979
1630775460,+3.49,+31.179, +9.949,+0.981
1630775520,+3.49,+31.213, +9.899,+0.980
1630775580,+3.49,+31.213,+10.140,+0.981
1630775640,+3.49,+31.205,+10.219,+0.980
1630775700,+3.49,+31.231,+10.223,+0.981
1630775760,+3.49,+31.266,+10.285,+0.979
1630775820,+3.49,+31.239,+10.440,+0.981
1630775880,+3.49,+31.231,+10.341,+0.979
1630775940,+3.49,+31.239,+10.285,+0.981
1630776000,+3.49,+31.231,+10.248,+0.981
1630776060,+3.49,+31.257,+10.267,+0.982
1630776120,+3.49,+31.248,+10.196,+0.981
1630776180,+3.49,+31.274,+10.189,+0.981
1630776240,+3.49,+31.266,+10.266,+0.981
1630776300,+3.49,+31.283,+10.306,+0.981
1630776360,+3.49,+31.292,+10.422,+0.981
1630776420,+3.49,+31.292,+10.426,+0.981
1630776480,+3.49,+31.292,+10.326,+0.981
1630776540,+3.49,+31.309,+10.216,+0.980
1630776600,+3.49,+31.318,+10.201,+0.980
1630776660,+3.49,+31.353,+10.208,+0.981
1630776720,+3.49,+31.361,+10.348,+0.982
1630776780,+3.49,+31.361,+10.356,+0.980
1630776840,+3.49,+31.379,+10.414,+0.980
1630776900,+3.49,+31.387,+10.449,+0.981
1630776960,+3.49,+31.387,+10.261,+0.980
1630777020,+3.49,+31.396,+10.181,+0.980
1630777080,+3.49,+31.396,+10.325,+0.981
1630777140,+3.49,+31.431,+10.352,+0.980
1630777200,+3.49,+31.466,+10.567,+0.981
1630777260,+3.48,+31.509,+10.803,+0.981
1630777320,+3.48,+31.544,+10.885,+0.981
1630777380,+3.48,+31.588,+10.944,+0.981
1630777440,+3.48,+31.588,+10.984,+0.982
1630777500,+3.48,+31.588,+10.919,+0.981
1630777560,+3.48,+31.597,+10.861,+0.981
1630777620,+3.49,+31.579,+10.872,+0.981
1630777680,+3.48,+31.588,+10.869,+0.981
1630777740,+3.48,+31.570,+10.812,+0.981
1630777800,+3.48,+31.588,+10.809,+0.979
1630777860,+3.48,+31.605,+11.004,+0.982
1630777920,+3.48,+31.597,+11.024,+0.980
1630777980,+3.48,+31.605,+11.113,+0.981
1630778040,+3.48,+31.579,+11.098,+0.981
1630778100,+3.48,+31.579,+11.202,+0.981
1630778160,+3.48,+31.588,+11.195,+0.980
1630778220,+3.48,+31.579,+11.226,+0.981
1630778280,+3.48,+31.553,+11.301,+0.981
1630778340,+3.48,+31.597,+11.220,+0.980
1630778400,+3.48,+31.623,+11.152,+0.981
1630778460,+3.48,+31.658,+11.142,+0.981
1630778520,+3.48,+31.666,+11.378,+0.981
1630778580,+3.48,+31.693,+11.547,+0.981
1630778640,+3.48,+31.693,+11.507,+0.981
1630778700,+3.48,+31.736,+11.408,+0.980
1630778760,+3.48,+31.745,+11.511,+0.981
1630778820,+3.48,+31.762,+11.581,+0.981
1630778880,+3.48,+31.780,+11.497,+0.980
1630778940,+3.48,+31.815,+11.444,+0.980
1630779000,+3.48,+31.885,+11.455,+0.980
1630779060,+3.48,+31.902,+11.584,+0.982
1630779120,+3.48,+31.894,+11.701,+0.982
1630779180,+3.48,+31.928,+11.710,+0.982
1630779240,+3.48,+31.937,+11.848,+0.980
1630779300,+3.48,+31.955,+11.885,+0.981
1630779360,+3.48,+31.972,+12.032,+0.981
1630779420,+3.49,+31.998,+12.074,+0.981
1630779480,+3.49,+32.025,+12.294,+0.983
1630779540,+3.49,+32.060,+12.207,+0.982
1630779600,+3.49,+32.060,+12.243,+0.980
1630779660,+3.49,+32.077,+12.278,+0.982
1630779720,+3.49,+32.068,+12.237,+0.983
1630779780,+3.49,+32.060,+12.130,+0.980
1630779840,+3.49,+32.086,+12.097,+0.980
1630779900,+3.49,+32.086,+11.944,+0.981
1630779960,+3.49,+32.086,+11.730,+0.979
1630780020,+3.49,+32.086,+11.523,+0.981
1630780080,+3.49,+32.060,+11.582,+0.981
1630780140,+3.49,+32.095,+11.645,+0.980
1630780200,+3.49,+32.121,+11.854,+0.982
1630780260,+3.49,+32.121,+12.001,+0.981
1630780320,+3.49,+32.121,+12.155,+0.981
1630780380,+3.49,+32.103,+12.235,+0.981
1630780440,+3.49,+32.095,+12.211,+0.979
1630780500,+3.49,+32.068,+12.192,+0.981
1630780560,+3.49,+32.060,+12.157,+0.980
1630780620,+3.49,+32.068,+12.317,+0.981
1630780680,+3.49,+32.103,+12.288,+0.980
1630780740,+3.49,+32.130,+12.339,+0.979
1630780800,+3.49,+32.112,+12.378,+0.981
1630780860,+3.49,+32.121,+12.380,+0.980
1630780920,+3.49,+32.112,+12.414,+0.981
1630780980,+3.49,+32.139,+12.447,+0.981
1630781040,+3.49,+32.165,+12.452,+0.979
1630781100,+3.49,+32.182,+12.585,+0.982
1630781160,+3.49,+32.191,+12.664,+0.980
1630781220,+3.49,+32.235,+12.767,+0.981
1630781280,+3.49,+32.270,+12.801,+0.980
1630781340,+3.49,+32.314,+12.839,+0.980
1630781400,+3.49,+32.314,+12.803,+0.981
1630781460,+3.49,+32.296,+12.748,+0.982
1630781520,+3.49,+32.287,+12.577,+0.981
1630781580,+3.49,+32.252,+12.425,+0.980
1630781640,+3.49,+32.217,+12.417,+0.982
1630781700,+3.49,+32.217,+12.334,+0.981
1630781760,+3.49,+32.174,+12.321,+0.981
1630781820,+3.49,+32.182,+12.320,+0.981
1630781880,+3.49,+32.200,+12.424,+0.981
1630781940,+3.49,+32.217,+12.454,+0.980
1630782000,+3.49,+32.209,+12.513,+0.979
1630782060,+3.49,+32.209,+12.608,+0.981
1630782120,+3.49,+32.209,+12.551,+0.980
1630782180,+3.49,+32.174,+12.472,+0.981
1630782240,+3.49,+32.165,+12.570,+0.980
1630782300,+3.49,+32.209,+12.759,+0.983
1630782360,+3.49,+32.200,+12.858,+0.981
1630782420,+3.49,+32.200,+12.930,+0.981
1630782480,+3.49,+32.244,+12.987,+0.981
1630782540,+3.49,+32.279,+12.962,+0.982
1630782600,+3.49,+32.305,+12.871,+0.980
1630782660,+3.49,+32.349,+12.955,+0.982
1630782720,+3.49,+32.428,+12.961,+0.980
1630782780,+3.49,+32.463,+13.009,+0.979
1630782840,+3.49,+32.516,+13.063,+0.980
1630782900,+3.49,+32.542,+13.032,+0.980
1630782960,+3.49,+32.586,+13.229,+0.981
1630783020,+3.49,+32.612,+13.269,+0.981
1630783080,+3.48,+32.647,+13.274,+0.981
1630783140,+3.49,+32.665,+13.398,+0.979
1630783200,+3.49,+32.665,+13.440,+0.981
1630783260,+3.49,+32.656,+13.542,+0.981
1630783320,+3.49,+32.656,+13.513,+0.981
1630783380,+3.48,+32.674,+13.282,+0.980
1630783440,+3.48,+32.709,+13.154,+0.980
1630783500,+3.48,+32.709,+13.331,+0.980
1630783560,+3.48,+32.709,+13.400,+0.981
1630783620,+3.48,+32.718,+13.258,+0.981
1630783680,+3.48,+32.744,+13.275,+0.980
1630783740,+3.48,+32.744,+13.386,+0.981
1630783800,+3.48,+32.753,+13.092,+0.981
1630783860,+3.48,+32.788,+13.036,+0.981
1630783920,+3.48,+32.806,+13.091,+0.980
1630783980,+3.48,+32.832,+13.136,+0.981
1630784040,+3.48,+32.814,+13.174,+0.981
1630784100,+3.48,+32.814,+13.209,+0.980
1630784160,+3.48,+32.788,+13.255,+0.981
1630784220,+3.48,+32.762,+13.263,+0.980
1630784280,+3.48,+32.762,+13.322,+0.980
1630784340,+3.48,+32.762,+13.387,+0.980
1630784400,+3.48,+32.788,+13.229,+0.980
1630784460,+3.48,+32.823,+13.277,+0.980
1630784520,+3.48,+32.850,+13.399,+0.980
1630784580,+3.48,+32.841,+13.533,+0.979
1630784640,+3.48,+32.841,+13.618,+0.981
1630784700,+3.48,+32.823,+13.293,+0.980
1630784760,+3.48,+32.841,+13.307,+0.980
1630784820,+3.48,+32.867,+13.358,+0.979
1630784880,+3.48,+32.885,+13.470,+0.980
1630784940,+3.48,+32.902,+13.387,+0.982
1630785000,+3.48,+32.902,+13.392,+0.980
1630785060,+3.48,+32.955,+13.484,+0.982
1630785120,+3.48,+32.982,+13.477,+0.980
1630785180,+3.48,+32.973,+13.592,+0.982
1630785240,+3.48,+32.999,+13.488,+0.980
1630785300,+3.48,+32.973,+13.523,+0.980
1630785360,+3.48,+32.929,+13.597,+0.981
1630785420,+3.48,+32.946,+13.666,+0.981
1630785480,+3.48,+32.964,+13.687,+0.980
1630785540,+3.48,+32.938,+13.843,+0.980
1630785600,+3.48,+32.894,+13.944,+0.981
1630785660,+3.48,+32.902,+14.026,+0.981
1630785720,+3.48,+32.920,+14.073,+0.980
1630785780,+3.48,+32.929,+14.124,+0.979
1630785840,+3.48,+32.946,+14.166,+0.981
1630785900,+3.48,+32.955,+14.219,+0.979
1630785960,+3.48,+32.929,+14.260,+0.980
1630786020,+3.48,+32.946,+14.301,+0.980
1630786080,+3.48,+32.946,+14.336,+0.979
1630786140,+3.48,+32.929,+14.414,+0.980
1630786200,+3.48,+32.920,+14.435,+0.980
1630786260,+3.48,+32.946,+14.483,+0.982
1630786320,+3.48,+33.017,+14.339,+0.980
1630786380,+3.48,+33.026,+14.213,+0.981
1630786440,+3.48,+33.008,+14.189,+0.979
1630786500,+3.48,+33.026,+14.306,+0.982
1630786560,+3.48,+33.079,+14.354,+0.981
1630786620,+3.49,+33.105,+14.423,+0.980
1630786680,+3.49,+33.123,+14.486,+0.980
1630786740,+3.49,+33.149,+14.542,+0.981
1630786800,+3.49,+33.167,+14.412,+0.978
1630786860,+3.49,+33.132,+14.340,+0.980
1630786920,+3.49,+33.087,+14.361,+0.981
1630786980,+3.48,+33.061,+14.375,+0.981
1630787040,+3.48,+33.052,+14.431,+0.979
1630787100,+3.48,+33.079,+14.412,+0.979
1630787160,+3.48,+33.087,+14.384,+0.980
1630787220,+3.48,+33.052,+14.501,+0.981
1630787280,+3.49,+33.096,+14.468,+0.979
1630787340,+3.49,+33.114,+14.586,+0.981
1630787400,+3.49,+33.140,+14.655,+0.981
1630787460,+3.49,+33.132,+14.723,+0.981
1630787520,+3.49,+33.184,+14.785,+0.981
1630787580,+3.49,+33.220,+14.766,+0.980
1630787640,+3.49,+33.273,+14.704,+0.980
1630787700,+3.49,+33.290,+14.705,+0.982
1630787760,+3.49,+33.290,+14.688,+0.981
1630787820,+3.49,+33.308,+14.766,+0.980
1630787880,+3.49,+33.352,+14.773,+0.980
1630787940,+3.49,+33.396,+14.834,+0.980
1630788000,+3.49,+33.414,+14.952,+0.980
1630788060,+3.49,+33.458,+15.026,+0.980
1630788120,+3.49,+33.503,+15.022,+0.979
1630788180,+3.49,+33.494,+15.116,+0.981
1630788240,+3.49,+33.511,+15.166,+0.978
1630788300,+3.49,+33.520,+15.203,+0.979
1630788360,+3.49,+33.529,+15.196,+0.980
1630788420,+3.49,+33.520,+15.183,+0.980
1630788480,+3.49,+33.538,+15.152,+0.979
1630788540,+3.49,+33.529,+15.177,+0.979
1630788600,+3.49,+33.547,+15.150,+0.979
1630788660,+3.49,+33.538,+15.112,+0.979
1630788720,+3.49,+33.547,+15.074,+0.979
1630788780,+3.49,+33.564,+15.039,+0.980
1630788840,+3.49,+33.538,+15.019,+0.979
1630788900,+3.49,+33.538,+15.017,+0.980
1630788960,+3.49,+33.529,+14.944,+0.979
1630789020,+3.49,+33.520,+14.925,+0.980
1630789080,+3.49,+33.511,+14.903,+0.979
1630789140,+3.49,+33.511,+15.035,+0.979
1630789200,+3.49,+33.494,+15.146,+0.979
1630789260,+3.49,+33.494,+15.208,+0.978
1630789320,+3.49,+33.494,+15.363,+0.981
1630789380,+3.49,+33.494,+15.342,+0.980
1630789440,+3.49,+33.476,+15.279,+0.980
1630789500,+3.49,+33.467,+15.201,+0.980
1630789560,+3.49,+33.432,+15.181,+0.979
1630789620,+3.49,+33.414,+15.208,+0.980
1630789680,+3.49,+33.370,+15.207,+0.980
1630789740,+3.49,+33.352,+15.210,+0.978
1630789800,+3.49,+33.370,+15.242,+0.980
1630789860,+3.49,+33.396,+15.305,+0.982
1630789920,+3.49,+33.432,+15.228,+0.979
1630789980,+3.49,+33.458,+15.310,+0.979
1630790040,+3.49,+33.556,+15.293,+0.980
1630790100,+3.49,+33.591,+15.315,+0.979
1630790160,+3.49,+33.582,+15.419,+0.980
1630790220,+3.49,+33.591,+15.436,+0.980
1630790280,+3.49,+33.573,+15.353,+0.977
1630790340,+3.49,+33.591,+15.450,+0.981
1630790400,+3.49,+33.609,+15.446,+0.979
1630790460,+3.49,+33.644,+15.458,+0.978
1630790520,+3.49,+33.671,+15.532,+0.981
1630790580,+3.49,+33.715,+15.531,+0.981
1630790640,+3.49,+33.742,+15.506,+0.979
1630790700,+3.49,+33.759,+15.535,+0.980
1630790760,+3.49,+33.724,+15.640,+0.980
1630790820,+3.49,+33.777,+15.615,+0.980
1630790880,+3.49,+33.750,+15.642,+0.980
1630790940,+3.49,+33.795,+15.605,+0.979
1630791000,+3.49,+33.786,+15.610,+0.979
1630791060,+3.49,+33.795,+15.610,+0.978
1630791120,+3.49,+33.786,+15.627,+0.978
1630791180,+3.49,+33.777,+15.626,+0.978
1630791240,+3.49,+33.768,+15.621,+0.979
1630791300,+3.49,+33.786,+15.650,+0.981
1630791360,+3.49,+33.768,+15.615,+0.980
1630791420,+3.49,+33.759,+15.516,+0.976
1630791480,+3.49,+33.750,+15.666,+0.980
1630791540,+3.49,+33.768,+15.591,+0.979
1630791600,+3.49,+33.750,+15.663,+0.980
1630791660,+3.49,+33.768,+15.731,+0.980
1630791720,+3.49,+33.750,+15.734,+0.979
1630791780,+3.49,+33.786,+15.761,+0.979
1630791840,+3.49,+33.768,+15.761,+0.979
1630791900,+3.49,+33.795,+15.848,+0.980
1630791960,+3.49,+33.821,+15.751,+0.978
1630792020,+3.49,+33.848,+15.965,+0.982
1630792080,+3.49,+33.901,+15.975,+0.980
1630792140,+3.49,+33.901,+15.907,+0.979
1630792200,+3.49,+33.883,+15.986,+0.980
1630792260,+3.49,+33.866,+15.977,+0.980
1630792320,+3.49,+33.857,+16.026,+0.981
1630792380,+3.49,+33.857,+16.011,+0.980
1630792440,+3.49,+33.866,+15.994,+0.979
1630792500,+3.49,+33.830,+15.959,+0.979
1630792560,+3.49,+33.768,+15.969,+0.979
1630792620,+3.49,+33.715,+15.943,+0.978
1630792680,+3.49,+33.715,+15.905,+0.979
1630792740,+3.49,+33.680,+15.908,+0.980
1630792800,+3.49,+33.626,+15.945,+0.979
1630792860,+3.49,+33.626,+15.967,+0.979
1630792920,+3.49,+33.591,+15.977,+0.979
1630792980,+3.49,+33.582,+16.012,+0.980
1630793040,+3.49,+33.564,+15.992,+0.977
1630793100,+3.49,+33.582,+16.106,+0.979
1630793160,+3.49,+33.582,+16.153,+0.980
1630793220,+3.49,+33.600,+16.074,+0.980
1630793280,+3.49,+33.609,+16.097,+0.981
1630793340,+3.49,+33.609,+16.106,+0.981
1630793400,+3.49,+33.618,+16.081,+0.980
1630793460,+3.49,+33.600,+16.121,+0.981
1630793520,+3.49,+33.609,+16.115,+0.980
1630793580,+3.49,+33.635,+16.126,+0.980
1630793640,+3.49,+33.653,+15.969,+0.981
1630793700,+3.49,+33.644,+15.918,+0.980
1630793760,+3.49,+33.671,+15.906,+0.981
1630793820,+3.49,+33.688,+16.035,+0.983
1630793880,+3.49,+33.733,+15.932,+0.980
1630793940,+3.49,+33.768,+15.850,+0.978
1630794000,+3.49,+33.742,+15.846,+0.978
1630794060,+3.49,+33.777,+15.979,+0.980
1630794120,+3.49,+33.795,+15.964,+0.980
1630794180,+3.49,+33.804,+16.080,+0.981
1630794240,+3.49,+33.857,+16.054,+0.980
1630794300,+3.49,+33.839,+16.040,+0.980
1630794360,+3.49,+33.848,+16.058,+0.981
1630794420,+3.49,+33.866,+16.041,+0.979
1630794480,+3.49,+33.892,+16.138,+0.979
1630794540,+3.49,+33.910,+16.116,+0.980
1630794600,+3.49,+33.937,+16.085,+0.980
1630794660,+3.49,+33.972,+16.116,+0.980
1630794720,+3.49,+33.990,+16.162,+0.981
1630794780,+3.49,+34.016,+16.063,+0.979
1630794840,+3.49,+34.016,+16.010,+0.980
1630794900,+3.49,+34.025,+16.047,+0.980
1630794960,+3.49,+34.025,+16.046,+0.980
1630795020,+3.49,+34.034,+16.080,+0.981
1630795080,+3.49,+34.016,+16.025,+0.979
1630795140,+3.49,+34.043,+16.009,+0.978
1630795200,+3.49,+34.061,+15.964,+0.979
1630795260,+3.49,+34.061,+15.890,+0.978
1630795320,+3.49,+34.052,+15.788,+0.979
1630795380,+3.49,+34.043,+15.703,+0.979
1630795440,+3.49,+34.034,+15.647,+0.980
1630795500,+3.49,+34.070,+15.594,+0.979
1630795560,+3.49,+34.043,+15.710,+0.979
1630795620,+3.49,+34.016,+15.896,+0.978
1630795680,+3.49,+33.945,+16.065,+0.980
1630795740,+3.49,+33.901,+16.152,+0.980
1630795800,+3.49,+33.848,+16.021,+0.979
1630795860,+3.49,+33.839,+15.977,+0.979
1630795920,+3.49,+33.857,+15.985,+0.979
1630795980,+3.49,+33.857,+15.881,+0.979
1630796040,+3.49,+33.857,+15.668,+0.978
1630796100,+3.49,+33.848,+15.629,+0.979
1630796160,+3.49,+33.830,+15.540,+0.978
1630796220,+3.49,+33.804,+15.451,+0.979
1630796280,+3.49,+33.804,+15.541,+0.981
1630796340,+3.49,+33.830,+15.451,+0.980
1630796400,+3.49,+33.759,+15.597,+0.980
1630796460,+3.49,+33.777,+15.696,+0.979
1630796520,+3.49,+33.812,+15.649,+0.979
1630796580,+3.49,+33.830,+15.610,+0.980
1630796640,+3.49,+33.866,+15.579,+0.980
1630796700,+3.49,+33.866,+15.500,+0.981
1630796760,+3.49,+33.821,+15.258,+0.979
1630796820,+3.49,+33.848,+15.265,+0.979
1630796880,+3.49,+33.857,+15.244,+0.980
1630796940,+3.49,+33.866,+15.111,+0.979
1630797000,+3.49,+33.857,+15.003,+0.981
1630797060,+3.49,+33.866,+14.862,+0.977
1630797120,+3.49,+33.857,+14.851,+0.980
1630797180,+3.49,+33.848,+14.888,+0.982
1630797240,+3.49,+33.839,+15.092,+0.980
1630797300,+3.49,+33.839,+15.232,+0.979
1630797360,+3.49,+33.839,+15.253,+0.981
1630797420,+3.49,+33.866,+15.183,+0.980
1630797480,+3.49,+33.901,+15.005,+0.977
1630797540,+3.49,+33.883,+14.972,+0.979
1630797600,+3.49,+33.883,+14.823,+0.977
1630797660,+3.49,+33.892,+14.909,+0.981
1630797720,+3.49,+33.937,+15.327,+0.979
1630797780,+3.49,+33.945,+15.588,+0.981
1630797840,+3.49,+33.954,+15.607,+0.980
1630797900,+3.49,+33.972,+15.548,+0.981
1630797960,+3.49,+33.990,+15.503,+0.979
1630798020,+3.49,+34.025,+15.448,+0.979
1630798080,+3.49,+34.025,+15.328,+0.980
1630798140,+3.49,+34.025,+15.178,+0.980
1630798200,+3.49,+34.008,+14.927,+0.980
1630798260,+3.49,+34.008,+14.791,+0.980
1630798320,+3.49,+34.008,+14.836,+0.979
1630798380,+3.49,+33.990,+14.576,+0.979
1630798440,+3.49,+33.990,+14.501,+0.979
1630798500,+3.49,+33.945,+14.454,+0.980
1630798560,+3.49,+33.919,+14.481,+0.978
1630798620,+3.49,+33.928,+14.562,+0.980
1630798680,+3.49,+33.937,+14.469,+0.977
1630798740,+3.49,+33.945,+14.420,+0.979
1630798800,+3.49,+33.937,+14.306,+0.980
1630798860,+3.49,+33.954,+14.213,+0.979
1630798920,+3.49,+33.972,+14.170,+0.980
1630798980,+3.49,+33.954,+14.248,+0.979
1630799040,+3.49,+33.954,+14.360,+0.979
1630799100,+3.49,+33.945,+14.516,+0.978
1630799160,+3.49,+33.963,+14.536,+0.980
1630799220,+3.49,+33.963,+14.717,+0.980
1630799280,+3.49,+33.954,+14.719,+0.978
1630799340,+3.49,+33.937,+14.807,+0.979
1630799400,+3.49,+33.937,+14.770,+0.978
1630799460,+3.49,+33.945,+14.710,+0.977
1630799520,+3.49,+33.945,+14.724,+0.983
1630799580,+3.49,+33.928,+14.645,+0.979
1630799640,+3.49,+33.919,+14.603,+0.980
1630799700,+3.49,+33.901,+14.509,+0.980
1630799760,+3.49,+33.883,+14.453,+0.979
1630799820,+3.49,+33.848,+14.546,+0.980
1630799880,+3.49,+33.857,+14.570,+0.977
1630799940,+3.49,+33.848,+14.657,+0.979
1630800000,+3.49,+33.839,+14.547,+0.979
1630800060,+3.49,+33.848,+14.561,+0.978
1630800120,+3.49,+33.839,+14.540,+0.978
1630800180,+3.49,+33.839,+14.588,+0.980
1630800240,+3.49,+33.839,+14.588,+0.980
1630800300,+3.49,+33.848,+14.572,+0.979
1630800360,+3.49,+33.857,+14.498,+0.980
1630800420,+3.49,+33.848,+14.362,+0.980
1630800480,+3.49,+33.812,+14.351,+0.980
1630800540,+3.49,+33.839,+14.307,+0.981
1630800600,+3.49,+33.848,+14.131,+0.980
1630800660,+3.49,+33.848,+14.046,+0.980
1630800720,+3.49,+33.866,+13.868,+0.979
1630800780,+3.49,+33.848,+13.768,+0.979
1630800840,+3.49,+33.839,+13.768,+0.979
1630800900,+3.49,+33.839,+14.078,+0.979
1630800960,+3.49,+33.848,+14.241,+0.980
1630801020,+3.49,+33.839,+14.035,+0.978
1630801080,+3.49,+33.848,+13.848,+0.981
1630801140,+3.49,+33.839,+13.721,+0.979
1630801200,+3.49,+33.821,+13.706,+0.979
1630801260,+3.49,+33.830,+13.558,+0.980
1630801320,+3.49,+33.848,+13.661,+0.978
1630801380,+3.49,+33.848,+13.844,+0.980
1630801440,+3.49,+33.830,+13.931,+0.979
1630801500,+3.49,+33.821,+13.890,+0.978
1630801560,+3.49,+33.812,+13.792,+0.979
1630801620,+3.49,+33.839,+13.601,+0.980
1630801680,+3.49,+33.830,+13.405,+0.980
1630801740,+3.49,+33.839,+13.394,+0.978
1630801800,+3.49,+33.830,+13.487,+0.977
1630801860,+3.49,+33.848,+13.591,+0.979
1630801920,+3.49,+33.848,+13.511,+0.979
1630801980,+3.49,+33.839,+13.451,+0.980
1630802040,+3.49,+33.839,+13.346,+0.979
1630802100,+3.49,+33.848,+13.208,+0.979
1630802160,+3.49,+33.830,+13.172,+0.980
1630802220,+3.49,+33.839,+12.939,+0.980
1630802280,+3.49,+33.857,+13.171,+0.981
1630802340,+3.49,+33.866,+13.292,+0.979
1630802400,+3.49,+33.874,+13.495,+0.981
1630802460,+3.49,+33.857,+13.441,+0.980
1630802520,+3.49,+33.874,+13.270,+0.978
1630802580,+3.49,+33.857,+13.262,+0.979
1630802640,+3.49,+33.857,+13.132,+0.979
1630802700,+3.49,+33.866,+13.252,+0.979
1630802760,+3.49,+33.857,+13.176,+0.977
1630802820,+3.49,+33.848,+13.034,+0.981
1630802880,+3.49,+33.848,+12.839,+0.979
1630802940,+3.49,+33.830,+12.669,+0.979
1630803000,+3.49,+33.830,+12.525,+0.979
1630803060,+3.49,+33.830,+12.376,+0.979
1630803120,+3.49,+33.830,+12.243,+0.978
1630803180,+3.49,+33.821,+12.319,+0.978
1630803240,+3.49,+33.804,+12.797,+0.978
1630803300,+3.49,+33.795,+12.918,+0.980
1630803360,+3.49,+33.812,+12.757,+0.980
1630803420,+3.49,+33.821,+12.492,+0.977
1630803480,+3.49,+33.830,+12.314,+0.978
1630803540,+3.49,+33.821,+12.145,+0.978
1630803600,+3.49,+33.830,+11.993,+0.981
1630803660,+3.49,+33.821,+11.867,+0.979
1630803720,+3.49,+33.786,+11.845,+0.978
1630803780,+3.49,+33.804,+11.822,+0.979
1630803840,+3.49,+33.804,+11.945,+0.981
1630803900,+3.49,+33.777,+11.871,+0.978
1630803960,+3.49,+33.777,+11.995,+0.979
1630804020,+3.49,+33.777,+12.068,+0.979
1630804080,+3.49,+33.786,+11.876,+0.979
1630804140,+3.49,+33.786,+11.789,+0.978
