7450-387970
OS REV: 1.05 Sensor Cal: 1615486469
Time (sec),  BV (Volts),  T (deg C),  DO (mg/l),  Q ()
1630890600,+3.49,+33.361,+14.408,+0.980
1630890660,+3.49,+33.352,+14.414,+0.980
1630890720,+3.49,+33.352,+14.206,+0.980
1630890780,+3.49,+33.326,+14.124,+0.981
1630890840,+3.49,+33.326,+14.033,+0.981
1630890900,+3.49,+33.308,+14.013,+0.981
1630890960,+3.49,+33.308,+13.988,+0.980
1630891020,+3.49,+33.299,+13.946,+0.980
1630891080,+3.49,+33.290,+14.081,+0.981
1630891140,+3.49,+33.282,+14.186,+0.980
1630891200,+3.49,+33.282,+14.257,+0.981
1630891260,+3.49,+33.264,+14.241,+0.982
1630891320,+3.49,+33.255,+14.152,+0.981
1630891380,+3.49,+33.246,+14.177,+0.981
1630891440,+3.49,+33.237,+14.176,+0.982
1630891500,+3.49,+33.246,+14.039,+0.982
1630891560,+3.49,+33.220,+13.796,+0.982
1630891620,+3.49,+33.220,+13.837,+0.982
1630891680,+3.49,+33.202,+13.853,+0.982
1630891740,+3.49,+33.193,+13.869,+0.981
1630891800,+3.49,+33.193,+13.805,+0.982
1630891860,+3.49,+33.184,+13.721,+0.982
1630891920,+3.49,+33.184,+13.720,+0.982
1630891980,+3.49,+33.167,+13.586,+0.980
1630892040,+3.49,+33.158,+13.430,+0.981
1630892100,+3.49,+33.149,+13.257,+0.981
1630892160,+3.49,+33.149,+13.115,+0.983
1630892220,+3.49,+33.132,+13.215,+0.981
1630892280,+3.49,+33.123,+13.517,+0.980
1630892340,+3.49,+33.123,+13.545,+0.981
1630892400,+3.49,+33.114,+13.323,+0.981
1630892460,+3.49,+33.096,+13.284,+0.983
1630892520,+3.49,+33.105,+13.173,+0.981
1630892580,+3.49,+33.087,+13.213,+0.980
1630892640,+3.49,+33.096,+13.162,+0.981
1630892700,+3.49,+33.070,+13.051,+0.981
1630892760,+3.49,+33.052,+12.991,+0.981
1630892820,+3.49,+33.070,+13.127,+0.982
1630892880,+3.49,+33.052,+13.253,+0.981
1630892940,+3.49,+33.052,+13.259,+0.981
1630893000,+3.49,+33.026,+13.318,+0.981
1630893060,+3.49,+33.026,+13.425,+0.982
1630893120,+3.49,+33.017,+13.496,+0.983
1630893180,+3.49,+33.026,+13.496,+0.983
1630893240,+3.49,+33.017,+13.237,+0.982
1630893300,+3.49,+33.008,+13.104,+0.982
1630893360,+3.49,+32.991,+13.210,+0.981
1630893420,+3.49,+32.973,+13.372,+0.981
1630893480,+3.49,+32.964,+13.587,+0.981
1630893540,+3.49,+32.964,+13.718,+0.982
1630893600,+3.49,+32.955,+13.760,+0.980
1630893660,+3.49,+32.946,+13.648,+0.982
1630893720,+3.49,+32.946,+13.576,+0.983
1630893780,+3.49,+32.929,+13.438,+0.983
1630893840,+3.49,+32.920,+13.202,+0.981
1630893900,+3.49,+32.911,+12.926,+0.980
1630893960,+3.49,+32.902,+12.909,+0.981
1630894020,+3.49,+32.920,+13.102,+0.982
1630894080,+3.49,+32.902,+13.214,+0.983
1630894140,+3.49,+32.894,+13.251,+0.981
1630894200,+3.49,+32.894,+13.175,+0.982
1630894260,+3.49,+32.894,+13.161,+0.983
1630894320,+3.49,+32.858,+13.137,+0.982
1630894380,+3.49,+32.867,+13.082,+0.982
1630894440,+3.49,+32.858,+13.167,+0.982
1630894500,+3.49,+32.850,+13.068,+0.981
1630894560,+3.49,+32.841,+12.906,+0.982
1630894620,+3.49,+32.832,+12.545,+0.982
1630894680,+3.49,+32.814,+12.679,+0.980
1630894740,+3.49,+32.823,+12.913,+0.981
1630894800,+3.49,+32.814,+13.142,+0.982
1630894860,+3.49,+32.797,+13.229,+0.983
1630894920,+3.49,+32.797,+12.968,+0.983
1630894980,+3.49,+32.788,+12.893,+0.981
1630895040,+3.49,+32.779,+12.805,+0.983
1630895100,+3.49,+32.779,+12.484,+0.982
1630895160,+3.49,+32.779,+12.511,+0.980
1630895220,+3.49,+32.779,+12.744,+0.980
1630895280,+3.49,+32.779,+12.631,+0.981
1630895340,+3.49,+32.753,+12.463,+0.982
1630895400,+3.49,+32.762,+12.374,+0.981
1630895460,+3.49,+32.735,+12.427,+0.982
1630895520,+3.49,+32.735,+12.244,+0.981
1630895580,+3.49,+32.744,+12.195,+0.980
1630895640,+3.49,+32.718,+12.005,+0.980
1630895700,+3.49,+32.726,+11.935,+0.981
1630895760,+3.49,+32.691,+11.823,+0.982
1630895820,+3.49,+32.691,+11.645,+0.982
1630895880,+3.49,+32.700,+11.521,+0.981
1630895940,+3.49,+32.691,+11.521,+0.982
1630896000,+3.49,+32.682,+11.451,+0.981
1630896060,+3.49,+32.665,+11.508,+0.981
1630896120,+3.49,+32.656,+11.604,+0.982
1630896180,+3.49,+32.656,+11.534,+0.981
1630896240,+3.49,+32.656,+11.451,+0.982
1630896300,+3.49,+32.647,+11.514,+0.981
1630896360,+3.49,+32.630,+11.509,+0.980
1630896420,+3.49,+32.630,+11.559,+0.981
1630896480,+3.49,+32.621,+11.858,+0.982
1630896540,+3.49,+32.621,+11.949,+0.981
1630896600,+3.49,+32.603,+11.806,+0.980
1630896660,+3.49,+32.612,+12.022,+0.980
1630896720,+3.49,+32.595,+12.330,+0.981
1630896780,+3.49,+32.595,+12.566,+0.981
1630896840,+3.49,+32.586,+12.711,+0.981
1630896900,+3.49,+32.577,+12.582,+0.982
1630896960,+3.49,+32.568,+12.259,+0.983
1630897020,+3.49,+32.577,+12.342,+0.981
1630897080,+3.49,+32.559,+12.412,+0.983
1630897140,+3.49,+32.542,+12.318,+0.982
1630897200,+3.49,+32.542,+12.367,+0.983
1630897260,+3.49,+32.524,+12.386,+0.981
1630897320,+3.49,+32.542,+12.219,+0.981
1630897380,+3.49,+32.516,+12.032,+0.983
1630897440,+3.49,+32.524,+12.129,+0.982
1630897500,+3.49,+32.516,+12.041,+0.981
1630897560,+3.49,+32.480,+12.117,+0.983
1630897620,+3.49,+32.498,+12.044,+0.983
1630897680,+3.49,+32.498,+11.547,+0.980
1630897740,+3.49,+32.480,+11.419,+0.981
1630897800,+3.49,+32.480,+11.633,+0.982
1630897860,+3.49,+32.454,+11.693,+0.981
1630897920,+3.49,+32.472,+11.514,+0.981
1630897980,+3.49,+32.463,+11.761,+0.981
1630898040,+3.49,+32.437,+11.904,+0.981
1630898100,+3.49,+32.437,+11.679,+0.981
1630898160,+3.49,+32.437,+11.384,+0.982
1630898220,+3.49,+32.437,+11.205,+0.981
1630898280,+3.49,+32.437,+11.145,+0.981
1630898340,+3.49,+32.410,+11.400,+0.982
1630898400,+3.49,+32.410,+11.796,+0.981
1630898460,+3.49,+32.393,+11.879,+0.983
1630898520,+3.49,+32.393,+11.762,+0.981
1630898580,+3.49,+32.384,+11.653,+0.981
1630898640,+3.49,+32.384,+11.910,+0.981
1630898700,+3.49,+32.358,+12.347,+0.983
1630898760,+3.49,+32.358,+12.451,+0.982
1630898820,+3.49,+32.366,+12.307,+0.984
1630898880,+3.49,+32.358,+11.824,+0.982
1630898940,+3.49,+32.349,+11.880,+0.983
1630899000,+3.49,+32.349,+12.040,+0.982
1630899060,+3.49,+32.340,+11.732,+0.981
1630899120,+3.49,+32.323,+11.835,+0.983
1630899180,+3.49,+32.314,+11.685,+0.983
1630899240,+3.49,+32.323,+11.525,+0.983
1630899300,+3.49,+32.296,+11.391,+0.981
1630899360,+3.49,+32.305,+11.428,+0.982
1630899420,+3.49,+32.305,+11.654,+0.982
1630899480,+3.49,+32.287,+11.689,+0.982
1630899540,+3.49,+32.287,+11.681,+0.982
1630899600,+3.49,+32.287,+11.632,+0.983
1630899660,+3.49,+32.279,+11.710,+0.982
1630899720,+3.49,+32.261,+11.893,+0.981
1630899780,+3.49,+32.261,+12.010,+0.984
1630899840,+3.49,+32.244,+11.685,+0.983
1630899900,+3.49,+32.235,+11.442,+0.982
1630899960,+3.49,+32.235,+11.455,+0.982
1630900020,+3.49,+32.235,+11.487,+0.982
1630900080,+3.49,+32.226,+11.730,+0.983
1630900140,+3.49,+32.217,+11.487,+0.982
1630900200,+3.49,+32.217,+11.438,+0.982
1630900260,+3.49,+32.200,+11.501,+0.982
1630900320,+3.49,+32.200,+11.588,+0.983
1630900380,+3.49,+32.200,+11.495,+0.983
1630900440,+3.49,+32.209,+11.364,+0.981
1630900500,+3.49,+32.182,+11.712,+0.982
1630900560,+3.49,+32.174,+11.694,+0.983
1630900620,+3.49,+32.165,+11.327,+0.983
1630900680,+3.49,+32.165,+11.188,+0.981
1630900740,+3.49,+32.165,+11.615,+0.981
1630900800,+3.49,+32.147,+11.517,+0.982
1630900860,+3.49,+32.139,+11.334,+0.983
1630900920,+3.49,+32.139,+11.372,+0.981
1630900980,+3.49,+32.130,+11.318,+0.983
1630901040,+3.49,+32.130,+11.041,+0.983
1630901100,+3.49,+32.121,+10.921,+0.983
1630901160,+3.49,+32.103,+11.025,+0.981
1630901220,+3.49,+32.121,+10.930,+0.983
1630901280,+3.49,+32.103,+10.874,+0.981
1630901340,+3.49,+32.112,+11.096,+0.981
1630901400,+3.49,+32.103,+11.373,+0.983
1630901460,+3.49,+32.077,+11.255,+0.982
1630901520,+3.49,+32.077,+11.272,+0.981
1630901580,+3.49,+32.068,+11.208,+0.983
1630901640,+3.49,+32.060,+11.059,+0.982
1630901700,+3.49,+32.060,+11.251,+0.984
1630901760,+3.49,+32.051,+11.372,+0.983
1630901820,+3.49,+32.033,+11.282,+0.982
1630901880,+3.49,+32.025,+10.942,+0.983
1630901940,+3.49,+32.025,+10.977,+0.982
1630902000,+3.49,+32.025,+11.106,+0.982
1630902060,+3.49,+32.033,+11.203,+0.982
1630902120,+3.49,+32.007,+11.052,+0.983
1630902180,+3.49,+31.998,+10.846,+0.982
1630902240,+3.49,+32.007,+10.892,+0.982
1630902300,+3.49,+31.998,+10.888,+0.981
1630902360,+3.49,+31.998,+11.101,+0.983
1630902420,+3.49,+31.990,+11.048,+0.982
1630902480,+3.49,+31.990,+11.132,+0.982
1630902540,+3.49,+31.981,+11.280,+0.981
1630902600,+3.49,+31.963,+11.064,+0.982
1630902660,+3.49,+31.972,+11.205,+0.982
1630902720,+3.49,+31.963,+11.487,+0.983
1630902780,+3.49,+31.928,+11.379,+0.983
1630902840,+3.49,+31.946,+11.226,+0.983
1630902900,+3.49,+31.946,+11.172,+0.982
1630902960,+3.49,+31.937,+11.184,+0.983
1630903020,+3.49,+31.937,+11.152,+0.982
1630903080,+3.49,+31.920,+10.975,+0.982
1630903140,+3.49,+31.920,+10.664,+0.981
1630903200,+3.49,+31.911,+10.974,+0.982
1630903260,+3.49,+31.911,+11.239,+0.982
1630903320,+3.49,+31.894,+11.321,+0.981
1630903380,+3.49,+31.902,+11.459,+0.983
1630903440,+3.49,+31.894,+11.405,+0.982
1630903500,+3.49,+31.894,+11.184,+0.983
1630903560,+3.49,+31.867,+10.952,+0.983
1630903620,+3.49,+31.876,+10.892,+0.981
1630903680,+3.49,+31.867,+10.846,+0.983
1630903740,+3.49,+31.867,+10.843,+0.982
1630903800,+3.49,+31.876,+11.022,+0.983
1630903860,+3.49,+31.867,+10.783,+0.981
1630903920,+3.49,+31.859,+10.562,+0.982
1630903980,+3.49,+31.850,+10.790,+0.981
1630904040,+3.49,+31.832,+10.881,+0.982
1630904100,+3.49,+31.841,+10.749,+0.982
1630904160,+3.49,+31.859,+10.813,+0.981
1630904220,+3.49,+31.832,+10.969,+0.982
1630904280,+3.49,+31.832,+10.756,+0.983
1630904340,+3.49,+31.806,+10.808,+0.981
1630904400,+3.49,+31.815,+10.850,+0.982
1630904460,+3.49,+31.806,+10.694,+0.983
1630904520,+3.49,+31.806,+10.681,+0.983
1630904580,+3.49,+31.806,+10.667,+0.983
1630904640,+3.49,+31.797,+10.857,+0.983
1630904700,+3.49,+31.780,+10.918,+0.983
1630904760,+3.49,+31.789,+10.700,+0.981
1630904820,+3.49,+31.789,+10.529,+0.982
1630904880,+3.49,+31.771,+10.474,+0.982
1630904940,+3.49,+31.780,+10.177,+0.982
1630905000,+3.49,+31.762,+10.212,+0.982
1630905060,+3.49,+31.771,+10.098,+0.981
1630905120,+3.49,+31.745,+10.128,+0.982
1630905180,+3.49,+31.754,+10.259,+0.981
1630905240,+3.49,+31.745,+10.417,+0.981
1630905300,+3.49,+31.745,+10.701,+0.983
1630905360,+3.49,+31.728,+10.732,+0.982
1630905420,+3.49,+31.719,+10.682,+0.981
1630905480,+3.49,+31.728,+10.401,+0.981
1630905540,+3.49,+31.728,+10.296,+0.982
1630905600,+3.49,+31.719,+10.160,+0.981
1630905660,+3.49,+31.710,+10.126,+0.983
1630905720,+3.49,+31.710,+10.018,+0.982
1630905780,+3.49,+31.710,+10.049,+0.982
1630905840,+3.49,+31.710,+10.093,+0.982
1630905900,+3.49,+31.710, +9.828,+0.982
1630905960,+3.49,+31.693, +9.824,+0.981
1630906020,+3.49,+31.675, +9.942,+0.980
1630906080,+3.49,+31.693, +9.988,+0.982
1630906140,+3.49,+31.684,+10.283,+0.982
1630906200,+3.49,+31.684,+10.204,+0.982
1630906260,+3.49,+31.666, +9.919,+0.982
1630906320,+3.49,+31.658, +9.722,+0.982
1630906380,+3.49,+31.649, +9.520,+0.983
1630906440,+3.49,+31.658, +9.690,+0.980
1630906500,+3.49,+31.658, +9.573,+0.982
1630906560,+3.49,+31.658, +9.943,+0.980
1630906620,+3.49,+31.640,+10.190,+0.981
1630906680,+3.49,+31.640,+10.240,+0.981
1630906740,+3.49,+31.614,+10.078,+0.983
1630906800,+3.49,+31.605, +9.621,+0.982
1630906860,+3.49,+31.623, +9.233,+0.982
1630906920,+3.49,+31.623, +8.840,+0.982
1630906980,+3.49,+31.623, +8.913,+0.980
1630907040,+3.49,+31.605, +9.355,+0.980
1630907100,+3.49,+31.588, +9.587,+0.981
1630907160,+3.49,+31.570, +9.906,+0.981
1630907220,+3.49,+31.588, +9.868,+0.982
1630907280,+3.49,+31.579, +9.838,+0.980
1630907340,+3.49,+31.570, +9.598,+0.981
1630907400,+3.49,+31.570, +9.393,+0.981
1630907460,+3.49,+31.570, +9.406,+0.980
1630907520,+3.49,+31.562, +9.293,+0.980
1630907580,+3.49,+31.544, +9.179,+0.980
1630907640,+3.49,+31.536, +9.661,+0.980
1630907700,+3.49,+31.536,+10.117,+0.980
1630907760,+3.49,+31.536,+10.214,+0.981
1630907820,+3.49,+31.518, +9.812,+0.981
1630907880,+3.49,+31.518, +8.667,+0.979
1630907940,+3.49,+31.518, +8.342,+0.976
1630908000,+3.49,+31.509, +8.157,+0.977
1630908060,+3.49,+31.501, +7.231,+0.978
1630908120,+3.49,+31.509, +6.517,+0.976
1630908180,+3.49,+31.501, +6.110,+0.974
1630908240,+3.49,+31.501, +6.132,+0.975
1630908300,+3.49,+31.492, +6.582,+0.976
1630908360,+3.49,+31.483, +6.884,+0.977
1630908420,+3.49,+31.483, +7.054,+0.977
1630908480,+3.49,+31.483, +7.017,+0.976
1630908540,+3.49,+31.475, +7.001,+0.977
1630908600,+3.49,+31.466, +6.697,+0.977
1630908660,+3.49,+31.475, +6.365,+0.972
1630908720,+3.49,+31.448, +7.339,+0.973
1630908780,+3.49,+31.466, +7.937,+0.976
1630908840,+3.49,+31.448, +8.312,+0.975
1630908900,+3.49,+31.457, +8.376,+0.977
1630908960,+3.49,+31.440, +8.706,+0.978
1630909020,+3.49,+31.440, +8.991,+0.979
1630909080,+3.49,+31.448, +9.099,+0.978
1630909140,+3.49,+31.422, +9.203,+0.979
1630909200,+3.49,+31.431, +9.095,+0.979
1630909260,+3.49,+31.422, +8.773,+0.980
1630909320,+3.49,+31.414, +8.543,+0.978
1630909380,+3.49,+31.414, +8.669,+0.978
1630909440,+3.49,+31.405, +8.748,+0.980
1630909500,+3.49,+31.405, +8.754,+0.980
1630909560,+3.49,+31.396, +8.761,+0.980
1630909620,+3.49,+31.405, +8.581,+0.978
1630909680,+3.49,+31.396, +8.345,+0.977
1630909740,+3.49,+31.405, +8.530,+0.978
1630909800,+3.49,+31.387, +8.786,+0.979
1630909860,+3.49,+31.396, +9.208,+0.979
1630909920,+3.49,+31.387, +9.325,+0.978
1630909980,+3.49,+31.379, +9.277,+0.980
1630910040,+3.49,+31.387, +9.220,+0.980
1630910100,+3.49,+31.396, +8.868,+0.978
1630910160,+3.49,+31.387, +8.885,+0.978
1630910220,+3.49,+31.379, +9.049,+0.979
1630910280,+3.49,+31.361, +8.892,+0.980
1630910340,+3.49,+31.361, +8.259,+0.980
1630910400,+3.49,+31.344, +8.070,+0.979
1630910460,+3.49,+31.353, +7.980,+0.979
1630910520,+3.49,+31.335, +7.785,+0.978
1630910580,+3.49,+31.353, +7.691,+0.977
1630910640,+3.49,+31.344, +7.747,+0.978
1630910700,+3.49,+31.344, +7.966,+0.976
1630910760,+3.49,+31.326, +8.002,+0.977
1630910820,+3.49,+31.335, +7.680,+0.977
1630910880,+3.49,+31.318, +7.843,+0.977
1630910940,+3.49,+31.326, +7.627,+0.978
1630911000,+3.49,+31.326, +7.334,+0.977
1630911060,+3.49,+31.318, +7.542,+0.978
1630911120,+3.49,+31.300, +7.536,+0.976
1630911180,+3.49,+31.309, +7.504,+0.976
1630911240,+3.49,+31.309, +6.963,+0.974
1630911300,+3.49,+31.309, +6.914,+0.972
1630911360,+3.49,+31.292, +6.999,+0.973
1630911420,+3.49,+31.300, +6.832,+0.969
1630911480,+3.49,+31.283, +7.191,+0.972
1630911540,+3.49,+31.283, +6.604,+0.973
1630911600,+3.49,+31.283, +5.840,+0.970
1630911660,+3.49,+31.274, +6.018,+0.969
1630911720,+3.49,+31.257, +6.257,+0.965
1630911780,+3.49,+31.248, +7.460,+0.971
1630911840,+3.49,+31.266, +7.675,+0.974
1630911900,+3.49,+31.248, +8.054,+0.974
1630911960,+3.49,+31.257, +7.873,+0.976
1630912020,+3.49,+31.257, +7.216,+0.973
1630912080,+3.49,+31.257, +6.998,+0.973
1630912140,+3.49,+31.231, +6.480,+0.964
1630912200,+3.49,+31.248, +5.860,+0.958
1630912260,+3.49,+31.231, +6.266,+0.970
1630912320,+3.49,+31.248, +6.316,+0.970
1630912380,+3.49,+31.231, +6.946,+0.972
1630912440,+3.49,+31.239, +7.359,+0.975
1630912500,+3.49,+31.222, +7.135,+0.976
1630912560,+3.49,+31.213, +7.063,+0.974
1630912620,+3.49,+31.205, +7.426,+0.973
1630912680,+3.49,+31.205, +7.611,+0.971
1630912740,+3.49,+31.187, +7.637,+0.967
1630912800,+3.49,+31.179, +7.665,+0.971
1630912860,+3.49,+31.170, +6.992,+0.971
1630912920,+3.49,+31.196, +5.930,+0.959
1630912980,+3.49,+31.187, +5.985,+0.956
1630913040,+3.49,+31.179, +6.916,+0.971
1630913100,+3.49,+31.161, +6.752,+0.969
1630913160,+3.49,+31.152, +6.587,+0.970
1630913220,+3.49,+31.179, +6.210,+0.975
1630913280,+3.49,+31.170, +5.841,+0.978
1630913340,+3.49,+31.144, +5.387,+0.978
1630913400,+3.49,+31.144, +5.335,+0.977
1630913460,+3.49,+31.144, +5.062,+0.977
1630913520,+3.49,+31.135, +4.904,+0.977
1630913580,+3.49,+31.144, +4.672,+0.976
1630913640,+3.49,+31.135, +4.633,+0.975
1630913700,+3.49,+31.135, +4.857,+0.973
1630913760,+3.49,+31.126, +5.379,+0.969
1630913820,+3.49,+31.126, +5.945,+0.970
1630913880,+3.49,+31.135, +5.863,+0.972
1630913940,+3.49,+31.126, +5.958,+0.972
1630914000,+3.49,+31.126, +6.253,+0.974
1630914060,+3.49,+31.126, +6.318,+0.974
1630914120,+3.49,+31.118, +6.072,+0.973
1630914180,+3.49,+31.109, +6.615,+0.971
1630914240,+3.49,+31.109, +7.022,+0.973
1630914300,+3.49,+31.109, +7.109,+0.973
1630914360,+3.49,+31.109, +7.654,+0.975
1630914420,+3.49,+31.092, +7.497,+0.978
1630914480,+3.49,+31.100, +7.664,+0.978
1630914540,+3.49,+31.092, +7.924,+0.974
1630914600,+3.49,+31.092, +7.948,+0.976
1630914660,+3.49,+31.092, +7.868,+0.977
1630914720,+3.49,+31.092, +7.537,+0.975
1630914780,+3.49,+31.074, +7.936,+0.975
1630914840,+3.49,+31.074, +8.419,+0.975
1630914900,+3.49,+31.065, +8.523,+0.977
1630914960,+3.49,+31.074, +8.424,+0.978
1630915020,+3.49,+31.083, +8.431,+0.979
1630915080,+3.49,+31.074, +8.339,+0.978
1630915140,+3.49,+31.057, +8.119,+0.977
1630915200,+3.49,+31.048, +8.029,+0.976
1630915260,+3.49,+31.074, +7.708,+0.975
1630915320,+3.49,+31.057, +7.691,+0.974
1630915380,+3.49,+31.057, +8.024,+0.976
1630915440,+3.49,+31.057, +8.201,+0.978
1630915500,+3.49,+31.039, +7.916,+0.977
1630915560,+3.49,+31.039, +8.064,+0.977
1630915620,+3.49,+31.057, +7.459,+0.976
1630915680,+3.49,+31.039, +7.462,+0.975
1630915740,+3.49,+31.005, +7.796,+0.977
1630915800,+3.49,+31.031, +7.092,+0.975
1630915860,+3.49,+31.031, +6.372,+0.974
1630915920,+3.49,+31.022, +5.675,+0.972
1630915980,+3.49,+31.031, +5.308,+0.970
1630916040,+3.49,+30.996, +4.926,+0.969
1630916100,+3.49,+31.005, +5.397,+0.965
1630916160,+3.49,+31.005, +6.201,+0.969
1630916220,+3.49,+31.005, +6.987,+0.974
1630916280,+3.49,+30.987, +7.462,+0.976
1630916340,+3.49,+30.979, +7.562,+0.977
1630916400,+3.49,+30.970, +7.192,+0.977
1630916460,+3.49,+30.961, +6.805,+0.973
1630916520,+3.49,+30.987, +6.737,+0.975
1630916580,+3.49,+30.970, +6.450,+0.974
1630916640,+3.49,+30.979, +6.473,+0.972
1630916700,+3.49,+30.970, +6.490,+0.968
1630916760,+3.49,+30.961, +6.558,+0.968
1630916820,+3.49,+30.944, +6.540,+0.966
1630916880,+3.49,+30.944, +6.652,+0.966
1630916940,+3.49,+30.935, +6.258,+0.962
1630917000,+3.49,+30.935, +6.057,+0.958
1630917060,+3.49,+30.927, +6.011,+0.960
1630917120,+3.49,+30.935, +5.803,+0.960
1630917180,+3.49,+30.927, +6.080,+0.965
1630917240,+3.49,+30.918, +6.150,+0.965
1630917300,+3.49,+30.927, +6.442,+0.967
1630917360,+3.49,+30.918, +6.824,+0.974
1630917420,+3.49,+30.918, +6.977,+0.976
1630917480,+3.49,+30.918, +7.641,+0.976
1630917540,+3.49,+30.900, +7.924,+0.978
1630917600,+3.49,+30.892, +7.592,+0.978
1630917660,+3.49,+30.883, +7.564,+0.976
1630917720,+3.49,+30.892, +7.823,+0.976
1630917780,+3.49,+30.900, +7.916,+0.975
1630917840,+3.49,+30.883, +7.873,+0.974
1630917900,+3.49,+30.909, +7.444,+0.976
1630917960,+3.49,+30.883, +7.127,+0.974
1630918020,+3.49,+30.900, +7.198,+0.973
1630918080,+3.49,+30.892, +7.412,+0.974
1630918140,+3.49,+30.874, +7.508,+0.974
1630918200,+3.49,+30.883, +7.551,+0.976
1630918260,+3.49,+30.874, +7.473,+0.975
1630918320,+3.49,+30.883, +7.421,+0.975
1630918380,+3.49,+30.866, +7.495,+0.973
1630918440,+3.49,+30.857, +7.275,+0.974
1630918500,+3.49,+30.857, +6.995,+0.972
1630918560,+3.49,+30.857, +6.846,+0.975
1630918620,+3.49,+30.848, +7.047,+0.974
1630918680,+3.49,+30.857, +6.943,+0.974
1630918740,+3.49,+30.831, +6.910,+0.974
1630918800,+3.49,+30.857, +6.817,+0.975
1630918860,+3.49,+30.840, +6.649,+0.972
1630918920,+3.49,+30.822, +6.612,+0.973
1630918980,+3.49,+30.840, +6.770,+0.974
1630919040,+3.49,+30.831, +6.828,+0.974
1630919100,+3.49,+30.831, +6.917,+0.977
1630919160,+3.49,+30.822, +7.058,+0.977
1630919220,+3.49,+30.805, +7.257,+0.976
1630919280,+3.49,+30.831, +7.234,+0.978
1630919340,+3.49,+30.814, +6.942,+0.978
1630919400,+3.49,+30.822, +6.536,+0.975
1630919460,+3.49,+30.805, +6.188,+0.971
1630919520,+3.49,+30.796, +6.693,+0.975
1630919580,+3.49,+30.796, +7.052,+0.977
1630919640,+3.49,+30.788, +7.032,+0.977
1630919700,+3.49,+30.796, +7.033,+0.977
1630919760,+3.49,+30.796, +6.884,+0.976
1630919820,+3.49,+30.805, +6.789,+0.977
1630919880,+3.49,+30.788, +6.387,+0.976
1630919940,+3.49,+30.779, +6.229,+0.974
1630920000,+3.49,+30.788, +6.190,+0.975
1630920060,+3.49,+30.779, +6.101,+0.975
1630920120,+3.49,+30.770, +6.280,+0.973
1630920180,+3.49,+30.762, +6.340,+0.974
1630920240,+3.49,+30.753, +6.541,+0.974
1630920300,+3.49,+30.762, +6.644,+0.974
1630920360,+3.49,+30.744, +6.604,+0.975
1630920420,+3.49,+30.753, +6.670,+0.975
1630920480,+3.49,+30.736, +6.665,+0.977
1630920540,+3.49,+30.753, +6.564,+0.976
1630920600,+3.49,+30.736, +6.485,+0.977
1630920660,+3.49,+30.718, +6.449,+0.977
1630920720,+3.49,+30.727, +6.526,+0.977
1630920780,+3.49,+30.718, +6.520,+0.976
1630920840,+3.49,+30.718, +6.197,+0.974
1630920900,+3.49,+30.718, +5.229,+0.974
1630920960,+3.49,+30.710, +4.859,+0.971
1630921020,+3.49,+30.710, +4.873,+0.964
1630921080,+3.49,+30.701, +5.479,+0.965
1630921140,+3.49,+30.692, +5.773,+0.968
1630921200,+3.49,+30.684, +5.808,+0.969
1630921260,+3.49,+30.692, +5.901,+0.972
1630921320,+3.49,+30.684, +5.809,+0.972
1630921380,+3.49,+30.675, +5.798,+0.971
1630921440,+3.49,+30.675, +5.656,+0.971
1630921500,+3.49,+30.684, +5.476,+0.971
1630921560,+3.49,+30.675, +5.612,+0.972
1630921620,+3.49,+30.666, +5.676,+0.973
1630921680,+3.49,+30.666, +5.632,+0.974
1630921740,+3.49,+30.666, +5.518,+0.975
1630921800,+3.49,+30.658, +5.474,+0.974
1630921860,+3.49,+30.658, +5.672,+0.974
1630921920,+3.49,+30.666, +5.837,+0.974
1630921980,+3.49,+30.632, +5.870,+0.977
1630922040,+3.49,+30.649, +5.889,+0.976
1630922100,+3.49,+30.649, +5.878,+0.976
1630922160,+3.49,+30.640, +5.670,+0.975
1630922220,+3.49,+30.632, +6.229,+0.977
1630922280,+3.49,+30.649, +7.084,+0.979
1630922340,+3.49,+30.614, +7.334,+0.979
1630922400,+3.49,+30.623, +7.230,+0.980
1630922460,+3.49,+30.649, +7.059,+0.980
1630922520,+3.49,+30.597, +6.832,+0.979
1630922580,+3.49,+30.623, +6.585,+0.979
1630922640,+3.49,+30.640, +6.449,+0.979
1630922700,+3.49,+30.606, +6.389,+0.979
1630922760,+3.49,+30.606, +6.269,+0.979
1630922820,+3.49,+30.623, +6.150,+0.979
1630922880,+3.49,+30.632, +5.999,+0.978
1630922940,+3.49,+30.597, +6.003,+0.979
1630923000,+3.49,+30.588, +6.042,+0.978
1630923060,+3.49,+30.597, +6.135,+0.978
1630923120,+3.49,+30.606, +6.193,+0.978
1630923180,+3.49,+30.588, +6.263,+0.978
1630923240,+3.49,+30.597, +6.265,+0.978
1630923300,+3.49,+30.597, +6.266,+0.979
1630923360,+3.49,+30.580, +6.645,+0.977
1630923420,+3.49,+30.571, +6.688,+0.980
1630923480,+3.49,+30.580, +6.670,+0.980
1630923540,+3.49,+30.554, +6.646,+0.979
1630923600,+3.49,+30.588, +6.572,+0.980
1630923660,+3.49,+30.571, +6.554,+0.980
1630923720,+3.49,+30.580, +6.549,+0.979
1630923780,+3.49,+30.571, +6.488,+0.979
1630923840,+3.49,+30.554, +6.496,+0.979
1630923900,+3.49,+30.536, +6.441,+0.980
1630923960,+3.49,+30.554, +6.224,+0.979
1630924020,+3.49,+30.545, +6.117,+0.979
1630924080,+3.49,+30.554, +6.154,+0.979
1630924140,+3.49,+30.536, +6.144,+0.980
1630924200,+3.49,+30.554, +6.007,+0.979
1630924260,+3.49,+30.536, +5.908,+0.978
1630924320,+3.49,+30.536, +5.892,+0.978
1630924380,+3.49,+30.545, +5.883,+0.978
1630924440,+3.49,+30.536, +5.939,+0.978
1630924500,+3.49,+30.536, +6.023,+0.978
1630924560,+3.49,+30.510, +6.060,+0.979
1630924620,+3.49,+30.528, +6.107,+0.978
1630924680,+3.49,+30.519, +6.098,+0.978
1630924740,+3.49,+30.510, +5.997,+0.977
1630924800,+3.49,+30.519, +6.003,+0.978
1630924860,+3.49,+30.510, +5.428,+0.977
1630924920,+3.49,+30.502, +5.907,+0.976
1630924980,+3.49,+30.502, +5.915,+0.977
1630925040,+3.49,+30.493, +5.754,+0.977
1630925100,+3.49,+30.502, +5.604,+0.977
1630925160,+3.49,+30.484, +5.643,+0.978
1630925220,+3.49,+30.493, +5.670,+0.978
1630925280,+3.49,+30.493, +5.564,+0.978
1630925340,+3.49,+30.476, +5.480,+0.978
1630925400,+3.49,+30.476, +5.421,+0.978
1630925460,+3.49,+30.467, +5.259,+0.977
1630925520,+3.49,+30.476, +5.165,+0.977
1630925580,+3.49,+30.467, +5.204,+0.977
1630925640,+3.49,+30.458, +5.223,+0.977
1630925700,+3.49,+30.467, +5.186,+0.976
1630925760,+3.49,+30.467, +5.114,+0.976
1630925820,+3.49,+30.467, +5.138,+0.976
1630925880,+3.49,+30.458, +5.105,+0.975
1630925940,+3.49,+30.450, +5.059,+0.976
1630926000,+3.49,+30.458, +5.134,+0.977
1630926060,+3.49,+30.450, +5.178,+0.977
1630926120,+3.49,+30.458, +5.135,+0.977
1630926180,+3.49,+30.441, +5.109,+0.977
1630926240,+3.49,+30.441, +4.994,+0.977
1630926300,+3.49,+30.450, +4.848,+0.977
1630926360,+3.49,+30.441, +4.721,+0.977
1630926420,+3.49,+30.424, +4.807,+0.976
1630926480,+3.49,+30.415, +4.700,+0.976
1630926540,+3.49,+30.424, +4.501,+0.976
1630926600,+3.49,+30.415, +4.538,+0.976
1630926660,+3.49,+30.424, +4.508,+0.976
1630926720,+3.49,+30.406, +4.511,+0.977
1630926780,+3.49,+30.415, +4.480,+0.977
1630926840,+3.49,+30.406, +4.423,+0.977
1630926900,+3.49,+30.406, +4.341,+0.976
1630926960,+3.49,+30.415, +4.286,+0.976
1630927020,+3.49,+30.389, +4.235,+0.977
1630927080,+3.49,+30.398, +4.127,+0.976
1630927140,+3.49,+30.406, +4.114,+0.976
1630927200,+3.49,+30.389, +4.075,+0.976
1630927260,+3.49,+30.380, +4.072,+0.976
1630927320,+3.49,+30.380, +3.987,+0.976
1630927380,+3.49,+30.380, +3.933,+0.976
1630927440,+3.49,+30.372, +3.943,+0.976
1630927500,+3.49,+30.372, +3.877,+0.976
1630927560,+3.49,+30.372, +3.856,+0.976
1630927620,+3.49,+30.380, +3.851,+0.975
1630927680,+3.49,+30.380, +3.824,+0.976
1630927740,+3.49,+30.372, +3.777,+0.976
1630927800,+3.49,+30.372, +3.793,+0.975
1630927860,+3.49,+30.355, +3.838,+0.975
1630927920,+3.49,+30.372, +3.969,+0.975
1630927980,+3.49,+30.372, +4.051,+0.975
1630928040,+3.49,+30.346, +4.066,+0.974
1630928100,+3.49,+30.346, +4.015,+0.975
1630928160,+3.49,+30.363, +4.061,+0.974
1630928220,+3.49,+30.363, +4.049,+0.976
1630928280,+3.49,+30.346, +4.013,+0.976
1630928340,+3.49,+30.355, +3.979,+0.976
1630928400,+3.49,+30.355, +3.952,+0.976
1630928460,+3.49,+30.329, +3.836,+0.976
1630928520,+3.49,+30.329, +3.771,+0.976
1630928580,+3.49,+30.346, +3.681,+0.976
1630928640,+3.49,+30.337, +3.639,+0.975
1630928700,+3.49,+30.329, +3.645,+0.975
1630928760,+3.49,+30.320, +3.726,+0.975
1630928820,+3.49,+30.337, +3.675,+0.975
1630928880,+3.49,+30.337, +3.574,+0.975
1630928940,+3.49,+30.311, +3.476,+0.976
1630929000,+3.49,+30.329, +3.424,+0.976
1630929060,+3.49,+30.337, +3.419,+0.975
1630929120,+3.49,+30.311, +3.230,+0.975
1630929180,+3.49,+30.311, +3.081,+0.974
1630929240,+3.49,+30.311, +2.963,+0.973
1630929300,+3.49,+30.303, +3.410,+0.974
1630929360,+3.49,+30.311, +3.991,+0.972
1630929420,+3.49,+30.303, +4.554,+0.976
1630929480,+3.49,+30.285, +4.909,+0.977
1630929540,+3.49,+30.285, +5.096,+0.979
1630929600,+3.49,+30.285, +5.138,+0.979
1630929660,+3.49,+30.285, +5.113,+0.979
1630929720,+3.49,+30.277, +5.191,+0.979
1630929780,+3.49,+30.268, +5.155,+0.979
1630929840,+3.49,+30.259, +5.066,+0.979
1630929900,+3.49,+30.268, +4.961,+0.978
1630929960,+3.49,+30.277, +5.021,+0.979
1630930020,+3.49,+30.268, +4.950,+0.979
1630930080,+3.49,+30.268, +4.874,+0.979
1630930140,+3.49,+30.268, +4.745,+0.979
1630930200,+3.49,+30.259, +4.577,+0.979
1630930260,+3.49,+30.259, +4.457,+0.979
1630930320,+3.49,+30.277, +4.383,+0.978
1630930380,+3.49,+30.259, +4.345,+0.978
1630930440,+3.49,+30.268, +4.263,+0.978
1630930500,+3.49,+30.259, +4.184,+0.977
1630930560,+3.49,+30.259, +4.122,+0.977
1630930620,+3.49,+30.242, +4.037,+0.978
1630930680,+3.49,+30.259, +3.967,+0.977
1630930740,+3.49,+30.259, +4.252,+0.977
1630930800,+3.49,+30.251, +4.325,+0.978
1630930860,+3.49,+30.251, +4.261,+0.978
1630930920,+3.49,+30.259, +4.429,+0.978
1630930980,+3.49,+30.251, +4.349,+0.979
1630931040,+3.49,+30.251, +4.156,+0.979
1630931100,+3.49,+30.259, +4.189,+0.977
1630931160,+3.49,+30.242, +4.276,+0.978
1630931220,+3.49,+30.251, +4.387,+0.978
1630931280,+3.49,+30.242, +4.263,+0.978
1630931340,+3.49,+30.242, +4.261,+0.978
1630931400,+3.49,+30.234, +4.136,+0.978
1630931460,+3.49,+30.242, +4.210,+0.977
1630931520,+3.49,+30.225, +4.221,+0.978
1630931580,+3.49,+30.242, +4.124,+0.978
1630931640,+3.49,+30.242, +4.197,+0.977
1630931700,+3.49,+30.216, +4.151,+0.978
1630931760,+3.49,+30.234, +4.032,+0.978
1630931820,+3.49,+30.234, +3.922,+0.978
1630931880,+3.49,+30.234, +3.867,+0.978
1630931940,+3.49,+30.234, +3.757,+0.978
1630932000,+3.49,+30.242, +3.786,+0.977
1630932060,+3.49,+30.225, +4.006,+0.978
1630932120,+3.49,+30.225, +3.984,+0.978
1630932180,+3.49,+30.216, +3.982,+0.978
1630932240,+3.49,+30.225, +3.922,+0.978
1630932300,+3.49,+30.225, +3.848,+0.978
1630932360,+3.49,+30.216, +3.881,+0.977
1630932420,+3.49,+30.225, +3.805,+0.978
1630932480,+3.49,+30.225, +3.722,+0.978
1630932540,+3.49,+30.225, +3.623,+0.978
1630932600,+3.49,+30.216, +3.492,+0.978
1630932660,+3.49,+30.208, +3.757,+0.977
1630932720,+3.49,+30.216, +3.971,+0.978
1630932780,+3.49,+30.208, +3.859,+0.979
1630932840,+3.49,+30.216, +3.677,+0.979
1630932900,+3.49,+30.199, +3.571,+0.978
1630932960,+3.49,+30.208, +3.590,+0.978
1630933020,+3.49,+30.225, +3.560,+0.978
1630933080,+3.49,+30.199, +3.477,+0.979
1630933140,+3.49,+30.208, +3.389,+0.978
1630933200,+3.49,+30.182, +3.413,+0.978
1630933260,+3.49,+30.199, +3.522,+0.977
1630933320,+3.49,+30.173, +3.525,+0.978
1630933380,+3.49,+30.182, +3.496,+0.978
1630933440,+3.49,+30.182, +3.468,+0.977
1630933500,+3.49,+30.190, +3.405,+0.978
1630933560,+3.49,+30.164, +3.488,+0.978
1630933620,+3.49,+30.182, +3.396,+0.978
1630933680,+3.49,+30.164, +3.324,+0.978
1630933740,+3.49,+30.182, +3.231,+0.978
1630933800,+3.49,+30.164, +3.179,+0.978
1630933860,+3.49,+30.182, +3.155,+0.977
1630933920,+3.49,+30.164, +3.181,+0.977
1630933980,+3.49,+30.173, +3.214,+0.977
1630934040,+3.49,+30.156, +3.293,+0.977
1630934100,+3.49,+30.156, +3.365,+0.977
1630934160,+3.49,+30.156, +3.357,+0.978
1630934220,+3.49,+30.156, +3.374,+0.978
1630934280,+3.49,+30.164, +3.317,+0.979
1630934340,+3.49,+30.164, +3.176,+0.978
1630934400,+3.49,+30.156, +3.150,+0.978
1630934460,+3.49,+30.164, +3.111,+0.978
1630934520,+3.49,+30.164, +3.088,+0.977
1630934580,+3.49,+30.156, +3.059,+0.977
1630934640,+3.49,+30.173, +3.111,+0.976
1630934700,+3.49,+30.164, +3.592,+0.977
1630934760,+3.49,+30.182, +3.612,+0.978
1630934820,+3.49,+30.173, +3.551,+0.977
1630934880,+3.49,+30.173, +3.661,+0.978
1630934940,+3.49,+30.173, +3.637,+0.978
1630935000,+3.49,+30.182, +3.634,+0.978
1630935060,+3.49,+30.190, +3.629,+0.978
1630935120,+3.49,+30.173, +3.627,+0.978
1630935180,+3.49,+30.182, +3.702,+0.979
1630935240,+3.49,+30.190, +3.710,+0.978
1630935300,+3.49,+30.199, +3.771,+0.979
1630935360,+3.49,+30.208, +3.852,+0.979
1630935420,+3.49,+30.190, +3.858,+0.978
1630935480,+3.49,+30.199, +3.871,+0.978
1630935540,+3.49,+30.199, +3.830,+0.978
1630935600,+3.49,+30.190, +3.806,+0.978
1630935660,+3.49,+30.216, +3.847,+0.978
1630935720,+3.49,+30.199, +3.850,+0.978
1630935780,+3.49,+30.199, +3.843,+0.978
1630935840,+3.49,+30.199, +3.856,+0.978
1630935900,+3.49,+30.190, +4.009,+0.978
1630935960,+3.49,+30.199, +4.055,+0.978
1630936020,+3.49,+30.190, +4.157,+0.978
1630936080,+3.49,+30.199, +4.130,+0.977
1630936140,+3.49,+30.208, +4.153,+0.978
1630936200,+3.49,+30.190, +4.171,+0.978
1630936260,+3.49,+30.216, +4.180,+0.978
1630936320,+3.49,+30.216, +4.281,+0.978
1630936380,+3.49,+30.234, +4.306,+0.978
1630936440,+3.49,+30.208, +4.561,+0.978
1630936500,+3.49,+30.234, +4.687,+0.978
1630936560,+3.49,+30.225, +4.727,+0.978
1630936620,+3.49,+30.259, +4.724,+0.978
1630936680,+3.49,+30.251, +4.761,+0.978
1630936740,+3.49,+30.259, +4.783,+0.978
1630936800,+3.49,+30.251, +4.901,+0.978
1630936860,+3.49,+30.242, +4.987,+0.978
1630936920,+3.49,+30.259, +5.016,+0.978
1630936980,+3.49,+30.242, +5.052,+0.978
1630937040,+3.49,+30.251, +5.054,+0.978
1630937100,+3.49,+30.259, +5.058,+0.978
1630937160,+3.49,+30.259, +5.105,+0.978
1630937220,+3.49,+30.268, +5.139,+0.978
1630937280,+3.49,+30.285, +5.173,+0.977
1630937340,+3.49,+30.285, +5.313,+0.978
1630937400,+3.49,+30.294, +5.486,+0.978
1630937460,+3.49,+30.294, +5.689,+0.977
1630937520,+3.49,+30.303, +5.796,+0.978
1630937580,+3.49,+30.311, +5.832,+0.978
1630937640,+3.49,+30.303, +5.869,+0.978
1630937700,+3.49,+30.311, +5.976,+0.977
1630937760,+3.49,+30.337, +6.109,+0.977
1630937820,+3.49,+30.337, +6.161,+0.977
1630937880,+3.49,+30.355, +6.264,+0.978
1630937940,+3.49,+30.346, +6.404,+0.978
1630938000,+3.49,+30.363, +6.511,+0.977
1630938060,+3.49,+30.355, +6.609,+0.977
1630938120,+3.49,+30.363, +6.800,+0.977
1630938180,+3.49,+30.380, +6.973,+0.978
1630938240,+3.49,+30.398, +7.093,+0.978
1630938300,+3.49,+30.389, +7.234,+0.977
1630938360,+3.49,+30.406, +7.363,+0.977
1630938420,+3.49,+30.406, +7.537,+0.979
1630938480,+3.49,+30.441, +7.603,+0.978
1630938540,+3.49,+30.424, +7.503,+0.978
1630938600,+3.48,+30.415, +7.512,+0.978
1630938660,+3.49,+30.458, +7.619,+0.977
1630938720,+3.48,+30.441, +7.775,+0.978
1630938780,+3.49,+30.441, +7.451,+0.977
1630938840,+3.48,+30.415, +6.938,+0.979
1630938900,+3.48,+30.432, +6.807,+0.978
1630938960,+3.48,+30.450, +6.738,+0.979
1630939020,+3.48,+30.441, +6.716,+0.978
1630939080,+3.48,+30.450, +6.893,+0.979
1630939140,+3.48,+30.458, +7.153,+0.978
1630939200,+3.48,+30.467, +7.213,+0.978
1630939260,+3.48,+30.484, +7.545,+0.978
1630939320,+3.48,+30.502, +7.584,+0.977
1630939380,+3.48,+30.519, +7.650,+0.977
1630939440,+3.48,+30.519, +7.884,+0.978
1630939500,+3.48,+30.519, +7.888,+0.978
1630939560,+3.48,+30.510, +7.843,+0.978
1630939620,+3.48,+30.510, +7.941,+0.978
1630939680,+3.48,+30.510, +7.943,+0.977
1630939740,+3.48,+30.510, +7.697,+0.978
1630939800,+3.48,+30.519, +7.361,+0.978
1630939860,+3.48,+30.510, +7.487,+0.980
1630939920,+3.48,+30.510, +7.565,+0.979
1630939980,+3.48,+30.528, +7.615,+0.979
1630940040,+3.48,+30.562, +7.688,+0.978
1630940100,+3.48,+30.554, +7.485,+0.980
1630940160,+3.48,+30.562, +7.754,+0.979
1630940220,+3.48,+30.580, +7.883,+0.979
1630940280,+3.48,+30.588, +7.969,+0.979
1630940340,+3.48,+30.580, +8.074,+0.978
1630940400,+3.48,+30.588, +8.266,+0.978
1630940460,+3.48,+30.597, +8.488,+0.979
1630940520,+3.48,+30.623, +8.553,+0.978
1630940580,+3.48,+30.632, +8.572,+0.980
1630940640,+3.48,+30.649, +8.506,+0.979
1630940700,+3.48,+30.675, +8.836,+0.979
1630940760,+3.48,+30.675, +9.051,+0.978
1630940820,+3.48,+30.684, +8.771,+0.977
1630940880,+3.48,+30.675, +8.699,+0.979
1630940940,+3.48,+30.701, +8.888,+0.979
1630941000,+3.48,+30.701, +9.233,+0.979
1630941060,+3.48,+30.710, +9.291,+0.979
1630941120,+3.48,+30.710, +9.324,+0.979
1630941180,+3.48,+30.736, +9.400,+0.978
1630941240,+3.48,+30.744, +9.520,+0.978
1630941300,+3.48,+30.744, +9.659,+0.980
1630941360,+3.48,+30.788, +9.784,+0.979
1630941420,+3.48,+30.788, +9.829,+0.979
1630941480,+3.48,+30.779, +9.562,+0.980
1630941540,+3.48,+30.770, +9.273,+0.979
1630941600,+3.48,+30.753, +9.274,+0.980
1630941660,+3.48,+30.770, +9.268,+0.980
1630941720,+3.48,+30.788, +9.330,+0.980
1630941780,+3.48,+30.796, +9.111,+0.980
1630941840,+3.48,+30.796, +8.882,+0.979
1630941900,+3.48,+30.770, +8.709,+0.981
1630941960,+3.48,+30.762, +8.602,+0.980
1630942020,+3.48,+30.779, +8.588,+0.979
1630942080,+3.48,+30.788, +8.352,+0.979
1630942140,+3.48,+30.753, +8.160,+0.979
1630942200,+3.48,+30.753, +8.106,+0.978
1630942260,+3.48,+30.753, +7.986,+0.979
1630942320,+3.48,+30.753, +7.855,+0.979
1630942380,+3.48,+30.753, +7.827,+0.980
1630942440,+3.48,+30.744, +7.864,+0.980
1630942500,+3.48,+30.744, +7.899,+0.979
1630942560,+3.48,+30.753, +7.977,+0.979
1630942620,+3.48,+30.744, +8.001,+0.979
1630942680,+3.48,+30.744, +8.050,+0.979
1630942740,+3.48,+30.762, +8.194,+0.980
1630942800,+3.48,+30.753, +8.554,+0.980
1630942860,+3.48,+30.762, +8.637,+0.980
1630942920,+3.48,+30.770, +8.554,+0.979
1630942980,+3.48,+30.788, +8.611,+0.980
1630943040,+3.48,+30.805, +8.822,+0.980
1630943100,+3.48,+30.814, +9.131,+0.980
1630943160,+3.48,+30.848, +9.612,+0.981
1630943220,+3.48,+30.848,+10.153,+0.980
1630943280,+3.49,+30.892,+10.647,+0.981
1630943340,+3.49,+30.927,+10.985,+0.981
1630943400,+3.49,+30.927,+10.862,+0.980
1630943460,+3.49,+30.935,+10.638,+0.980
1630943520,+3.49,+30.953,+10.236,+0.980
1630943580,+3.49,+30.953,+10.365,+0.981
1630943640,+3.49,+30.935,+10.285,+0.980
1630943700,+3.49,+30.944,+10.264,+0.980
1630943760,+3.49,+30.953,+10.451,+0.981
1630943820,+3.49,+30.953,+10.728,+0.980
1630943880,+3.49,+30.970,+10.800,+0.981
1630943940,+3.49,+30.961,+10.867,+0.980
1630944000,+3.49,+30.987,+10.856,+0.979
1630944060,+3.49,+30.996,+10.885,+0.980
1630944120,+3.49,+30.996,+10.763,+0.980
1630944180,+3.49,+31.013,+10.740,+0.980
1630944240,+3.49,+31.013,+10.903,+0.981
1630944300,+3.49,+31.013,+10.981,+0.981
1630944360,+3.49,+31.005,+10.974,+0.979
1630944420,+3.49,+31.013,+11.183,+0.980
1630944480,+3.49,+31.013,+11.181,+0.981
1630944540,+3.49,+31.022,+10.840,+0.980
1630944600,+3.49,+31.005,+10.596,+0.979
1630944660,+3.49,+31.005,+10.525,+0.981
1630944720,+3.49,+31.013,+10.664,+0.980
1630944780,+3.49,+31.013,+10.539,+0.980
1630944840,+3.49,+30.987,+10.288,+0.981
1630944900,+3.49,+30.987,+10.215,+0.982
1630944960,+3.49,+30.979,+10.179,+0.980
1630945020,+3.49,+30.970,+10.369,+0.981
1630945080,+3.49,+30.979,+10.353,+0.981
1630945140,+3.49,+30.979,+10.401,+0.981
1630945200,+3.49,+30.953,+10.290,+0.981
1630945260,+3.49,+30.970,+10.426,+0.980
1630945320,+3.49,+30.987,+11.072,+0.981
1630945380,+3.49,+31.013,+11.524,+0.980
1630945440,+3.49,+31.048,+11.870,+0.980
1630945500,+3.49,+31.065,+12.137,+0.980
1630945560,+3.49,+31.109,+12.345,+0.979
1630945620,+3.49,+31.109,+12.511,+0.981
1630945680,+3.49,+31.126,+12.573,+0.981
1630945740,+3.49,+31.126,+11.894,+0.980
1630945800,+3.49,+31.135,+11.924,+0.979
1630945860,+3.49,+31.161,+12.107,+0.978
1630945920,+3.49,+31.170,+11.924,+0.979
1630945980,+3.49,+31.196,+12.256,+0.979
1630946040,+3.49,+31.213,+12.578,+0.979
1630946100,+3.49,+31.222,+12.525,+0.980
1630946160,+3.49,+31.231,+12.632,+0.981
1630946220,+3.49,+31.248,+12.734,+0.980
1630946280,+3.49,+31.248,+12.986,+0.982
1630946340,+3.49,+31.274,+12.932,+0.979
1630946400,+3.49,+31.283,+12.551,+0.978
1630946460,+3.49,+31.309,+12.559,+0.980
1630946520,+3.49,+31.326,+12.883,+0.979
1630946580,+3.48,+31.370,+13.115,+0.978
1630946640,+3.49,+31.379,+13.326,+0.980
1630946700,+3.48,+31.405,+13.347,+0.981
1630946760,+3.49,+31.405,+13.386,+0.980
1630946820,+3.48,+31.405,+13.049,+0.978
1630946880,+3.48,+31.405,+12.865,+0.979
1630946940,+3.48,+31.414,+13.213,+0.980
1630947000,+3.48,+31.422,+13.436,+0.979
1630947060,+3.48,+31.440,+13.501,+0.978
1630947120,+3.48,+31.422,+13.497,+0.980
1630947180,+3.48,+31.422,+12.938,+0.980
1630947240,+3.48,+31.422,+13.120,+0.981
1630947300,+3.48,+31.431,+13.162,+0.978
1630947360,+3.48,+31.414,+12.815,+0.980
1630947420,+3.49,+31.379,+12.888,+0.981
1630947480,+3.48,+31.370,+12.273,+0.980
1630947540,+3.48,+31.335,+11.515,+0.981
1630947600,+3.49,+31.292,+10.745,+0.979
1630947660,+3.49,+31.257,+10.508,+0.981
1630947720,+3.49,+31.239,+10.843,+0.981
1630947780,+3.49,+31.283,+11.573,+0.980
1630947840,+3.49,+31.318,+12.174,+0.979
1630947900,+3.49,+31.326,+12.817,+0.981
1630947960,+3.48,+31.353,+12.951,+0.981
1630948020,+3.48,+31.361,+13.244,+0.982
1630948080,+3.48,+31.414,+13.538,+0.981
1630948140,+3.48,+31.422,+13.455,+0.982
1630948200,+3.48,+31.405,+13.212,+0.980
1630948260,+3.48,+31.414,+12.290,+0.980
1630948320,+3.48,+31.422,+12.460,+0.981
1630948380,+3.48,+31.440,+12.531,+0.982
1630948440,+3.48,+31.475,+13.137,+0.983
1630948500,+3.48,+31.492,+13.187,+0.980
1630948560,+3.48,+31.509,+13.425,+0.981
1630948620,+3.48,+31.536,+13.769,+0.979
1630948680,+3.48,+31.562,+14.076,+0.980
1630948740,+3.48,+31.597,+14.375,+0.981
1630948800,+3.48,+31.614,+14.317,+0.978
1630948860,+3.48,+31.605,+13.958,+0.981
1630948920,+3.48,+31.623,+13.829,+0.980
1630948980,+3.48,+31.640,+13.288,+0.978
1630949040,+3.48,+31.597,+12.643,+0.981
1630949100,+3.48,+31.597,+12.452,+0.980
1630949160,+3.48,+31.649,+13.065,+0.979
1630949220,+3.48,+31.684,+13.546,+0.979
1630949280,+3.48,+31.710,+13.872,+0.982
1630949340,+3.48,+31.728,+14.055,+0.981
1630949400,+3.48,+31.736,+13.275,+0.982
1630949460,+3.48,+31.719,+12.613,+0.980
1630949520,+3.48,+31.710,+13.169,+0.979
1630949580,+3.48,+31.736,+12.821,+0.980
1630949640,+3.48,+31.736,+12.381,+0.981
1630949700,+3.48,+31.719,+12.049,+0.980
1630949760,+3.48,+31.710,+11.853,+0.981
1630949820,+3.48,+31.719,+11.950,+0.982
1630949880,+3.48,+31.719,+11.782,+0.980
1630949940,+3.48,+31.719,+12.057,+0.980
1630950000,+3.48,+31.736,+12.524,+0.979
1630950060,+3.48,+31.745,+12.478,+0.980
1630950120,+3.48,+31.728,+12.222,+0.980
1630950180,+3.48,+31.719,+12.597,+0.983
1630950240,+3.48,+31.701,+12.404,+0.983
1630950300,+3.48,+31.701,+12.523,+0.981
1630950360,+3.48,+31.710,+12.993,+0.980
1630950420,+3.48,+31.728,+13.618,+0.981
1630950480,+3.48,+31.754,+14.011,+0.981
1630950540,+3.48,+31.745,+13.441,+0.981
1630950600,+3.48,+31.736,+13.148,+0.983
1630950660,+3.48,+31.736,+12.838,+0.982
1630950720,+3.48,+31.728,+13.123,+0.981
1630950780,+3.48,+31.736,+13.772,+0.982
1630950840,+3.48,+31.754,+14.228,+0.981
1630950900,+3.48,+31.797,+14.532,+0.980
1630950960,+3.48,+31.806,+14.312,+0.983
1630951020,+3.48,+31.832,+14.536,+0.983
1630951080,+3.48,+31.841,+14.725,+0.979
1630951140,+3.48,+31.859,+14.236,+0.980
1630951200,+3.48,+31.867,+13.883,+0.982
1630951260,+3.48,+31.850,+13.880,+0.979
1630951320,+3.48,+31.885,+14.446,+0.981
1630951380,+3.48,+31.894,+14.896,+0.981
1630951440,+3.48,+31.937,+15.236,+0.979
1630951500,+3.48,+31.963,+15.022,+0.980
1630951560,+3.48,+31.981,+14.460,+0.981
1630951620,+3.48,+31.972,+13.948,+0.981
1630951680,+3.48,+31.946,+14.188,+0.981
1630951740,+3.48,+31.972,+14.211,+0.981
1630951800,+3.48,+31.981,+14.600,+0.982
1630951860,+3.48,+31.998,+15.002,+0.979
1630951920,+3.48,+32.025,+15.401,+0.981
1630951980,+3.49,+32.077,+15.772,+0.980
1630952040,+3.49,+32.112,+16.184,+0.981
1630952100,+3.49,+32.165,+16.476,+0.982
1630952160,+3.49,+32.200,+16.293,+0.978
1630952220,+3.49,+32.235,+16.126,+0.982
1630952280,+3.49,+32.235,+15.992,+0.982
1630952340,+3.49,+32.191,+15.083,+0.980
1630952400,+3.49,+32.191,+14.878,+0.981
1630952460,+3.49,+32.217,+15.174,+0.980
1630952520,+3.49,+32.217,+15.403,+0.982
1630952580,+3.49,+32.200,+15.603,+0.981
1630952640,+3.49,+32.217,+15.890,+0.981
1630952700,+3.49,+32.209,+16.168,+0.981
1630952760,+3.49,+32.209,+16.226,+0.980
1630952820,+3.49,+32.200,+15.706,+0.982
1630952880,+3.49,+32.200,+15.653,+0.981
1630952940,+3.49,+32.209,+15.943,+0.981
1630953000,+3.49,+32.209,+16.107,+0.981
1630953060,+3.49,+32.217,+16.320,+0.983
1630953120,+3.49,+32.244,+16.504,+0.981
1630953180,+3.49,+32.287,+16.693,+0.981
1630953240,+3.49,+32.296,+16.732,+0.982
1630953300,+3.49,+32.314,+16.764,+0.982
1630953360,+3.48,+32.340,+16.777,+0.981
1630953420,+3.49,+32.375,+16.855,+0.982
1630953480,+3.48,+32.401,+17.019,+0.980
1630953540,+3.48,+32.437,+17.113,+0.978
1630953600,+3.48,+32.428,+17.205,+0.978
1630953660,+3.48,+32.472,+17.271,+0.982
1630953720,+3.48,+32.472,+17.067,+0.982
1630953780,+3.48,+32.498,+17.409,+0.982
1630953840,+3.48,+32.507,+16.939,+0.981
1630953900,+3.48,+32.516,+16.864,+0.981
1630953960,+3.48,+32.542,+17.115,+0.982
1630954020,+3.48,+32.533,+16.766,+0.980
1630954080,+3.48,+32.516,+16.072,+0.982
1630954140,+3.48,+32.480,+15.418,+0.981
1630954200,+3.48,+32.445,+14.991,+0.981
1630954260,+3.48,+32.410,+14.690,+0.981
1630954320,+3.49,+32.410,+14.644,+0.982
1630954380,+3.49,+32.384,+14.730,+0.982
1630954440,+3.49,+32.393,+14.830,+0.981
1630954500,+3.49,+32.401,+15.274,+0.981
1630954560,+3.48,+32.428,+15.861,+0.982
1630954620,+3.48,+32.445,+16.238,+0.981
1630954680,+3.48,+32.480,+16.607,+0.982
1630954740,+3.48,+32.542,+16.877,+0.983
1630954800,+3.48,+32.621,+16.895,+0.984
1630954860,+3.48,+32.682,+16.943,+0.982
1630954920,+3.48,+32.726,+17.090,+0.981
1630954980,+3.48,+32.744,+17.381,+0.979
1630955040,+3.48,+32.762,+17.564,+0.980
1630955100,+3.48,+32.814,+17.644,+0.981
1630955160,+3.48,+32.841,+17.422,+0.979
1630955220,+3.48,+32.876,+17.570,+0.981
1630955280,+3.48,+32.938,+17.706,+0.980
1630955340,+3.48,+32.946,+17.991,+0.980
1630955400,+3.48,+32.955,+18.089,+0.981
1630955460,+3.48,+32.938,+18.075,+0.980
1630955520,+3.48,+32.876,+18.071,+0.981
1630955580,+3.48,+32.876,+17.901,+0.980
1630955640,+3.48,+32.841,+17.966,+0.980
1630955700,+3.48,+32.823,+17.908,+0.980
1630955760,+3.48,+32.814,+17.845,+0.979
1630955820,+3.48,+32.779,+17.743,+0.983
1630955880,+3.48,+32.814,+17.864,+0.982
1630955940,+3.48,+32.823,+18.078,+0.982
1630956000,+3.48,+32.850,+18.231,+0.984
1630956060,+3.48,+32.841,+18.246,+0.981
1630956120,+3.48,+32.867,+18.292,+0.981
1630956180,+3.48,+32.858,+18.414,+0.982
1630956240,+3.48,+32.885,+18.529,+0.981
1630956300,+3.48,+32.902,+18.396,+0.980
1630956360,+3.48,+32.946,+18.615,+0.980
1630956420,+3.48,+32.999,+18.989,+0.981
1630956480,+3.48,+33.017,+19.294,+0.981
1630956540,+3.48,+33.052,+19.452,+0.981
1630956600,+3.48,+33.114,+19.554,+0.979
1630956660,+3.48,+33.123,+19.671,+0.978
1630956720,+3.49,+33.158,+19.702,+0.979
1630956780,+3.49,+33.176,+19.723,+0.979
1630956840,+3.49,+33.176,+19.798,+0.982
1630956900,+3.49,+33.176,+19.689,+0.982
1630956960,+3.49,+33.202,+19.658,+0.980
1630957020,+3.49,+33.220,+19.668,+0.981
1630957080,+3.49,+33.255,+19.514,+0.980
1630957140,+3.49,+33.255,+19.298,+0.979
1630957200,+3.49,+33.229,+18.242,+0.979
1630957260,+3.49,+33.202,+17.637,+0.977
1630957320,+3.49,+33.176,+17.390,+0.980
1630957380,+3.49,+33.158,+17.094,+0.978
1630957440,+3.48,+33.123,+17.014,+0.980
1630957500,+3.48,+33.114,+16.911,+0.979
1630957560,+3.48,+33.096,+16.861,+0.981
1630957620,+3.48,+33.096,+16.745,+0.980
1630957680,+3.48,+33.052,+16.641,+0.980
1630957740,+3.48,+33.017,+16.644,+0.981
1630957800,+3.48,+32.955,+17.223,+0.981
1630957860,+3.48,+32.946,+17.697,+0.980
1630957920,+3.48,+32.964,+17.975,+0.981
1630957980,+3.48,+32.991,+17.856,+0.982
1630958040,+3.48,+32.964,+17.970,+0.983
1630958100,+3.48,+32.973,+18.058,+0.981
1630958160,+3.48,+33.008,+18.316,+0.980
1630958220,+3.48,+33.026,+18.601,+0.982
1630958280,+3.48,+33.061,+18.649,+0.977
1630958340,+3.48,+33.079,+18.852,+0.980
1630958400,+3.48,+33.079,+18.534,+0.980
1630958460,+3.48,+33.087,+18.783,+0.981
1630958520,+3.48,+33.070,+18.481,+0.982
1630958580,+3.48,+33.079,+18.674,+0.982
1630958640,+3.48,+33.087,+18.975,+0.982
1630958700,+3.48,+33.114,+19.239,+0.983
1630958760,+3.49,+33.158,+19.344,+0.979
1630958820,+3.49,+33.202,+19.564,+0.980
1630958880,+3.49,+33.202,+19.558,+0.980
1630958940,+3.49,+33.237,+19.699,+0.984
1630959000,+3.49,+33.246,+19.357,+0.982
1630959060,+3.49,+33.220,+18.733,+0.981
1630959120,+3.49,+33.202,+18.508,+0.981
1630959180,+3.49,+33.167,+18.176,+0.980
1630959240,+3.49,+33.158,+17.914,+0.980
1630959300,+3.48,+33.140,+17.760,+0.982
1630959360,+3.48,+33.140,+17.514,+0.980
1630959420,+3.48,+33.140,+17.402,+0.981
1630959480,+3.49,+33.105,+17.277,+0.980
1630959540,+3.49,+33.114,+17.721,+0.980
1630959600,+3.48,+33.105,+18.163,+0.984
1630959660,+3.48,+33.105,+18.530,+0.982
1630959720,+3.48,+33.123,+18.665,+0.982
1630959780,+3.49,+33.167,+18.871,+0.981
1630959840,+3.49,+33.176,+19.078,+0.981
1630959900,+3.49,+33.176,+19.141,+0.981
1630959960,+3.49,+33.184,+19.318,+0.984
1630960020,+3.49,+33.193,+19.279,+0.981
1630960080,+3.49,+33.202,+19.344,+0.981
1630960140,+3.49,+33.211,+19.386,+0.980
1630960200,+3.49,+33.237,+19.505,+0.979
1630960260,+3.49,+33.264,+19.778,+0.983
1630960320,+3.49,+33.282,+19.919,+0.980
1630960380,+3.49,+33.326,+19.970,+0.980
1630960440,+3.49,+33.370,+19.975,+0.979
1630960500,+3.49,+33.405,+20.013,+0.979
1630960560,+3.49,+33.423,+20.131,+0.980
1630960620,+3.49,+33.458,+20.226,+0.981
1630960680,+3.49,+33.494,+20.040,+0.980
1630960740,+3.49,+33.485,+19.954,+0.982
1630960800,+3.49,+33.485,+19.926,+0.980
1630960860,+3.49,+33.529,+19.842,+0.983
1630960920,+3.49,+33.511,+19.863,+0.981
1630960980,+3.49,+33.529,+19.930,+0.979
1630961040,+3.49,+33.485,+20.100,+0.980
1630961100,+3.49,+33.458,+20.014,+0.979
1630961160,+3.49,+33.414,+19.940,+0.978
1630961220,+3.49,+33.414,+20.000,+0.979
1630961280,+3.49,+33.388,+20.140,+0.981
1630961340,+3.49,+33.388,+20.090,+0.978
1630961400,+3.49,+33.405,+20.135,+0.979
1630961460,+3.49,+33.441,+20.040,+0.980
1630961520,+3.49,+33.441,+20.095,+0.982
1630961580,+3.49,+33.494,+20.164,+0.981
1630961640,+3.49,+33.529,+20.302,+0.983
1630961700,+3.49,+33.520,+20.339,+0.979
1630961760,+3.49,+33.573,+20.491,+0.980
1630961820,+3.49,+33.591,+20.515,+0.979
1630961880,+3.49,+33.600,+20.686,+0.981
1630961940,+3.49,+33.591,+20.841,+0.982
1630962000,+3.49,+33.609,+20.851,+0.980
1630962060,+3.49,+33.600,+20.656,+0.980
1630962120,+3.49,+33.582,+20.091,+0.978
1630962180,+3.49,+33.547,+19.733,+0.978
1630962240,+3.49,+33.547,+19.609,+0.981
1630962300,+3.49,+33.547,+19.491,+0.982
1630962360,+3.49,+33.547,+19.730,+0.980
1630962420,+3.49,+33.556,+19.716,+0.979
1630962480,+3.49,+33.573,+19.938,+0.981
1630962540,+3.49,+33.591,+20.144,+0.982
1630962600,+3.49,+33.591,+20.304,+0.982
1630962660,+3.49,+33.591,+20.445,+0.981
1630962720,+3.49,+33.573,+20.548,+0.980
1630962780,+3.49,+33.591,+20.632,+0.980
1630962840,+3.49,+33.591,+20.736,+0.980
1630962900,+3.49,+33.591,+20.818,+0.980
1630962960,+3.49,+33.600,+20.842,+0.980
1630963020,+3.49,+33.635,+20.820,+0.982
1630963080,+3.49,+33.688,+20.446,+0.980
1630963140,+3.49,+33.724,+20.102,+0.982
1630963200,+3.48,+33.750,+20.118,+0.980
1630963260,+3.48,+33.786,+20.072,+0.977
1630963320,+3.48,+33.821,+19.958,+0.980
1630963380,+3.48,+33.839,+19.786,+0.980
1630963440,+3.48,+33.830,+19.538,+0.981
1630963500,+3.48,+33.830,+19.434,+0.979
1630963560,+3.48,+33.848,+19.329,+0.979
1630963620,+3.48,+33.848,+19.240,+0.978
1630963680,+3.48,+33.821,+19.555,+0.980
1630963740,+3.48,+33.804,+19.514,+0.979
1630963800,+3.48,+33.786,+19.785,+0.980
1630963860,+3.48,+33.804,+19.873,+0.979
1630963920,+3.48,+33.821,+19.978,+0.981
1630963980,+3.48,+33.839,+19.946,+0.979
1630964040,+3.48,+33.848,+19.833,+0.980
1630964100,+3.48,+33.883,+19.620,+0.980
1630964160,+3.48,+33.910,+19.657,+0.981
1630964220,+3.48,+33.901,+19.817,+0.978
1630964280,+3.48,+33.901,+20.153,+0.978
1630964340,+3.48,+33.892,+20.366,+0.979
1630964400,+3.48,+33.901,+20.382,+0.980
1630964460,+3.48,+33.874,+20.559,+0.979
1630964520,+3.48,+33.892,+20.599,+0.979
1630964580,+3.48,+33.919,+20.530,+0.979
1630964640,+3.48,+33.928,+20.474,+0.980
1630964700,+3.48,+33.954,+20.290,+0.979
1630964760,+3.48,+33.972,+20.329,+0.980
1630964820,+3.48,+33.981,+20.433,+0.982
1630964880,+3.48,+33.999,+20.118,+0.976
1630964940,+3.48,+34.016,+20.165,+0.979
1630965000,+3.48,+34.016,+20.272,+0.979
1630965060,+3.48,+33.999,+20.479,+0.980
1630965120,+3.48,+33.999,+20.434,+0.978
1630965180,+3.48,+33.963,+20.530,+0.977
1630965240,+3.48,+33.945,+20.685,+0.980
1630965300,+3.48,+33.928,+20.688,+0.977
1630965360,+3.48,+33.901,+20.812,+0.978
1630965420,+3.48,+33.901,+20.850,+0.979
1630965480,+3.48,+33.892,+20.895,+0.980
1630965540,+3.48,+33.910,+20.783,+0.978
1630965600,+3.48,+33.928,+20.756,+0.978
1630965660,+3.48,+33.928,+20.635,+0.977
1630965720,+3.48,+33.954,+20.507,+0.979
1630965780,+3.48,+33.990,+20.134,+0.980
1630965840,+3.48,+34.008,+19.665,+0.978
1630965900,+3.48,+33.990,+19.711,+0.979
1630965960,+3.48,+34.016,+19.942,+0.979
1630966020,+3.48,+34.052,+19.659,+0.980
1630966080,+3.48,+34.052,+19.165,+0.977
1630966140,+3.48,+34.070,+19.250,+0.979
1630966200,+3.48,+34.061,+19.660,+0.979
1630966260,+3.48,+34.052,+19.884,+0.977
1630966320,+3.48,+34.016,+20.193,+0.978
1630966380,+3.48,+34.034,+20.188,+0.978
1630966440,+3.48,+34.025,+20.124,+0.979
1630966500,+3.48,+34.016,+20.087,+0.978
1630966560,+3.48,+34.016,+20.122,+0.978
1630966620,+3.48,+34.008,+20.091,+0.976
1630966680,+3.48,+33.999,+20.147,+0.978
1630966740,+3.48,+33.999,+20.247,+0.979
1630966800,+3.48,+33.990,+20.333,+0.982
1630966860,+3.48,+33.954,+20.361,+0.978
1630966920,+3.48,+33.963,+20.334,+0.979
1630966980,+3.48,+33.972,+20.242,+0.978
1630967040,+3.48,+33.937,+20.323,+0.980
1630967100,+3.49,+33.874,+20.340,+0.978
1630967160,+3.49,+33.857,+20.260,+0.979
1630967220,+3.48,+33.857,+20.071,+0.979
1630967280,+3.48,+33.901,+19.767,+0.980
1630967340,+3.48,+33.945,+19.365,+0.980
1630967400,+3.48,+33.999,+19.124,+0.977
1630967460,+3.48,+33.999,+19.179,+0.981
1630967520,+3.48,+34.008,+19.129,+0.980
1630967580,+3.48,+34.016,+18.994,+0.978
1630967640,+3.48,+34.025,+19.110,+0.979
1630967700,+3.48,+34.061,+19.083,+0.979
1630967760,+3.48,+34.096,+18.972,+0.979
1630967820,+3.48,+34.141,+18.518,+0.978
1630967880,+3.48,+34.167,+18.229,+0.977
1630967940,+3.48,+34.150,+18.142,+0.979
1630968000,+3.48,+34.141,+18.204,+0.981
1630968060,+3.48,+34.141,+18.164,+0.980
1630968120,+3.48,+34.114,+18.059,+0.978
1630968180,+3.48,+34.132,+17.939,+0.980
1630968240,+3.48,+34.132,+17.707,+0.977
1630968300,+3.48,+34.132,+17.549,+0.977
1630968360,+3.48,+34.141,+17.593,+0.979
1630968420,+3.48,+34.132,+17.569,+0.979
1630968480,+3.48,+34.141,+17.548,+0.979
1630968540,+3.48,+34.150,+17.549,+0.981
1630968600,+3.48,+34.159,+17.345,+0.977
1630968660,+3.48,+34.123,+17.529,+0.977
1630968720,+3.48,+34.096,+17.764,+0.980
1630968780,+3.48,+34.087,+17.617,+0.977
1630968840,+3.48,+34.087,+17.524,+0.979
1630968900,+3.48,+34.079,+17.364,+0.978
1630968960,+3.48,+34.061,+17.203,+0.979
1630969020,+3.49,+34.061,+16.968,+0.978
1630969080,+3.48,+34.043,+16.816,+0.979
1630969140,+3.49,+34.016,+16.621,+0.978
1630969200,+3.49,+33.972,+16.555,+0.979
1630969260,+3.49,+33.937,+16.662,+0.977
1630969320,+3.49,+33.910,+16.841,+0.980
1630969380,+3.49,+33.928,+16.830,+0.979
1630969440,+3.49,+33.910,+16.653,+0.978
1630969500,+3.49,+33.919,+16.374,+0.978
1630969560,+3.49,+33.945,+16.931,+0.978
1630969620,+3.49,+33.937,+17.610,+0.978
1630969680,+3.49,+33.954,+17.766,+0.979
1630969740,+3.49,+33.963,+17.545,+0.978
1630969800,+3.49,+33.972,+17.413,+0.980
1630969860,+3.49,+33.999,+17.198,+0.980
1630969920,+3.49,+34.025,+16.960,+0.980
1630969980,+3.49,+34.025,+16.855,+0.979
1630970040,+3.49,+34.016,+17.080,+0.979
1630970100,+3.49,+34.008,+17.080,+0.980
1630970160,+3.49,+34.008,+16.938,+0.978
1630970220,+3.49,+34.008,+16.816,+0.977
1630970280,+3.49,+34.016,+16.789,+0.978
1630970340,+3.49,+33.999,+16.712,+0.979
1630970400,+3.49,+33.990,+16.762,+0.979
1630970460,+3.49,+33.990,+16.801,+0.977
1630970520,+3.49,+33.972,+17.162,+0.979
1630970580,+3.49,+33.901,+17.815,+0.981
1630970640,+3.49,+33.910,+17.753,+0.980
1630970700,+3.49,+33.901,+17.541,+0.979
1630970760,+3.49,+33.892,+17.395,+0.980
1630970820,+3.49,+33.883,+17.237,+0.982
1630970880,+3.49,+33.892,+16.958,+0.979
1630970940,+3.49,+33.874,+16.749,+0.979
1630971000,+3.49,+33.874,+16.538,+0.979
1630971060,+3.49,+33.857,+16.391,+0.978
1630971120,+3.49,+33.839,+16.244,+0.976
1630971180,+3.49,+33.848,+16.333,+0.978
1630971240,+3.49,+33.830,+16.383,+0.980
1630971300,+3.49,+33.830,+16.415,+0.977
1630971360,+3.49,+33.795,+16.525,+0.978
1630971420,+3.49,+33.777,+16.499,+0.979
1630971480,+3.49,+33.759,+16.498,+0.979
1630971540,+3.49,+33.742,+16.428,+0.979
1630971600,+3.49,+33.742,+16.424,+0.979
1630971660,+3.49,+33.733,+16.324,+0.979
1630971720,+3.49,+33.706,+16.170,+0.979
1630971780,+3.49,+33.715,+16.031,+0.976
1630971840,+3.49,+33.697,+16.090,+0.980
1630971900,+3.49,+33.680,+16.148,+0.978
1630971960,+3.49,+33.644,+16.295,+0.980
1630972020,+3.49,+33.626,+16.449,+0.979
1630972080,+3.49,+33.609,+16.528,+0.981
1630972140,+3.49,+33.582,+16.511,+0.979
1630972200,+3.49,+33.573,+16.701,+0.980
1630972260,+3.49,+33.573,+16.686,+0.979
1630972320,+3.49,+33.538,+16.643,+0.980
1630972380,+3.49,+33.538,+16.628,+0.981
1630972440,+3.49,+33.511,+16.609,+0.979
1630972500,+3.49,+33.485,+16.660,+0.981
1630972560,+3.49,+33.476,+16.581,+0.981
1630972620,+3.49,+33.449,+16.501,+0.980
1630972680,+3.49,+33.432,+16.527,+0.981
1630972740,+3.49,+33.405,+16.639,+0.980
1630972800,+3.49,+33.405,+16.710,+0.979
1630972860,+3.49,+33.388,+16.650,+0.981
1630972920,+3.49,+33.361,+16.607,+0.981
1630972980,+3.49,+33.352,+16.489,+0.980
1630973040,+3.49,+33.343,+16.480,+0.981
1630973100,+3.49,+33.326,+16.622,+0.981
1630973160,+3.49,+33.317,+16.729,+0.981
1630973220,+3.49,+33.299,+16.830,+0.982
1630973280,+3.49,+33.282,+16.883,+0.980
1630973340,+3.49,+33.282,+16.872,+0.980
1630973400,+3.49,+33.273,+16.941,+0.981
1630973460,+3.49,+33.229,+16.946,+0.983
1630973520,+3.49,+33.211,+16.844,+0.982
1630973580,+3.49,+33.220,+16.829,+0.982
1630973640,+3.49,+33.202,+16.781,+0.981
1630973700,+3.49,+33.202,+16.786,+0.982
1630973760,+3.49,+33.176,+16.735,+0.981
1630973820,+3.49,+33.176,+16.565,+0.979
1630973880,+3.49,+33.167,+16.635,+0.983
1630973940,+3.49,+33.140,+16.632,+0.981
1630974000,+3.49,+33.132,+16.725,+0.983
1630974060,+3.49,+33.123,+16.728,+0.982
1630974120,+3.49,+33.105,+16.693,+0.982
1630974180,+3.49,+33.087,+16.822,+0.983
1630974240,+3.49,+33.087,+16.742,+0.981
1630974300,+3.49,+33.087,+16.641,+0.983
1630974360,+3.49,+33.079,+16.519,+0.980
1630974420,+3.49,+33.070,+16.498,+0.981
1630974480,+3.49,+33.052,+16.451,+0.980
1630974540,+3.49,+33.026,+16.568,+0.982
1630974600,+3.49,+33.026,+16.551,+0.981
1630974660,+3.49,+33.017,+16.524,+0.981
1630974720,+3.49,+33.017,+16.503,+0.982
1630974780,+3.49,+32.991,+16.445,+0.984
1630974840,+3.49,+32.991,+16.219,+0.981
1630974900,+3.49,+32.982,+16.191,+0.982
1630974960,+3.49,+32.964,+16.086,+0.980
1630975020,+3.49,+32.946,+16.038,+0.981
1630975080,+3.49,+32.946,+15.935,+0.981
1630975140,+3.49,+32.929,+15.853,+0.980
1630975200,+3.49,+32.920,+15.585,+0.981
1630975260,+3.49,+32.929,+15.613,+0.983
1630975320,+3.49,+32.902,+15.600,+0.982
1630975380,+3.49,+32.894,+15.594,+0.981
1630975440,+3.49,+32.876,+15.616,+0.981
1630975500,+3.49,+32.876,+15.742,+0.982
1630975560,+3.49,+32.867,+15.781,+0.980
1630975620,+3.49,+32.832,+15.908,+0.981
1630975680,+3.49,+32.841,+15.882,+0.982
1630975740,+3.49,+32.814,+15.879,+0.982
1630975800,+3.49,+32.797,+15.834,+0.982
1630975860,+3.49,+32.797,+15.775,+0.981
1630975920,+3.49,+32.779,+15.669,+0.982
1630975980,+3.49,+32.779,+15.839,+0.981
1630976040,+3.49,+32.770,+15.962,+0.983
1630976100,+3.49,+32.770,+15.829,+0.981
1630976160,+3.49,+32.744,+15.892,+0.982
1630976220,+3.49,+32.744,+15.918,+0.980
1630976280,+3.49,+32.735,+15.910,+0.982
1630976340,+3.49,+32.735,+15.950,+0.983
1630976400,+3.49,+32.718,+15.982,+0.981
1630976460,+3.49,+32.700,+15.954,+0.981
1630976520,+3.49,+32.691,+16.322,+0.983
1630976580,+3.49,+32.682,+16.218,+0.983
1630976640,+3.49,+32.665,+16.277,+0.984
1630976700,+3.49,+32.665,+16.073,+0.982
1630976760,+3.49,+32.656,+15.944,+0.981
1630976820,+3.49,+32.630,+15.831,+0.983
1630976880,+3.49,+32.639,+15.823,+0.982
1630976940,+3.49,+32.630,+15.799,+0.984
