7450-387970
OS REV: 1.05 Sensor Cal: 1615486469
Time (sec),  BV (Volts),  T (deg C),  DO (mg/l),  Q ()
1631581800,+3.48,+28.942,+15.727,+0.985
1631581860,+3.48,+28.917,+15.690,+0.985
1631581920,+3.48,+28.917,+15.650,+0.985
1631581980,+3.48,+28.925,+15.574,+0.985
1631582040,+3.48,+28.891,+15.517,+0.986
1631582100,+3.48,+28.883,+15.427,+0.986
1631582160,+3.48,+28.874,+15.322,+0.986
1631582220,+3.48,+28.865,+15.180,+0.984
1631582280,+3.48,+28.831,+15.133,+0.987
1631582340,+3.48,+28.831,+14.977,+0.986
1631582400,+3.48,+28.814,+14.916,+0.986
1631582460,+3.48,+28.797,+14.869,+0.985
1631582520,+3.48,+28.788,+14.819,+0.985
1631582580,+3.48,+28.780,+14.839,+0.986
1631582640,+3.48,+28.771,+14.837,+0.987
1631582700,+3.48,+28.745,+14.783,+0.985
1631582760,+3.48,+28.754,+14.789,+0.987
1631582820,+3.48,+28.745,+14.707,+0.985
1631582880,+3.48,+28.694,+14.661,+0.984
1631582940,+3.48,+28.694,+14.672,+0.984
1631583000,+3.48,+28.703,+14.712,+0.987
1631583060,+3.48,+28.677,+14.691,+0.987
1631583120,+3.48,+28.677,+14.601,+0.985
1631583180,+3.48,+28.677,+14.541,+0.986
1631583240,+3.48,+28.677,+14.466,+0.986
1631583300,+3.48,+28.668,+14.394,+0.986
1631583360,+3.48,+28.660,+14.266,+0.984
1631583420,+3.48,+28.643,+14.244,+0.986
1631583480,+3.48,+28.651,+14.155,+0.985
1631583540,+3.48,+28.643,+14.116,+0.985
1631583600,+3.48,+28.643,+14.057,+0.984
1631583660,+3.48,+28.634,+14.048,+0.985
1631583720,+3.47,+28.626,+14.022,+0.984
1631583780,+3.47,+28.643,+14.055,+0.986
1631583840,+3.47,+28.600,+14.077,+0.984
1631583900,+3.47,+28.591,+14.131,+0.985
1631583960,+3.47,+28.609,+14.195,+0.985
1631584020,+3.48,+28.600,+14.239,+0.983
1631584080,+3.47,+28.583,+14.319,+0.985
1631584140,+3.47,+28.583,+14.309,+0.984
1631584200,+3.47,+28.549,+14.312,+0.984
1631584260,+3.47,+28.557,+14.281,+0.984
1631584320,+3.48,+28.549,+14.277,+0.985
1631584380,+3.47,+28.532,+14.227,+0.985
1631584440,+3.48,+28.514,+14.106,+0.983
1631584500,+3.47,+28.514,+13.985,+0.983
1631584560,+3.47,+28.472,+13.909,+0.984
1631584620,+3.48,+28.472,+13.805,+0.984
1631584680,+3.48,+28.455,+13.717,+0.984
1631584740,+3.48,+28.455,+13.581,+0.982
1631584800,+3.48,+28.455,+13.534,+0.985
1631584860,+3.48,+28.429,+13.409,+0.983
1631584920,+3.48,+28.438,+13.306,+0.983
1631584980,+3.48,+28.429,+13.241,+0.984
1631585040,+3.48,+28.429,+13.166,+0.983
1631585100,+3.48,+28.420,+13.048,+0.983
1631585160,+3.48,+28.386,+12.718,+0.983
1631585220,+3.48,+28.412,+12.579,+0.980
1631585280,+3.48,+28.412,+12.811,+0.981
1631585340,+3.48,+28.395,+13.192,+0.981
1631585400,+3.48,+28.395,+13.513,+0.981
1631585460,+3.48,+28.395,+13.845,+0.981
1631585520,+3.48,+28.386,+14.249,+0.981
1631585580,+3.48,+28.361,+14.612,+0.982
1631585640,+3.48,+28.378,+14.913,+0.983
1631585700,+3.48,+28.369,+15.175,+0.983
1631585760,+3.48,+28.361,+15.410,+0.984
1631585820,+3.48,+28.352,+15.579,+0.985
1631585880,+3.48,+28.369,+15.637,+0.983
1631585940,+3.48,+28.326,+15.756,+0.985
1631586000,+3.48,+28.326,+15.844,+0.985
1631586060,+3.48,+28.326,+15.927,+0.986
1631586120,+3.48,+28.309,+16.005,+0.982
1631586180,+3.48,+28.301,+16.268,+0.985
1631586240,+3.48,+28.309,+16.412,+0.984
1631586300,+3.48,+28.284,+16.634,+0.985
1631586360,+3.48,+28.250,+16.786,+0.985
1631586420,+3.48,+28.241,+16.874,+0.985
1631586480,+3.48,+28.233,+16.892,+0.985
1631586540,+3.48,+28.224,+16.877,+0.986
1631586600,+3.48,+28.224,+16.875,+0.987
1631586660,+3.48,+28.215,+16.799,+0.985
1631586720,+3.48,+28.215,+16.786,+0.985
1631586780,+3.48,+28.181,+16.890,+0.988
1631586840,+3.48,+28.164,+16.899,+0.986
1631586900,+3.48,+28.139,+16.996,+0.985
1631586960,+3.48,+28.130,+17.031,+0.985
1631587020,+3.48,+28.130,+17.024,+0.986
1631587080,+3.48,+28.113,+16.903,+0.986
1631587140,+3.48,+28.096,+16.775,+0.986
1631587200,+3.48,+28.087,+16.594,+0.986
1631587260,+3.48,+28.070,+16.480,+0.987
1631587320,+3.48,+28.053,+16.377,+0.985
1631587380,+3.48,+28.045,+16.303,+0.984
1631587440,+3.48,+28.028,+16.234,+0.986
1631587500,+3.48,+28.011,+16.268,+0.987
1631587560,+3.48,+28.011,+16.378,+0.987
1631587620,+3.48,+27.994,+16.412,+0.985
1631587680,+3.48,+28.002,+16.477,+0.985
1631587740,+3.48,+27.994,+16.563,+0.986
1631587800,+3.48,+27.968,+16.622,+0.986
1631587860,+3.48,+27.960,+16.636,+0.986
1631587920,+3.48,+27.968,+16.577,+0.986
1631587980,+3.48,+27.951,+16.474,+0.985
1631588040,+3.48,+27.951,+16.389,+0.985
1631588100,+3.48,+27.934,+16.261,+0.984
1631588160,+3.48,+27.943,+16.239,+0.987
1631588220,+3.48,+27.925,+16.125,+0.985
1631588280,+3.48,+27.917,+16.089,+0.985
1631588340,+3.48,+27.917,+16.088,+0.986
1631588400,+3.48,+27.900,+16.082,+0.987
1631588460,+3.48,+27.917,+16.084,+0.986
1631588520,+3.48,+27.891,+16.208,+0.987
1631588580,+3.48,+27.883,+16.227,+0.986
1631588640,+3.48,+27.900,+16.192,+0.985
1631588700,+3.48,+27.891,+16.172,+0.984
1631588760,+3.48,+27.874,+16.139,+0.985
1631588820,+3.48,+27.866,+16.101,+0.986
1631588880,+3.48,+27.874,+15.980,+0.986
1631588940,+3.48,+27.866,+15.887,+0.986
1631589000,+3.48,+27.857,+15.783,+0.986
1631589060,+3.48,+27.849,+15.684,+0.987
1631589120,+3.48,+27.857,+15.487,+0.985
1631589180,+3.48,+27.849,+15.361,+0.986
1631589240,+3.48,+27.840,+15.206,+0.985
1631589300,+3.48,+27.823,+15.034,+0.985
1631589360,+3.48,+27.823,+14.852,+0.985
1631589420,+3.48,+27.798,+14.677,+0.985
1631589480,+3.48,+27.798,+14.488,+0.985
1631589540,+3.48,+27.798,+14.270,+0.984
1631589600,+3.48,+27.798,+14.075,+0.984
1631589660,+3.48,+27.781,+13.901,+0.986
1631589720,+3.48,+27.789,+13.689,+0.985
1631589780,+3.48,+27.789,+13.502,+0.985
1631589840,+3.48,+27.781,+13.329,+0.983
1631589900,+3.48,+27.798,+13.166,+0.983
1631589960,+3.48,+27.772,+13.032,+0.984
1631590020,+3.48,+27.764,+12.854,+0.983
1631590080,+3.48,+27.755,+12.719,+0.984
1631590140,+3.48,+27.755,+12.531,+0.983
1631590200,+3.48,+27.755,+12.407,+0.983
1631590260,+3.48,+27.747,+12.284,+0.983
1631590320,+3.48,+27.755,+12.151,+0.984
1631590380,+3.48,+27.738,+12.032,+0.984
1631590440,+3.48,+27.738,+11.908,+0.984
1631590500,+3.48,+27.747,+11.795,+0.984
1631590560,+3.48,+27.730,+11.665,+0.983
1631590620,+3.48,+27.721,+11.603,+0.984
1631590680,+3.48,+27.738,+11.484,+0.984
1631590740,+3.48,+27.713,+11.388,+0.983
1631590800,+3.48,+27.713,+11.316,+0.984
1631590860,+3.48,+27.704,+11.245,+0.983
1631590920,+3.48,+27.704,+11.159,+0.982
1631590980,+3.48,+27.687,+11.114,+0.983
1631591040,+3.48,+27.678,+11.078,+0.984
1631591100,+3.48,+27.687,+10.996,+0.983
1631591160,+3.48,+27.678,+10.890,+0.983
1631591220,+3.48,+27.661,+10.767,+0.982
1631591280,+3.48,+27.661,+10.670,+0.982
1631591340,+3.48,+27.653,+10.577,+0.983
1631591400,+3.48,+27.653,+10.471,+0.983
1631591460,+3.48,+27.644,+10.375,+0.982
1631591520,+3.48,+27.644,+10.282,+0.982
1631591580,+3.48,+27.636,+10.198,+0.982
1631591640,+3.48,+27.627,+10.107,+0.982
1631591700,+3.48,+27.619,+10.043,+0.982
1631591760,+3.48,+27.619, +9.945,+0.982
1631591820,+3.48,+27.619, +9.883,+0.984
1631591880,+3.48,+27.627, +9.787,+0.983
1631591940,+3.48,+27.602, +9.731,+0.983
1631592000,+3.48,+27.602, +9.641,+0.982
1631592060,+3.48,+27.602, +9.588,+0.983
1631592120,+3.48,+27.593, +9.531,+0.983
1631592180,+3.48,+27.585, +9.465,+0.982
1631592240,+3.48,+27.576, +9.370,+0.982
1631592300,+3.48,+27.576, +9.280,+0.982
1631592360,+3.48,+27.576, +9.191,+0.982
1631592420,+3.48,+27.551, +9.086,+0.981
1631592480,+3.48,+27.568, +9.013,+0.982
1631592540,+3.48,+27.568, +8.923,+0.981
1631592600,+3.48,+27.551, +8.866,+0.982
1631592660,+3.48,+27.559, +8.784,+0.981
1631592720,+3.48,+27.551, +8.727,+0.981
1631592780,+3.47,+27.534, +8.672,+0.981
1631592840,+3.47,+27.525, +8.616,+0.981
1631592900,+3.47,+27.525, +8.574,+0.981
1631592960,+3.48,+27.517, +8.584,+0.980
1631593020,+3.47,+27.534, +8.690,+0.980
1631593080,+3.48,+27.525, +8.904,+0.980
1631593140,+3.48,+27.517, +9.116,+0.981
1631593200,+3.47,+27.500, +9.285,+0.981
1631593260,+3.48,+27.508, +9.409,+0.981
1631593320,+3.47,+27.491, +9.467,+0.982
1631593380,+3.47,+27.483, +9.453,+0.982
1631593440,+3.47,+27.474, +9.441,+0.982
1631593500,+3.47,+27.483, +9.388,+0.982
1631593560,+3.47,+27.466, +9.326,+0.981
1631593620,+3.47,+27.474, +9.275,+0.982
1631593680,+3.47,+27.483, +9.180,+0.981
1631593740,+3.48,+27.474, +9.121,+0.980
1631593800,+3.47,+27.466, +9.045,+0.980
1631593860,+3.48,+27.457, +8.925,+0.981
1631593920,+3.47,+27.449, +8.796,+0.980
1631593980,+3.47,+27.440, +8.678,+0.980
1631594040,+3.47,+27.449, +8.556,+0.980
1631594100,+3.47,+27.440, +8.469,+0.980
1631594160,+3.47,+27.440, +8.349,+0.979
1631594220,+3.47,+27.423, +8.269,+0.980
1631594280,+3.47,+27.423, +8.147,+0.979
1631594340,+3.47,+27.415, +8.066,+0.979
1631594400,+3.47,+27.432, +8.006,+0.980
1631594460,+3.47,+27.423, +7.944,+0.980
1631594520,+3.47,+27.415, +7.879,+0.980
1631594580,+3.48,+27.415, +7.815,+0.980
1631594640,+3.47,+27.406, +7.763,+0.980
1631594700,+3.47,+27.389, +7.704,+0.980
1631594760,+3.47,+27.415, +7.624,+0.979
1631594820,+3.48,+27.389, +7.598,+0.980
1631594880,+3.47,+27.389, +7.576,+0.980
1631594940,+3.47,+27.381, +7.555,+0.980
1631595000,+3.47,+27.415, +7.506,+0.980
1631595060,+3.47,+27.381, +7.422,+0.979
1631595120,+3.48,+27.381, +7.345,+0.980
1631595180,+3.47,+27.381, +7.269,+0.979
1631595240,+3.48,+27.389, +7.193,+0.979
1631595300,+3.47,+27.355, +7.134,+0.979
1631595360,+3.48,+27.381, +7.050,+0.979
1631595420,+3.48,+27.381, +6.992,+0.979
1631595480,+3.48,+27.355, +6.941,+0.979
1631595540,+3.47,+27.355, +6.871,+0.979
1631595600,+3.48,+27.338, +6.809,+0.979
1631595660,+3.48,+27.347, +6.762,+0.979
1631595720,+3.47,+27.347, +6.706,+0.979
1631595780,+3.48,+27.347, +6.660,+0.980
1631595840,+3.47,+27.330, +6.593,+0.979
1631595900,+3.48,+27.338, +6.550,+0.979
1631595960,+3.48,+27.338, +6.500,+0.979
1631596020,+3.47,+27.330, +6.471,+0.979
1631596080,+3.48,+27.347, +6.443,+0.979
1631596140,+3.48,+27.321, +6.423,+0.980
1631596200,+3.48,+27.313, +6.372,+0.979
1631596260,+3.48,+27.313, +6.319,+0.979
1631596320,+3.48,+27.304, +6.264,+0.979
1631596380,+3.48,+27.321, +6.199,+0.979
1631596440,+3.48,+27.304, +6.145,+0.979
1631596500,+3.48,+27.296, +6.078,+0.979
1631596560,+3.48,+27.296, +6.010,+0.979
1631596620,+3.48,+27.287, +5.949,+0.979
1631596680,+3.48,+27.279, +5.889,+0.980
1631596740,+3.48,+27.270, +5.841,+0.979
1631596800,+3.48,+27.287, +5.793,+0.980
1631596860,+3.48,+27.270, +5.745,+0.979
1631596920,+3.48,+27.262, +5.699,+0.979
1631596980,+3.48,+27.262, +5.666,+0.979
1631597040,+3.48,+27.262, +5.621,+0.980
1631597100,+3.48,+27.253, +5.581,+0.980
1631597160,+3.48,+27.236, +5.533,+0.979
1631597220,+3.48,+27.236, +5.489,+0.979
1631597280,+3.48,+27.236, +5.447,+0.980
1631597340,+3.48,+27.245, +5.390,+0.979
1631597400,+3.48,+27.236, +5.353,+0.980
1631597460,+3.48,+27.236, +5.311,+0.979
1631597520,+3.48,+27.236, +5.268,+0.979
1631597580,+3.48,+27.228, +5.222,+0.979
1631597640,+3.48,+27.228, +5.179,+0.979
1631597700,+3.48,+27.236, +5.157,+0.980
1631597760,+3.48,+27.228, +5.133,+0.979
1631597820,+3.48,+27.211, +5.097,+0.979
1631597880,+3.48,+27.202, +5.044,+0.979
1631597940,+3.48,+27.211, +4.996,+0.979
1631598000,+3.48,+27.202, +4.947,+0.979
1631598060,+3.48,+27.202, +4.901,+0.979
1631598120,+3.48,+27.186, +4.862,+0.979
1631598180,+3.48,+27.186, +4.826,+0.979
1631598240,+3.48,+27.186, +4.793,+0.979
1631598300,+3.48,+27.177, +4.751,+0.978
1631598360,+3.48,+27.194, +4.698,+0.978
1631598420,+3.48,+27.186, +4.661,+0.978
1631598480,+3.48,+27.177, +4.651,+0.978
1631598540,+3.48,+27.177, +4.630,+0.978
1631598600,+3.48,+27.160, +4.599,+0.978
1631598660,+3.48,+27.152, +4.560,+0.978
1631598720,+3.48,+27.160, +4.512,+0.978
1631598780,+3.48,+27.143, +4.453,+0.978
1631598840,+3.48,+27.152, +4.421,+0.978
1631598900,+3.48,+27.135, +4.401,+0.979
1631598960,+3.48,+27.143, +4.366,+0.978
1631599020,+3.48,+27.135, +4.349,+0.978
1631599080,+3.48,+27.160, +4.349,+0.978
1631599140,+3.48,+27.118, +4.350,+0.978
1631599200,+3.48,+27.143, +4.340,+0.978
1631599260,+3.48,+27.109, +4.353,+0.979
1631599320,+3.48,+27.118, +4.357,+0.979
1631599380,+3.48,+27.109, +4.359,+0.978
1631599440,+3.48,+27.109, +4.362,+0.978
1631599500,+3.48,+27.118, +4.350,+0.978
1631599560,+3.48,+27.084, +4.335,+0.979
1631599620,+3.48,+27.101, +4.275,+0.978
1631599680,+3.48,+27.092, +4.215,+0.978
1631599740,+3.48,+27.084, +4.181,+0.978
1631599800,+3.48,+27.092, +4.126,+0.978
1631599860,+3.48,+27.092, +4.040,+0.978
1631599920,+3.48,+27.084, +3.981,+0.978
1631599980,+3.48,+27.058, +3.903,+0.977
1631600040,+3.48,+27.067, +3.879,+0.977
1631600100,+3.48,+27.075, +3.859,+0.977
1631600160,+3.48,+27.075, +3.842,+0.977
1631600220,+3.48,+27.058, +3.840,+0.977
1631600280,+3.48,+27.050, +3.848,+0.978
1631600340,+3.48,+27.041, +3.838,+0.977
1631600400,+3.48,+27.050, +3.827,+0.978
1631600460,+3.48,+27.041, +3.822,+0.979
1631600520,+3.48,+27.041, +3.814,+0.979
1631600580,+3.48,+27.041, +3.816,+0.979
1631600640,+3.48,+27.033, +3.819,+0.979
1631600700,+3.48,+27.033, +3.838,+0.980
1631600760,+3.48,+27.033, +3.856,+0.980
1631600820,+3.48,+27.007, +3.859,+0.979
1631600880,+3.48,+27.024, +3.859,+0.979
1631600940,+3.48,+27.007, +3.841,+0.978
1631601000,+3.48,+27.007, +3.839,+0.978
1631601060,+3.48,+26.990, +3.844,+0.977
1631601120,+3.48,+26.973, +3.844,+0.978
1631601180,+3.48,+26.990, +3.842,+0.977
1631601240,+3.48,+26.973, +3.839,+0.977
1631601300,+3.48,+26.973, +3.826,+0.977
1631601360,+3.48,+26.973, +3.807,+0.977
1631601420,+3.48,+26.965, +3.799,+0.977
1631601480,+3.48,+26.956, +3.819,+0.977
1631601540,+3.48,+26.965, +3.860,+0.976
1631601600,+3.48,+26.956, +3.907,+0.976
1631601660,+3.48,+26.939, +3.938,+0.975
1631601720,+3.48,+26.948, +3.958,+0.975
1631601780,+3.48,+26.948, +3.953,+0.976
1631601840,+3.48,+26.931, +3.939,+0.976
1631601900,+3.48,+26.948, +3.956,+0.976
1631601960,+3.48,+26.923, +4.005,+0.975
1631602020,+3.48,+26.906, +4.072,+0.974
1631602080,+3.48,+26.931, +4.125,+0.974
1631602140,+3.48,+26.914, +4.138,+0.973
1631602200,+3.48,+26.906, +4.129,+0.974
1631602260,+3.48,+26.897, +4.126,+0.974
1631602320,+3.48,+26.897, +4.137,+0.976
1631602380,+3.48,+26.897, +4.131,+0.976
1631602440,+3.48,+26.897, +4.114,+0.976
1631602500,+3.48,+26.897, +4.092,+0.976
1631602560,+3.48,+26.880, +4.077,+0.977
1631602620,+3.48,+26.889, +4.060,+0.977
1631602680,+3.48,+26.880, +4.048,+0.977
1631602740,+3.48,+26.889, +4.030,+0.977
1631602800,+3.48,+26.880, +4.026,+0.978
1631602860,+3.48,+26.855, +4.033,+0.977
1631602920,+3.48,+26.880, +4.023,+0.977
1631602980,+3.48,+26.855, +4.016,+0.977
1631603040,+3.48,+26.872, +3.996,+0.977
1631603100,+3.48,+26.846, +3.975,+0.977
1631603160,+3.48,+26.855, +3.943,+0.977
1631603220,+3.48,+26.829, +3.905,+0.976
1631603280,+3.48,+26.838, +3.860,+0.976
1631603340,+3.48,+26.821, +3.829,+0.976
1631603400,+3.48,+26.838, +3.813,+0.975
1631603460,+3.48,+26.838, +3.794,+0.975
1631603520,+3.48,+26.829, +3.766,+0.975
1631603580,+3.48,+26.829, +3.743,+0.975
1631603640,+3.48,+26.821, +3.712,+0.974
1631603700,+3.48,+26.812, +3.683,+0.975
1631603760,+3.48,+26.829, +3.640,+0.975
1631603820,+3.48,+26.804, +3.596,+0.974
1631603880,+3.48,+26.804, +3.564,+0.975
1631603940,+3.48,+26.804, +3.517,+0.975
1631604000,+3.48,+26.812, +3.469,+0.975
1631604060,+3.48,+26.787, +3.432,+0.974
1631604120,+3.48,+26.804, +3.385,+0.974
1631604180,+3.48,+26.787, +3.326,+0.973
1631604240,+3.48,+26.778, +3.267,+0.973
1631604300,+3.48,+26.778, +3.197,+0.972
1631604360,+3.48,+26.787, +3.138,+0.972
1631604420,+3.48,+26.787, +3.076,+0.972
1631604480,+3.48,+26.762, +3.023,+0.972
1631604540,+3.48,+26.778, +2.969,+0.972
1631604600,+3.48,+26.753, +2.930,+0.972
1631604660,+3.48,+26.753, +2.885,+0.972
1631604720,+3.48,+26.770, +2.843,+0.971
1631604780,+3.48,+26.762, +2.800,+0.972
1631604840,+3.48,+26.762, +2.753,+0.971
1631604900,+3.48,+26.778, +2.699,+0.971
1631604960,+3.48,+26.762, +2.660,+0.971
1631605020,+3.48,+26.753, +2.618,+0.971
1631605080,+3.48,+26.762, +2.563,+0.972
1631605140,+3.48,+26.745, +2.514,+0.972
1631605200,+3.48,+26.736, +2.454,+0.972
1631605260,+3.48,+26.736, +2.399,+0.972
1631605320,+3.48,+26.736, +2.344,+0.972
1631605380,+3.48,+26.736, +2.303,+0.972
1631605440,+3.48,+26.736, +2.266,+0.972
1631605500,+3.48,+26.711, +2.243,+0.971
1631605560,+3.48,+26.728, +2.226,+0.971
1631605620,+3.48,+26.711, +2.198,+0.971
1631605680,+3.48,+26.702, +2.169,+0.971
1631605740,+3.48,+26.702, +2.146,+0.972
1631605800,+3.48,+26.711, +2.117,+0.972
1631605860,+3.48,+26.694, +2.090,+0.972
1631605920,+3.48,+26.685, +2.074,+0.972
1631605980,+3.48,+26.702, +2.056,+0.973
1631606040,+3.48,+26.694, +2.026,+0.974
1631606100,+3.48,+26.694, +1.977,+0.974
1631606160,+3.48,+26.685, +1.926,+0.975
1631606220,+3.48,+26.668, +1.917,+0.975
1631606280,+3.48,+26.668, +1.924,+0.974
1631606340,+3.48,+26.685, +1.912,+0.973
1631606400,+3.48,+26.668, +1.902,+0.973
1631606460,+3.48,+26.651, +1.892,+0.972
1631606520,+3.48,+26.668, +1.885,+0.972
1631606580,+3.48,+26.660, +1.889,+0.972
1631606640,+3.48,+26.668, +1.886,+0.972
1631606700,+3.48,+26.643, +1.885,+0.971
1631606760,+3.48,+26.634, +1.852,+0.972
1631606820,+3.48,+26.651, +1.800,+0.971
1631606880,+3.48,+26.643, +1.756,+0.972
1631606940,+3.48,+26.643, +1.711,+0.971
1631607000,+3.48,+26.643, +1.673,+0.971
1631607060,+3.48,+26.643, +1.627,+0.971
1631607120,+3.48,+26.634, +1.590,+0.971
1631607180,+3.48,+26.634, +1.579,+0.971
1631607240,+3.48,+26.634, +1.585,+0.971
1631607300,+3.48,+26.618, +1.586,+0.970
1631607360,+3.48,+26.618, +1.576,+0.970
1631607420,+3.48,+26.626, +1.567,+0.970
1631607480,+3.48,+26.609, +1.559,+0.970
1631607540,+3.48,+26.618, +1.540,+0.971
1631607600,+3.48,+26.601, +1.523,+0.971
1631607660,+3.48,+26.592, +1.510,+0.971
1631607720,+3.48,+26.601, +1.498,+0.971
1631607780,+3.48,+26.601, +1.491,+0.972
1631607840,+3.48,+26.592, +1.487,+0.972
1631607900,+3.48,+26.592, +1.480,+0.972
1631607960,+3.48,+26.575, +1.488,+0.971
1631608020,+3.48,+26.592, +1.499,+0.971
1631608080,+3.48,+26.584, +1.517,+0.971
1631608140,+3.48,+26.567, +1.540,+0.972
1631608200,+3.48,+26.575, +1.550,+0.971
1631608260,+3.48,+26.584, +1.555,+0.971
1631608320,+3.48,+26.567, +1.541,+0.970
1631608380,+3.48,+26.558, +1.513,+0.970
1631608440,+3.48,+26.550, +1.497,+0.970
1631608500,+3.48,+26.558, +1.479,+0.970
1631608560,+3.48,+26.558, +1.463,+0.971
1631608620,+3.48,+26.558, +1.441,+0.971
1631608680,+3.48,+26.567, +1.416,+0.971
1631608740,+3.48,+26.558, +1.402,+0.970
1631608800,+3.48,+26.550, +1.401,+0.970
1631608860,+3.48,+26.550, +1.407,+0.970
1631608920,+3.48,+26.541, +1.426,+0.970
1631608980,+3.48,+26.541, +1.441,+0.970
1631609040,+3.48,+26.516, +1.466,+0.969
1631609100,+3.48,+26.524, +1.479,+0.969
1631609160,+3.48,+26.550, +1.482,+0.968
1631609220,+3.48,+26.524, +1.495,+0.968
1631609280,+3.48,+26.524, +1.511,+0.968
1631609340,+3.48,+26.533, +1.515,+0.968
1631609400,+3.48,+26.516, +1.524,+0.968
1631609460,+3.47,+26.508, +1.525,+0.968
1631609520,+3.47,+26.499, +1.538,+0.968
1631609580,+3.47,+26.499, +1.584,+0.969
1631609640,+3.47,+26.482, +1.602,+0.969
1631609700,+3.48,+26.491, +1.613,+0.968
1631609760,+3.47,+26.474, +1.642,+0.968
1631609820,+3.47,+26.491, +1.677,+0.968
1631609880,+3.47,+26.474, +1.707,+0.967
1631609940,+3.47,+26.457, +1.720,+0.967
1631610000,+3.47,+26.465, +1.729,+0.966
1631610060,+3.47,+26.474, +1.743,+0.966
1631610120,+3.47,+26.474, +1.736,+0.966
1631610180,+3.47,+26.465, +1.716,+0.967
1631610240,+3.47,+26.465, +1.697,+0.967
1631610300,+3.47,+26.448, +1.678,+0.967
1631610360,+3.47,+26.474, +1.640,+0.968
1631610420,+3.47,+26.474, +1.615,+0.967
1631610480,+3.47,+26.440, +1.586,+0.968
1631610540,+3.47,+26.457, +1.563,+0.969
1631610600,+3.47,+26.448, +1.539,+0.970
1631610660,+3.47,+26.440, +1.571,+0.966
1631610720,+3.47,+26.431, +1.752,+0.963
1631610780,+3.47,+26.423, +1.988,+0.961
1631610840,+3.47,+26.431, +2.222,+0.960
1631610900,+3.47,+26.431, +2.408,+0.961
1631610960,+3.47,+26.440, +2.543,+0.962
1631611020,+3.47,+26.423, +2.647,+0.963
1631611080,+3.47,+26.414, +2.714,+0.964
1631611140,+3.47,+26.406, +2.760,+0.964
1631611200,+3.47,+26.431, +2.760,+0.964
1631611260,+3.47,+26.423, +2.747,+0.965
1631611320,+3.47,+26.406, +2.719,+0.966
1631611380,+3.47,+26.414, +2.670,+0.966
1631611440,+3.47,+26.414, +2.618,+0.967
1631611500,+3.47,+26.414, +2.554,+0.966
1631611560,+3.47,+26.398, +2.483,+0.966
1631611620,+3.47,+26.398, +2.411,+0.967
1631611680,+3.47,+26.406, +2.347,+0.966
1631611740,+3.47,+26.398, +2.295,+0.965
1631611800,+3.47,+26.398, +2.249,+0.965
1631611860,+3.47,+26.389, +2.202,+0.965
1631611920,+3.47,+26.398, +2.143,+0.965
1631611980,+3.47,+26.381, +2.104,+0.964
1631612040,+3.47,+26.381, +2.061,+0.964
1631612100,+3.47,+26.381, +2.012,+0.963
1631612160,+3.47,+26.372, +1.950,+0.963
1631612220,+3.47,+26.372, +1.886,+0.963
1631612280,+3.47,+26.355, +1.836,+0.963
1631612340,+3.47,+26.347, +1.803,+0.963
1631612400,+3.47,+26.364, +1.756,+0.963
1631612460,+3.47,+26.364, +1.685,+0.963
1631612520,+3.47,+26.355, +1.625,+0.963
1631612580,+3.47,+26.364, +1.570,+0.963
1631612640,+3.47,+26.347, +1.524,+0.963
1631612700,+3.47,+26.347, +1.493,+0.963
1631612760,+3.47,+26.338, +1.469,+0.964
1631612820,+3.47,+26.338, +1.422,+0.964
1631612880,+3.47,+26.330, +1.382,+0.964
1631612940,+3.47,+26.338, +1.339,+0.963
1631613000,+3.47,+26.338, +1.296,+0.963
1631613060,+3.47,+26.330, +1.252,+0.963
1631613120,+3.47,+26.321, +1.204,+0.963
1631613180,+3.47,+26.338, +1.164,+0.963
1631613240,+3.47,+26.321, +1.131,+0.963
1631613300,+3.47,+26.330, +1.100,+0.964
1631613360,+3.47,+26.330, +1.058,+0.964
1631613420,+3.47,+26.313, +1.015,+0.964
1631613480,+3.47,+26.305, +0.982,+0.964
1631613540,+3.47,+26.305, +0.954,+0.964
1631613600,+3.47,+26.313, +0.922,+0.964
1631613660,+3.47,+26.279, +0.880,+0.965
1631613720,+3.47,+26.279, +0.836,+0.965
1631613780,+3.47,+26.288, +0.814,+0.966
1631613840,+3.47,+26.279, +0.821,+0.966
1631613900,+3.47,+26.279, +0.818,+0.967
1631613960,+3.47,+26.288, +0.810,+0.967
1631614020,+3.47,+26.271, +0.794,+0.967
1631614080,+3.47,+26.271, +0.777,+0.968
1631614140,+3.47,+26.271, +0.755,+0.967
1631614200,+3.47,+26.262, +0.737,+0.966
1631614260,+3.47,+26.254, +0.722,+0.966
1631614320,+3.47,+26.254, +0.724,+0.967
1631614380,+3.47,+26.254, +0.736,+0.967
1631614440,+3.47,+26.254, +0.744,+0.968
1631614500,+3.47,+26.245, +0.737,+0.968
1631614560,+3.47,+26.237, +0.709,+0.968
1631614620,+3.47,+26.254, +0.698,+0.969
1631614680,+3.47,+26.229, +0.686,+0.968
1631614740,+3.47,+26.220, +0.676,+0.969
1631614800,+3.47,+26.220, +0.683,+0.969
1631614860,+3.47,+26.245, +0.683,+0.969
1631614920,+3.47,+26.229, +0.681,+0.968
1631614980,+3.47,+26.220, +0.688,+0.968
1631615040,+3.47,+26.212, +0.704,+0.968
1631615100,+3.47,+26.220, +0.725,+0.968
1631615160,+3.47,+26.203, +0.739,+0.968
1631615220,+3.47,+26.203, +0.752,+0.968
1631615280,+3.47,+26.212, +0.765,+0.969
1631615340,+3.47,+26.195, +0.784,+0.969
1631615400,+3.47,+26.212, +0.780,+0.969
1631615460,+3.47,+26.212, +0.776,+0.969
1631615520,+3.47,+26.203, +0.780,+0.968
1631615580,+3.47,+26.195, +0.766,+0.968
1631615640,+3.47,+26.186, +0.742,+0.968
1631615700,+3.47,+26.203, +0.713,+0.968
1631615760,+3.47,+26.178, +0.689,+0.969
1631615820,+3.47,+26.178, +0.669,+0.969
1631615880,+3.47,+26.186, +0.633,+0.969
1631615940,+3.47,+26.169, +0.622,+0.969
1631616000,+3.47,+26.178, +0.622,+0.969
1631616060,+3.47,+26.195, +0.625,+0.969
1631616120,+3.47,+26.169, +0.614,+0.970
1631616180,+3.47,+26.161, +0.610,+0.969
1631616240,+3.47,+26.178, +0.609,+0.969
1631616300,+3.47,+26.152, +0.612,+0.968
1631616360,+3.47,+26.161, +0.624,+0.968
1631616420,+3.47,+26.161, +0.640,+0.968
1631616480,+3.47,+26.152, +0.708,+0.967
1631616540,+3.47,+26.152, +0.769,+0.966
1631616600,+3.47,+26.161, +0.817,+0.965
1631616660,+3.47,+26.152, +0.848,+0.964
1631616720,+3.47,+26.144, +0.892,+0.963
1631616780,+3.47,+26.152, +0.896,+0.965
1631616840,+3.47,+26.144, +0.875,+0.966
1631616900,+3.47,+26.144, +0.838,+0.966
1631616960,+3.47,+26.144, +0.811,+0.966
1631617020,+3.47,+26.127, +0.805,+0.965
1631617080,+3.47,+26.127, +0.796,+0.965
1631617140,+3.47,+26.127, +0.798,+0.966
1631617200,+3.47,+26.119, +0.788,+0.966
1631617260,+3.47,+26.119, +0.786,+0.967
1631617320,+3.47,+26.119, +0.773,+0.967
1631617380,+3.47,+26.127, +0.745,+0.968
1631617440,+3.47,+26.127, +0.707,+0.968
1631617500,+3.47,+26.119, +0.655,+0.968
1631617560,+3.47,+26.110, +0.608,+0.967
1631617620,+3.47,+26.110, +0.586,+0.967
1631617680,+3.47,+26.110, +0.584,+0.966
1631617740,+3.47,+26.102, +0.587,+0.965
1631617800,+3.47,+26.102, +0.590,+0.964
1631617860,+3.47,+26.119, +0.581,+0.963
1631617920,+3.47,+26.093, +0.573,+0.962
1631617980,+3.47,+26.093, +0.569,+0.962
1631618040,+3.47,+26.093, +0.563,+0.962
1631618100,+3.47,+26.102, +0.569,+0.963
1631618160,+3.47,+26.102, +0.574,+0.963
1631618220,+3.47,+26.085, +0.562,+0.963
1631618280,+3.47,+26.102, +0.540,+0.963
1631618340,+3.47,+26.085, +0.528,+0.963
1631618400,+3.47,+26.085, +0.516,+0.963
1631618460,+3.47,+26.093, +0.494,+0.964
1631618520,+3.47,+26.085, +0.472,+0.964
1631618580,+3.47,+26.068, +0.451,+0.964
1631618640,+3.47,+26.068, +0.438,+0.964
1631618700,+3.47,+26.068, +0.426,+0.964
1631618760,+3.47,+26.076, +0.416,+0.964
1631618820,+3.47,+26.076, +0.397,+0.964
1631618880,+3.47,+26.085, +0.380,+0.965
1631618940,+3.47,+26.068, +0.361,+0.965
1631619000,+3.47,+26.076, +0.344,+0.965
1631619060,+3.47,+26.060, +0.331,+0.966
1631619120,+3.47,+26.068, +0.308,+0.967
1631619180,+3.47,+26.051, +0.284,+0.966
1631619240,+3.47,+26.060, +0.258,+0.966
1631619300,+3.47,+26.085, +0.244,+0.966
1631619360,+3.47,+26.051, +0.209,+0.966
1631619420,+3.47,+26.060, +0.172,+0.966
1631619480,+3.47,+26.068, +0.138,+0.966
1631619540,+3.47,+26.068, +0.115,+0.966
1631619600,+3.47,+26.051, +0.106,+0.966
1631619660,+3.47,+26.060, +0.101,+0.966
1631619720,+3.47,+26.043, +0.096,+0.966
1631619780,+3.47,+26.043, +0.091,+0.966
1631619840,+3.47,+26.051, +0.096,+0.966
1631619900,+3.47,+26.043, +0.105,+0.966
1631619960,+3.47,+26.051, +0.123,+0.965
1631620020,+3.47,+26.051, +0.153,+0.964
1631620080,+3.47,+26.034, +0.175,+0.964
1631620140,+3.47,+26.026, +0.171,+0.965
1631620200,+3.47,+26.043, +0.181,+0.965
1631620260,+3.47,+26.034, +0.199,+0.964
1631620320,+3.47,+26.026, +0.219,+0.964
1631620380,+3.47,+26.034, +0.227,+0.964
1631620440,+3.47,+26.043, +0.220,+0.964
1631620500,+3.47,+26.034, +0.219,+0.964
1631620560,+3.47,+26.017, +0.216,+0.964
1631620620,+3.47,+26.026, +0.205,+0.964
1631620680,+3.47,+26.009, +0.193,+0.964
1631620740,+3.47,+26.026, +0.176,+0.965
1631620800,+3.47,+26.017, +0.268,+0.968
1631620860,+3.47,+26.017, +0.312,+0.968
1631620920,+3.47,+26.017, +0.348,+0.968
1631620980,+3.47,+26.009, +0.385,+0.968
1631621040,+3.47,+26.009, +0.452,+0.967
1631621100,+3.47,+26.026, +0.536,+0.966
1631621160,+3.47,+26.009, +0.615,+0.966
1631621220,+3.47,+26.000, +0.784,+0.967
1631621280,+3.47,+26.009, +1.013,+0.965
1631621340,+3.47,+26.000, +1.212,+0.963
1631621400,+3.47,+26.009, +1.351,+0.961
1631621460,+3.47,+25.992, +1.406,+0.962
1631621520,+3.47,+25.992, +1.410,+0.963
1631621580,+3.47,+26.000, +1.398,+0.965
1631621640,+3.47,+25.992, +1.397,+0.967
1631621700,+3.47,+25.984, +1.376,+0.968
1631621760,+3.47,+25.975, +1.340,+0.968
1631621820,+3.47,+25.967, +1.318,+0.968
1631621880,+3.47,+25.975, +1.275,+0.968
1631621940,+3.47,+25.958, +1.217,+0.968
1631622000,+3.47,+25.984, +1.148,+0.968
1631622060,+3.47,+25.984, +1.092,+0.967
1631622120,+3.47,+25.984, +1.048,+0.967
1631622180,+3.47,+25.975, +1.028,+0.965
1631622240,+3.47,+25.975, +1.058,+0.962
1631622300,+3.47,+25.958, +1.129,+0.962
1631622360,+3.47,+25.967, +1.241,+0.963
1631622420,+3.47,+25.967, +1.325,+0.963
1631622480,+3.47,+25.958, +1.371,+0.964
1631622540,+3.47,+25.967, +1.363,+0.964
1631622600,+3.47,+25.967, +1.332,+0.964
1631622660,+3.47,+25.958, +1.294,+0.964
1631622720,+3.47,+25.950, +1.243,+0.964
1631622780,+3.47,+25.975, +1.444,+0.967
1631622840,+3.47,+25.950, +1.811,+0.970
1631622900,+3.47,+25.950, +2.018,+0.972
1631622960,+3.47,+25.941, +2.126,+0.972
1631623020,+3.47,+25.941, +2.187,+0.973
1631623080,+3.47,+25.941, +2.202,+0.974
1631623140,+3.47,+25.933, +2.194,+0.974
1631623200,+3.47,+25.941, +2.158,+0.974
1631623260,+3.47,+25.941, +2.110,+0.974
1631623320,+3.47,+25.933, +2.049,+0.974
1631623380,+3.47,+25.924, +1.999,+0.974
1631623440,+3.47,+25.933, +1.968,+0.975
1631623500,+3.47,+25.924, +1.945,+0.974
1631623560,+3.47,+25.941, +1.921,+0.974
1631623620,+3.47,+25.941, +1.896,+0.974
1631623680,+3.47,+25.924, +1.863,+0.974
1631623740,+3.47,+25.933, +1.837,+0.974
1631623800,+3.47,+25.933, +1.806,+0.974
1631623860,+3.47,+25.916, +1.753,+0.973
1631623920,+3.47,+25.941, +1.650,+0.972
1631623980,+3.47,+25.908, +1.601,+0.972
1631624040,+3.47,+25.924, +1.576,+0.971
1631624100,+3.47,+25.924, +1.533,+0.971
1631624160,+3.47,+25.916, +1.491,+0.970
1631624220,+3.47,+25.924, +1.500,+0.971
1631624280,+3.47,+25.924, +1.500,+0.971
1631624340,+3.47,+25.924, +1.497,+0.971
1631624400,+3.47,+25.916, +1.498,+0.972
1631624460,+3.47,+25.924, +1.488,+0.973
1631624520,+3.47,+25.916, +1.455,+0.973
1631624580,+3.47,+25.924, +1.408,+0.973
1631624640,+3.47,+25.916, +1.366,+0.973
1631624700,+3.47,+25.924, +1.340,+0.973
1631624760,+3.47,+25.924, +1.355,+0.973
1631624820,+3.47,+25.908, +1.356,+0.973
1631624880,+3.47,+25.891, +1.350,+0.973
1631624940,+3.47,+25.899, +1.327,+0.972
1631625000,+3.47,+25.899, +1.306,+0.972
1631625060,+3.47,+25.891, +1.302,+0.971
1631625120,+3.47,+25.908, +1.283,+0.972
1631625180,+3.47,+25.891, +1.692,+0.972
1631625240,+3.47,+25.899, +2.129,+0.974
1631625300,+3.47,+25.891, +2.285,+0.975
1631625360,+3.47,+25.891, +2.388,+0.976
1631625420,+3.47,+25.899, +2.471,+0.977
1631625480,+3.47,+25.874, +2.551,+0.978
1631625540,+3.47,+25.908, +2.676,+0.979
1631625600,+3.47,+25.882, +3.292,+0.979
1631625660,+3.47,+25.891, +3.525,+0.980
1631625720,+3.47,+25.891, +3.684,+0.981
1631625780,+3.47,+25.899, +3.804,+0.981
1631625840,+3.47,+25.899, +3.850,+0.981
1631625900,+3.47,+25.899, +3.865,+0.981
1631625960,+3.47,+25.908, +3.856,+0.981
1631626020,+3.47,+25.899, +3.842,+0.981
1631626080,+3.47,+25.899, +3.847,+0.982
1631626140,+3.47,+25.891, +3.853,+0.981
1631626200,+3.47,+25.891, +3.870,+0.982
1631626260,+3.47,+25.899, +3.909,+0.982
1631626320,+3.47,+25.899, +3.953,+0.982
1631626380,+3.47,+25.899, +4.011,+0.982
1631626440,+3.47,+25.916, +4.085,+0.982
1631626500,+3.47,+25.908, +4.202,+0.982
1631626560,+3.47,+25.908, +4.321,+0.982
1631626620,+3.47,+25.916, +4.397,+0.982
1631626680,+3.47,+25.916, +4.442,+0.982
1631626740,+3.47,+25.916, +4.437,+0.982
1631626800,+3.47,+25.916, +4.413,+0.982
1631626860,+3.47,+25.916, +4.450,+0.983
1631626920,+3.47,+25.916, +4.515,+0.983
1631626980,+3.47,+25.916, +4.553,+0.983
1631627040,+3.47,+25.924, +4.572,+0.982
1631627100,+3.47,+25.908, +4.579,+0.983
1631627160,+3.47,+25.933, +4.602,+0.983
1631627220,+3.47,+25.908, +4.622,+0.983
1631627280,+3.47,+25.908, +4.614,+0.983
1631627340,+3.47,+25.924, +4.589,+0.983
1631627400,+3.47,+25.941, +4.586,+0.983
1631627460,+3.47,+25.924, +4.616,+0.983
1631627520,+3.47,+25.916, +4.676,+0.983
1631627580,+3.47,+25.916, +4.733,+0.982
1631627640,+3.47,+25.933, +4.814,+0.982
1631627700,+3.47,+25.933, +4.916,+0.982
1631627760,+3.47,+25.916, +5.029,+0.982
1631627820,+3.47,+25.933, +5.106,+0.982
1631627880,+3.47,+25.941, +5.179,+0.982
1631627940,+3.47,+25.950, +5.214,+0.982
1631628000,+3.47,+25.950, +5.201,+0.982
1631628060,+3.47,+25.950, +5.158,+0.982
1631628120,+3.47,+25.950, +5.107,+0.981
1631628180,+3.47,+25.941, +5.102,+0.982
1631628240,+3.47,+25.941, +5.097,+0.982
1631628300,+3.47,+25.933, +5.097,+0.982
1631628360,+3.47,+25.941, +5.155,+0.982
1631628420,+3.47,+25.941, +5.245,+0.982
1631628480,+3.47,+25.950, +5.415,+0.982
1631628540,+3.47,+25.958, +5.593,+0.981
1631628600,+3.47,+25.958, +5.746,+0.982
1631628660,+3.47,+25.967, +5.878,+0.982
1631628720,+3.47,+25.967, +6.042,+0.981
1631628780,+3.47,+25.967, +6.333,+0.981
1631628840,+3.47,+25.967, +6.672,+0.981
1631628900,+3.47,+25.958, +6.972,+0.981
1631628960,+3.47,+25.967, +7.247,+0.981
1631629020,+3.47,+25.984, +7.440,+0.981
1631629080,+3.47,+25.984, +7.576,+0.981
1631629140,+3.47,+25.984, +7.639,+0.981
1631629200,+3.47,+25.975, +7.700,+0.981
1631629260,+3.47,+25.992, +7.778,+0.981
1631629320,+3.47,+25.992, +7.904,+0.980
1631629380,+3.47,+26.000, +8.066,+0.980
1631629440,+3.47,+25.992, +8.300,+0.982
1631629500,+3.47,+26.026, +8.552,+0.981
1631629560,+3.47,+26.000, +8.867,+0.981
1631629620,+3.47,+26.026, +9.345,+0.981
1631629680,+3.47,+26.026, +9.958,+0.981
1631629740,+3.47,+26.051, +9.459,+0.982
1631629800,+3.47,+26.043, +9.674,+0.982
1631629860,+3.47,+26.043, +9.898,+0.983
1631629920,+3.47,+26.068,+10.120,+0.982
1631629980,+3.47,+26.068,+10.375,+0.982
1631630040,+3.47,+26.068,+10.660,+0.983
1631630100,+3.47,+26.068,+10.903,+0.982
1631630160,+3.47,+26.076,+11.156,+0.983
1631630220,+3.47,+26.068,+11.464,+0.984
1631630280,+3.47,+26.076,+11.742,+0.984
1631630340,+3.47,+26.076,+11.942,+0.983
1631630400,+3.47,+26.085,+12.155,+0.984
1631630460,+3.47,+26.068,+12.340,+0.983
1631630520,+3.47,+26.076,+12.626,+0.983
1631630580,+3.47,+26.102,+13.065,+0.983
1631630640,+3.47,+26.085,+13.809,+0.984
1631630700,+3.47,+26.127,+14.503,+0.982
1631630760,+3.47,+26.119,+15.267,+0.984
1631630820,+3.47,+26.136,+15.930,+0.984
1631630880,+3.47,+26.152,+16.613,+0.985
1631630940,+3.47,+26.178,+16.991,+0.986
1631631000,+3.47,+26.178,+17.484,+0.986
1631631060,+3.47,+26.212,+18.093,+0.983
1631631120,+3.47,+26.229,+18.424,+0.984
1631631180,+3.47,+26.262,+18.491,+0.981
1631631240,+3.47,+26.254,+18.440,+0.984
1631631300,+3.47,+26.271,+18.318,+0.981
1631631360,+3.47,+26.271,+18.436,+0.981
1631631420,+3.47,+26.254,+18.580,+0.983
1631631480,+3.47,+26.254,+18.807,+0.982
1631631540,+3.47,+26.245,+19.306,+0.983
1631631600,+3.47,+26.245,+19.962,+0.985
1631631660,+3.47,+26.254,+20.370,+0.984
1631631720,+3.47,+26.271,+21.106,+0.984
1631631780,+3.47,+26.279,+21.869,+0.986
1631631840,+3.47,+26.279,+22.069,+0.985
1631631900,+3.47,+26.288,+21.916,+0.984
1631631960,+3.47,+26.262,+21.416,+0.985
1631632020,+3.47,+26.254,+20.549,+0.982
1631632080,+3.47,+26.271,+19.804,+0.983
1631632140,+3.47,+26.254,+19.281,+0.980
1631632200,+3.47,+26.245,+18.973,+0.981
1631632260,+3.47,+26.245,+18.759,+0.980
1631632320,+3.47,+26.220,+18.575,+0.980
1631632380,+3.47,+26.237,+18.162,+0.980
1631632440,+3.47,+26.212,+17.664,+0.978
1631632500,+3.47,+26.212,+17.558,+0.979
1631632560,+3.47,+26.212,+17.474,+0.980
1631632620,+3.47,+26.203,+17.326,+0.981
1631632680,+3.47,+26.195,+17.171,+0.980
1631632740,+3.47,+26.195,+17.239,+0.981
1631632800,+3.47,+26.203,+17.290,+0.982
1631632860,+3.47,+26.195,+17.166,+0.979
1631632920,+3.47,+26.186,+17.063,+0.981
1631632980,+3.47,+26.203,+16.775,+0.982
1631633040,+3.47,+26.203,+16.439,+0.980
1631633100,+3.47,+26.186,+16.207,+0.980
1631633160,+3.47,+26.178,+16.173,+0.982
1631633220,+3.47,+26.169,+16.094,+0.981
1631633280,+3.47,+26.161,+15.990,+0.980
1631633340,+3.47,+26.186,+15.783,+0.980
1631633400,+3.47,+26.169,+15.595,+0.981
1631633460,+3.47,+26.195,+15.371,+0.981
1631633520,+3.47,+26.195,+15.370,+0.983
1631633580,+3.47,+26.195,+15.539,+0.981
1631633640,+3.47,+26.229,+15.777,+0.982
1631633700,+3.47,+26.237,+16.006,+0.981
1631633760,+3.47,+26.262,+16.391,+0.983
1631633820,+3.47,+26.296,+17.017,+0.983
1631633880,+3.47,+26.313,+17.523,+0.983
1631633940,+3.47,+26.338,+18.020,+0.983
1631634000,+3.47,+26.364,+18.562,+0.981
1631634060,+3.47,+26.389,+19.305,+0.985
1631634120,+3.47,+26.398,+19.678,+0.983
1631634180,+3.47,+26.372,+19.443,+0.984
1631634240,+3.47,+26.381,+18.747,+0.983
1631634300,+3.47,+26.389,+18.395,+0.982
1631634360,+3.47,+26.406,+18.607,+0.982
1631634420,+3.47,+26.431,+19.173,+0.981
1631634480,+3.47,+26.465,+19.877,+0.982
1631634540,+3.47,+26.491,+20.481,+0.983
1631634600,+3.47,+26.508,+21.195,+0.984
1631634660,+3.47,+26.533,+21.574,+0.985
1631634720,+3.47,+26.533,+21.900,+0.985
1631634780,+3.47,+26.533,+22.339,+0.986
1631634840,+3.47,+26.550,+22.923,+0.983
1631634900,+3.47,+26.575,+23.947,+0.988
1631634960,+3.47,+26.609,+24.939,+0.988
1631635020,+3.47,+26.643,+25.894,+0.987
1631635080,+3.47,+26.677,+26.625,+0.987
1631635140,+3.47,+26.711,+27.320,+0.986
1631635200,+3.47,+26.728,+28.100,+0.990
1631635260,+3.47,+26.745,+27.832,+0.987
1631635320,+3.47,+26.702,+26.763,+0.985
1631635380,+3.47,+26.711,+25.269,+0.987
1631635440,+3.47,+26.694,+24.237,+0.986
1631635500,+3.47,+26.711,+23.898,+0.983
1631635560,+3.47,+26.694,+23.860,+0.985
1631635620,+3.47,+26.694,+23.773,+0.984
1631635680,+3.47,+26.719,+23.957,+0.985
1631635740,+3.47,+26.736,+24.124,+0.983
1631635800,+3.47,+26.787,+24.190,+0.982
1631635860,+3.47,+26.804,+24.762,+0.985
1631635920,+3.47,+26.829,+25.215,+0.983
1631635980,+3.47,+26.855,+24.940,+0.983
1631636040,+3.47,+26.880,+24.203,+0.986
1631636100,+3.47,+26.889,+23.578,+0.984
1631636160,+3.47,+26.906,+23.315,+0.984
1631636220,+3.47,+26.914,+23.097,+0.982
1631636280,+3.47,+26.914,+22.706,+0.982
1631636340,+3.47,+26.931,+22.086,+0.981
1631636400,+3.47,+26.931,+21.887,+0.983
1631636460,+3.47,+26.923,+21.817,+0.983
1631636520,+3.47,+26.956,+22.655,+0.984
1631636580,+3.47,+26.973,+23.303,+0.986
1631636640,+3.47,+26.973,+23.439,+0.984
1631636700,+3.47,+26.999,+23.545,+0.986
1631636760,+3.47,+27.016,+23.542,+0.986
1631636820,+3.47,+27.016,+22.936,+0.982
1631636880,+3.47,+27.041,+22.665,+0.983
1631636940,+3.47,+27.016,+22.171,+0.983
1631637000,+3.47,+27.041,+21.661,+0.984
1631637060,+3.47,+27.016,+21.061,+0.984
1631637120,+3.47,+27.041,+20.325,+0.981
1631637180,+3.47,+27.033,+19.955,+0.983
1631637240,+3.47,+27.024,+19.590,+0.980
1631637300,+3.47,+27.033,+19.923,+0.983
1631637360,+3.47,+27.058,+20.025,+0.982
1631637420,+3.47,+27.075,+20.293,+0.983
1631637480,+3.47,+27.101,+20.733,+0.984
1631637540,+3.47,+27.109,+20.575,+0.983
1631637600,+3.47,+27.126,+20.901,+0.983
1631637660,+3.47,+27.092,+20.624,+0.983
1631637720,+3.47,+27.084,+20.920,+0.984
1631637780,+3.47,+27.101,+20.848,+0.983
1631637840,+3.47,+27.135,+20.615,+0.982
1631637900,+3.47,+27.109,+19.931,+0.982
1631637960,+3.47,+27.118,+19.497,+0.982
1631638020,+3.47,+27.101,+19.468,+0.985
1631638080,+3.47,+27.109,+19.729,+0.983
1631638140,+3.47,+27.092,+20.541,+0.985
1631638200,+3.47,+27.118,+21.711,+0.986
1631638260,+3.47,+27.169,+22.041,+0.985
1631638320,+3.47,+27.169,+21.926,+0.986
1631638380,+3.47,+27.152,+21.625,+0.983
1631638440,+3.47,+27.135,+21.469,+0.983
1631638500,+3.47,+27.143,+21.347,+0.985
1631638560,+3.47,+27.135,+21.232,+0.986
1631638620,+3.47,+27.135,+21.196,+0.984
1631638680,+3.47,+27.135,+21.667,+0.985
1631638740,+3.47,+27.152,+22.207,+0.987
1631638800,+3.47,+27.152,+22.144,+0.988
1631638860,+3.47,+27.143,+21.938,+0.985
1631638920,+3.47,+27.152,+21.871,+0.987
1631638980,+3.47,+27.152,+21.663,+0.987
1631639040,+3.47,+27.177,+21.294,+0.984
1631639100,+3.47,+27.152,+21.195,+0.986
1631639160,+3.47,+27.160,+21.076,+0.986
1631639220,+3.47,+27.186,+20.930,+0.986
1631639280,+3.47,+27.169,+21.142,+0.987
1631639340,+3.47,+27.177,+21.286,+0.987
1631639400,+3.47,+27.194,+21.707,+0.985
1631639460,+3.47,+27.186,+21.539,+0.987
1631639520,+3.47,+27.177,+21.359,+0.987
1631639580,+3.47,+27.177,+21.533,+0.987
1631639640,+3.47,+27.186,+22.623,+0.985
1631639700,+3.47,+27.245,+23.894,+0.987
1631639760,+3.47,+27.279,+24.927,+0.986
1631639820,+3.47,+27.279,+25.281,+0.986
1631639880,+3.47,+27.296,+26.170,+0.989
1631639940,+3.47,+27.321,+25.802,+0.988
1631640000,+3.47,+27.304,+25.024,+0.985
1631640060,+3.47,+27.279,+24.546,+0.990
1631640120,+3.47,+27.279,+23.797,+0.985
1631640180,+3.47,+27.245,+23.239,+0.987
1631640240,+3.47,+27.253,+22.565,+0.987
1631640300,+3.47,+27.228,+21.822,+0.985
1631640360,+3.47,+27.202,+21.323,+0.987
1631640420,+3.47,+27.211,+20.927,+0.988
1631640480,+3.47,+27.211,+20.626,+0.989
1631640540,+3.47,+27.194,+20.293,+0.988
1631640600,+3.47,+27.194,+19.814,+0.986
1631640660,+3.47,+27.194,+19.405,+0.985
1631640720,+3.47,+27.194,+19.112,+0.988
1631640780,+3.47,+27.219,+18.733,+0.985
1631640840,+3.47,+27.219,+18.418,+0.983
1631640900,+3.47,+27.236,+18.176,+0.985
1631640960,+3.47,+27.245,+17.904,+0.986
1631641020,+3.47,+27.270,+17.645,+0.986
1631641080,+3.47,+27.279,+17.393,+0.986
1631641140,+3.47,+27.262,+17.119,+0.986
1631641200,+3.47,+27.262,+16.840,+0.985
1631641260,+3.47,+27.287,+16.568,+0.984
1631641320,+3.47,+27.296,+16.431,+0.984
1631641380,+3.47,+27.287,+16.400,+0.986
1631641440,+3.47,+27.296,+16.331,+0.984
1631641500,+3.47,+27.304,+16.431,+0.988
1631641560,+3.47,+27.304,+16.412,+0.985
1631641620,+3.47,+27.338,+16.453,+0.985
1631641680,+3.47,+27.338,+16.586,+0.987
1631641740,+3.47,+27.355,+16.597,+0.984
1631641800,+3.47,+27.347,+16.712,+0.987
1631641860,+3.47,+27.364,+16.684,+0.987
1631641920,+3.47,+27.364,+16.595,+0.986
1631641980,+3.47,+27.364,+16.454,+0.985
1631642040,+3.47,+27.364,+16.373,+0.984
1631642100,+3.47,+27.364,+16.246,+0.984
1631642160,+3.47,+27.381,+16.163,+0.986
1631642220,+3.47,+27.381,+15.985,+0.984
1631642280,+3.47,+27.364,+15.876,+0.985
1631642340,+3.47,+27.355,+15.728,+0.986
1631642400,+3.47,+27.372,+15.589,+0.985
1631642460,+3.47,+27.355,+15.468,+0.986
1631642520,+3.47,+27.338,+15.281,+0.985
1631642580,+3.47,+27.321,+15.072,+0.985
1631642640,+3.47,+27.321,+14.895,+0.985
1631642700,+3.47,+27.330,+14.729,+0.985
1631642760,+3.47,+27.296,+14.612,+0.986
1631642820,+3.47,+27.296,+14.553,+0.984
1631642880,+3.47,+27.296,+14.693,+0.985
1631642940,+3.47,+27.287,+14.898,+0.985
1631643000,+3.47,+27.304,+15.153,+0.985
1631643060,+3.47,+27.304,+15.416,+0.987
1631643120,+3.47,+27.304,+15.562,+0.986
1631643180,+3.47,+27.304,+15.684,+0.986
1631643240,+3.47,+27.304,+15.808,+0.987
1631643300,+3.47,+27.296,+15.826,+0.985
1631643360,+3.47,+27.304,+15.893,+0.988
1631643420,+3.47,+27.296,+15.874,+0.986
1631643480,+3.47,+27.313,+15.895,+0.986
1631643540,+3.47,+27.296,+16.006,+0.988
1631643600,+3.47,+27.304,+16.093,+0.987
1631643660,+3.47,+27.313,+16.188,+0.985
1631643720,+3.47,+27.304,+16.260,+0.985
1631643780,+3.47,+27.304,+16.246,+0.984
1631643840,+3.47,+27.279,+16.284,+0.987
1631643900,+3.47,+27.287,+16.254,+0.987
1631643960,+3.47,+27.287,+16.233,+0.987
1631644020,+3.47,+27.304,+16.170,+0.985
1631644080,+3.47,+27.304,+16.252,+0.987
1631644140,+3.47,+27.321,+16.352,+0.985
1631644200,+3.47,+27.304,+16.649,+0.986
1631644260,+3.47,+27.330,+16.919,+0.986
1631644320,+3.47,+27.330,+17.210,+0.986
1631644380,+3.47,+27.330,+17.566,+0.986
1631644440,+3.47,+27.364,+18.174,+0.988
1631644500,+3.47,+27.398,+19.072,+0.985
1631644560,+3.47,+27.398,+19.628,+0.986
1631644620,+3.47,+27.423,+20.362,+0.988
1631644680,+3.47,+27.423,+20.296,+0.986
1631644740,+3.47,+27.440,+20.053,+0.986
1631644800,+3.47,+27.440,+19.649,+0.986
1631644860,+3.47,+27.432,+19.249,+0.989
1631644920,+3.47,+27.432,+18.759,+0.988
1631644980,+3.47,+27.440,+18.273,+0.986
1631645040,+3.47,+27.440,+17.984,+0.986
1631645100,+3.47,+27.432,+17.789,+0.986
1631645160,+3.47,+27.440,+17.579,+0.985
1631645220,+3.47,+27.449,+17.559,+0.986
1631645280,+3.47,+27.466,+17.681,+0.987
1631645340,+3.47,+27.474,+17.815,+0.987
1631645400,+3.47,+27.500,+17.926,+0.988
1631645460,+3.47,+27.508,+17.996,+0.987
1631645520,+3.47,+27.525,+18.177,+0.987
1631645580,+3.47,+27.525,+18.257,+0.985
1631645640,+3.47,+27.542,+18.405,+0.987
1631645700,+3.47,+27.542,+18.514,+0.986
1631645760,+3.47,+27.551,+18.711,+0.988
1631645820,+3.47,+27.568,+18.827,+0.987
1631645880,+3.47,+27.576,+18.845,+0.985
1631645940,+3.47,+27.593,+18.984,+0.987
1631646000,+3.47,+27.593,+18.985,+0.987
1631646060,+3.47,+27.610,+18.901,+0.986
1631646120,+3.47,+27.627,+18.874,+0.987
1631646180,+3.47,+27.619,+18.865,+0.986
1631646240,+3.47,+27.627,+18.956,+0.988
1631646300,+3.47,+27.627,+18.982,+0.987
1631646360,+3.47,+27.636,+19.015,+0.985
1631646420,+3.47,+27.661,+19.103,+0.985
1631646480,+3.47,+27.644,+19.280,+0.985
1631646540,+3.47,+27.670,+19.515,+0.988
1631646600,+3.47,+27.661,+19.719,+0.986
1631646660,+3.47,+27.661,+19.985,+0.986
1631646720,+3.47,+27.661,+20.049,+0.984
1631646780,+3.47,+27.653,+20.013,+0.986
1631646840,+3.47,+27.661,+20.007,+0.985
1631646900,+3.47,+27.678,+20.089,+0.988
1631646960,+3.47,+27.678,+20.120,+0.986
1631647020,+3.47,+27.696,+20.222,+0.988
1631647080,+3.47,+27.704,+19.937,+0.985
1631647140,+3.47,+27.696,+19.657,+0.987
1631647200,+3.47,+27.704,+19.341,+0.987
1631647260,+3.47,+27.696,+18.968,+0.985
1631647320,+3.47,+27.696,+18.679,+0.987
1631647380,+3.47,+27.687,+18.193,+0.986
1631647440,+3.47,+27.678,+17.893,+0.987
1631647500,+3.47,+27.670,+17.540,+0.986
1631647560,+3.47,+27.678,+17.279,+0.987
1631647620,+3.47,+27.653,+17.088,+0.988
1631647680,+3.47,+27.653,+16.800,+0.986
1631647740,+3.47,+27.644,+16.563,+0.986
1631647800,+3.47,+27.627,+16.227,+0.985
1631647860,+3.47,+27.610,+15.954,+0.986
1631647920,+3.47,+27.585,+15.682,+0.985
1631647980,+3.47,+27.576,+15.544,+0.988
1631648040,+3.47,+27.576,+15.365,+0.986
1631648100,+3.47,+27.559,+15.245,+0.986
1631648160,+3.47,+27.551,+15.140,+0.986
1631648220,+3.47,+27.551,+15.045,+0.985
1631648280,+3.47,+27.517,+15.055,+0.985
1631648340,+3.47,+27.508,+15.103,+0.986
1631648400,+3.47,+27.500,+15.157,+0.986
1631648460,+3.47,+27.457,+15.185,+0.986
1631648520,+3.47,+27.449,+15.197,+0.987
1631648580,+3.47,+27.440,+15.107,+0.985
1631648640,+3.47,+27.415,+15.026,+0.984
1631648700,+3.47,+27.398,+15.000,+0.985
1631648760,+3.47,+27.381,+14.953,+0.986
1631648820,+3.47,+27.381,+14.829,+0.983
1631648880,+3.47,+27.347,+14.813,+0.985
1631648940,+3.47,+27.330,+14.787,+0.985
1631649000,+3.47,+27.321,+14.802,+0.987
1631649060,+3.47,+27.313,+14.729,+0.986
1631649120,+3.47,+27.330,+14.689,+0.987
1631649180,+3.47,+27.338,+14.606,+0.986
1631649240,+3.47,+27.313,+14.552,+0.985
1631649300,+3.47,+27.338,+14.528,+0.986
1631649360,+3.47,+27.338,+14.528,+0.986
1631649420,+3.47,+27.338,+14.537,+0.986
1631649480,+3.47,+27.321,+14.582,+0.986
1631649540,+3.47,+27.355,+14.620,+0.986
1631649600,+3.47,+27.347,+14.651,+0.985
1631649660,+3.47,+27.355,+14.713,+0.985
1631649720,+3.47,+27.347,+14.806,+0.987
1631649780,+3.47,+27.347,+14.829,+0.986
1631649840,+3.47,+27.347,+14.877,+0.985
1631649900,+3.47,+27.347,+14.937,+0.986
1631649960,+3.47,+27.347,+14.960,+0.986
1631650020,+3.47,+27.338,+15.064,+0.987
1631650080,+3.47,+27.330,+15.158,+0.986
1631650140,+3.47,+27.338,+15.264,+0.985
1631650200,+3.47,+27.338,+15.430,+0.986
1631650260,+3.47,+27.321,+15.556,+0.985
1631650320,+3.47,+27.321,+15.656,+0.984
1631650380,+3.47,+27.330,+15.773,+0.987
1631650440,+3.47,+27.330,+15.736,+0.986
1631650500,+3.47,+27.321,+15.680,+0.987
1631650560,+3.47,+27.330,+15.507,+0.985
1631650620,+3.47,+27.321,+15.358,+0.984
1631650680,+3.47,+27.313,+15.286,+0.987
1631650740,+3.47,+27.338,+15.108,+0.986
1631650800,+3.47,+27.321,+15.058,+0.988
1631650860,+3.47,+27.330,+14.956,+0.986
1631650920,+3.47,+27.330,+14.916,+0.985
1631650980,+3.47,+27.313,+14.930,+0.986
1631651040,+3.47,+27.313,+14.863,+0.983
1631651100,+3.47,+27.296,+14.941,+0.986
1631651160,+3.47,+27.304,+14.944,+0.985
1631651220,+3.47,+27.296,+15.047,+0.986
1631651280,+3.47,+27.304,+15.166,+0.988
1631651340,+3.47,+27.313,+15.250,+0.988
1631651400,+3.47,+27.313,+15.299,+0.986
1631651460,+3.47,+27.321,+15.388,+0.987
1631651520,+3.47,+27.321,+15.450,+0.987
1631651580,+3.47,+27.338,+15.434,+0.986
1631651640,+3.47,+27.330,+15.415,+0.986
1631651700,+3.47,+27.338,+15.384,+0.986
1631651760,+3.47,+27.321,+15.346,+0.986
1631651820,+3.47,+27.347,+15.357,+0.986
1631651880,+3.47,+27.347,+15.381,+0.986
1631651940,+3.47,+27.381,+15.417,+0.986
1631652000,+3.47,+27.364,+15.501,+0.987
1631652060,+3.47,+27.372,+15.591,+0.987
1631652120,+3.47,+27.398,+15.675,+0.987
1631652180,+3.47,+27.398,+15.784,+0.986
1631652240,+3.47,+27.423,+15.875,+0.986
1631652300,+3.47,+27.415,+16.064,+0.987
1631652360,+3.47,+27.432,+16.174,+0.986
1631652420,+3.47,+27.432,+16.323,+0.987
1631652480,+3.47,+27.440,+16.390,+0.986
1631652540,+3.47,+27.449,+16.548,+0.987
1631652600,+3.47,+27.457,+16.631,+0.986
1631652660,+3.47,+27.474,+16.748,+0.986
1631652720,+3.47,+27.466,+16.909,+0.988
1631652780,+3.47,+27.491,+17.040,+0.989
1631652840,+3.47,+27.474,+17.068,+0.986
1631652900,+3.47,+27.483,+17.171,+0.986
1631652960,+3.47,+27.491,+17.255,+0.987
1631653020,+3.47,+27.466,+17.315,+0.987
1631653080,+3.47,+27.457,+17.414,+0.988
1631653140,+3.47,+27.483,+17.429,+0.987
1631653200,+3.47,+27.500,+17.427,+0.985
1631653260,+3.47,+27.474,+17.491,+0.985
1631653320,+3.47,+27.491,+17.613,+0.986
1631653380,+3.47,+27.474,+17.708,+0.986
1631653440,+3.47,+27.491,+17.806,+0.987
1631653500,+3.47,+27.483,+17.911,+0.987
1631653560,+3.47,+27.483,+18.046,+0.988
1631653620,+3.47,+27.474,+18.150,+0.988
1631653680,+3.47,+27.466,+18.226,+0.987
1631653740,+3.47,+27.474,+18.324,+0.988
1631653800,+3.47,+27.457,+18.408,+0.988
1631653860,+3.47,+27.474,+18.440,+0.987
1631653920,+3.47,+27.474,+18.499,+0.987
1631653980,+3.47,+27.474,+18.552,+0.988
1631654040,+3.47,+27.474,+18.585,+0.990
1631654100,+3.47,+27.474,+18.469,+0.986
1631654160,+3.47,+27.466,+18.465,+0.986
1631654220,+3.47,+27.457,+18.490,+0.986
1631654280,+3.47,+27.483,+18.576,+0.988
1631654340,+3.47,+27.474,+18.628,+0.987
1631654400,+3.47,+27.466,+18.743,+0.988
1631654460,+3.47,+27.466,+18.859,+0.987
1631654520,+3.47,+27.474,+18.965,+0.987
1631654580,+3.47,+27.457,+19.110,+0.987
1631654640,+3.47,+27.457,+19.271,+0.988
1631654700,+3.47,+27.500,+19.363,+0.988
1631654760,+3.47,+27.466,+19.514,+0.988
1631654820,+3.47,+27.466,+19.590,+0.986
1631654880,+3.47,+27.491,+19.724,+0.986
1631654940,+3.47,+27.483,+19.896,+0.988
1631655000,+3.47,+27.466,+20.026,+0.988
1631655060,+3.47,+27.474,+20.095,+0.988
1631655120,+3.47,+27.500,+20.149,+0.989
1631655180,+3.47,+27.491,+20.151,+0.988
1631655240,+3.47,+27.483,+20.149,+0.989
1631655300,+3.47,+27.491,+20.204,+0.988
1631655360,+3.47,+27.483,+20.288,+0.989
1631655420,+3.47,+27.500,+20.286,+0.988
1631655480,+3.47,+27.491,+20.287,+0.987
1631655540,+3.47,+27.483,+20.302,+0.987
1631655600,+3.47,+27.500,+20.247,+0.986
1631655660,+3.47,+27.491,+20.311,+0.988
1631655720,+3.47,+27.517,+20.281,+0.987
1631655780,+3.47,+27.500,+20.301,+0.985
1631655840,+3.47,+27.508,+20.477,+0.987
1631655900,+3.47,+27.534,+20.675,+0.990
1631655960,+3.47,+27.508,+20.783,+0.988
1631656020,+3.47,+27.534,+20.795,+0.987
1631656080,+3.47,+27.542,+21.022,+0.989
1631656140,+3.47,+27.525,+21.081,+0.988
1631656200,+3.47,+27.517,+21.151,+0.988
1631656260,+3.47,+27.517,+21.052,+0.986
1631656320,+3.47,+27.508,+21.006,+0.986
1631656380,+3.47,+27.508,+21.020,+0.987
1631656440,+3.47,+27.508,+21.167,+0.990
1631656500,+3.47,+27.508,+21.247,+0.988
1631656560,+3.47,+27.534,+21.193,+0.987
1631656620,+3.47,+27.517,+21.200,+0.988
1631656680,+3.47,+27.517,+21.145,+0.987
1631656740,+3.47,+27.517,+21.118,+0.987
1631656800,+3.47,+27.525,+21.103,+0.988
1631656860,+3.47,+27.508,+21.048,+0.987
1631656920,+3.47,+27.491,+21.163,+0.989
1631656980,+3.47,+27.500,+21.209,+0.989
1631657040,+3.47,+27.491,+21.249,+0.989
1631657100,+3.47,+27.517,+21.327,+0.989
1631657160,+3.47,+27.517,+21.320,+0.986
1631657220,+3.47,+27.517,+21.427,+0.988
1631657280,+3.47,+27.508,+21.544,+0.990
1631657340,+3.47,+27.500,+21.552,+0.988
1631657400,+3.47,+27.517,+21.613,+0.988
1631657460,+3.47,+27.525,+21.613,+0.988
1631657520,+3.47,+27.517,+21.627,+0.989
1631657580,+3.47,+27.525,+21.537,+0.989
1631657640,+3.47,+27.534,+21.330,+0.987
1631657700,+3.47,+27.517,+21.127,+0.985
1631657760,+3.47,+27.525,+21.070,+0.988
1631657820,+3.47,+27.534,+20.875,+0.987
1631657880,+3.47,+27.534,+20.750,+0.988
1631657940,+3.47,+27.542,+20.657,+0.989
1631658000,+3.47,+27.551,+20.525,+0.988
1631658060,+3.47,+27.534,+20.427,+0.987
1631658120,+3.47,+27.542,+20.456,+0.987
1631658180,+3.47,+27.551,+20.461,+0.987
1631658240,+3.47,+27.551,+20.442,+0.989
1631658300,+3.47,+27.542,+20.264,+0.989
1631658360,+3.47,+27.551,+20.041,+0.988
1631658420,+3.47,+27.551,+19.858,+0.987
1631658480,+3.47,+27.542,+19.760,+0.988
1631658540,+3.47,+27.551,+19.581,+0.988
1631658600,+3.47,+27.542,+19.376,+0.986
1631658660,+3.47,+27.534,+19.283,+0.989
1631658720,+3.47,+27.534,+19.081,+0.988
1631658780,+3.47,+27.542,+18.905,+0.990
1631658840,+3.47,+27.525,+18.597,+0.987
1631658900,+3.47,+27.534,+18.346,+0.986
1631658960,+3.47,+27.517,+18.086,+0.986
1631659020,+3.47,+27.508,+17.899,+0.988
1631659080,+3.47,+27.500,+17.627,+0.987
1631659140,+3.47,+27.483,+17.415,+0.987
1631659200,+3.47,+27.466,+17.293,+0.990
1631659260,+3.47,+27.457,+16.993,+0.986
1631659320,+3.47,+27.457,+16.854,+0.989
1631659380,+3.47,+27.449,+16.577,+0.987
1631659440,+3.47,+27.423,+16.407,+0.987
1631659500,+3.47,+27.415,+16.194,+0.986
1631659560,+3.47,+27.389,+16.051,+0.987
1631659620,+3.47,+27.381,+15.864,+0.986
1631659680,+3.47,+27.372,+15.736,+0.987
1631659740,+3.47,+27.347,+15.603,+0.986
1631659800,+3.47,+27.347,+15.495,+0.987
1631659860,+3.47,+27.330,+15.338,+0.987
1631659920,+3.47,+27.313,+15.171,+0.986
1631659980,+3.47,+27.287,+15.037,+0.986
1631660040,+3.47,+27.279,+14.946,+0.986
1631660100,+3.47,+27.270,+14.848,+0.986
1631660160,+3.47,+27.270,+14.757,+0.986
1631660220,+3.47,+27.245,+14.672,+0.986
1631660280,+3.47,+27.236,+14.574,+0.985
1631660340,+3.47,+27.228,+14.500,+0.985
1631660400,+3.47,+27.219,+14.557,+0.986
1631660460,+3.47,+27.211,+14.546,+0.985
1631660520,+3.47,+27.211,+14.528,+0.985
1631660580,+3.47,+27.211,+14.513,+0.986
1631660640,+3.47,+27.202,+14.522,+0.987
1631660700,+3.47,+27.194,+14.487,+0.986
1631660760,+3.47,+27.186,+14.459,+0.986
1631660820,+3.47,+27.177,+14.463,+0.986
1631660880,+3.47,+27.186,+14.474,+0.987
1631660940,+3.47,+27.186,+14.475,+0.988
1631661000,+3.47,+27.186,+14.404,+0.985
1631661060,+3.47,+27.177,+14.362,+0.985
1631661120,+3.47,+27.186,+14.383,+0.986
1631661180,+3.47,+27.194,+14.433,+0.986
1631661240,+3.47,+27.202,+14.472,+0.986
1631661300,+3.47,+27.211,+14.549,+0.986
1631661360,+3.47,+27.194,+14.633,+0.986
1631661420,+3.47,+27.186,+14.755,+0.986
1631661480,+3.47,+27.194,+14.847,+0.986
1631661540,+3.47,+27.202,+14.926,+0.987
1631661600,+3.47,+27.194,+15.009,+0.988
1631661660,+3.47,+27.194,+15.033,+0.986
1631661720,+3.47,+27.211,+15.055,+0.986
1631661780,+3.47,+27.202,+15.043,+0.986
1631661840,+3.47,+27.202,+14.997,+0.985
1631661900,+3.47,+27.202,+15.046,+0.986
1631661960,+3.47,+27.177,+15.051,+0.985
1631662020,+3.47,+27.202,+15.066,+0.986
1631662080,+3.47,+27.194,+14.987,+0.985
1631662140,+3.47,+27.194,+14.938,+0.985
1631662200,+3.47,+27.186,+14.911,+0.986
1631662260,+3.47,+27.194,+14.863,+0.986
1631662320,+3.47,+27.169,+14.812,+0.986
1631662380,+3.47,+27.177,+14.754,+0.985
1631662440,+3.47,+27.177,+14.676,+0.985
1631662500,+3.47,+27.160,+14.633,+0.986
1631662560,+3.47,+27.177,+14.556,+0.986
1631662620,+3.47,+27.169,+14.456,+0.985
1631662680,+3.47,+27.169,+14.396,+0.986
1631662740,+3.47,+27.169,+14.341,+0.986
1631662800,+3.47,+27.160,+14.298,+0.984
1631662860,+3.47,+27.169,+14.287,+0.986
1631662920,+3.47,+27.186,+14.222,+0.986
1631662980,+3.47,+27.169,+14.193,+0.985
1631663040,+3.47,+27.160,+14.165,+0.983
1631663100,+3.47,+27.160,+14.267,+0.985
1631663160,+3.47,+27.152,+14.332,+0.985
1631663220,+3.47,+27.160,+14.415,+0.985
1631663280,+3.47,+27.152,+14.459,+0.985
1631663340,+3.47,+27.126,+14.577,+0.986
1631663400,+3.47,+27.118,+14.647,+0.987
1631663460,+3.47,+27.135,+14.617,+0.985
1631663520,+3.47,+27.109,+14.627,+0.985
1631663580,+3.47,+27.109,+14.630,+0.985
1631663640,+3.47,+27.109,+14.625,+0.987
1631663700,+3.47,+27.084,+14.595,+0.986
1631663760,+3.47,+27.109,+14.511,+0.985
1631663820,+3.47,+27.092,+14.497,+0.986
1631663880,+3.47,+27.075,+14.436,+0.986
1631663940,+3.47,+27.092,+14.362,+0.986
1631664000,+3.47,+27.067,+14.267,+0.985
1631664060,+3.47,+27.067,+14.190,+0.986
1631664120,+3.47,+27.058,+14.069,+0.986
1631664180,+3.47,+27.033,+13.935,+0.986
1631664240,+3.47,+27.041,+13.723,+0.984
1631664300,+3.47,+26.999,+13.552,+0.985
1631664360,+3.47,+27.007,+13.347,+0.985
1631664420,+3.47,+26.973,+13.168,+0.985
1631664480,+3.47,+26.982,+12.991,+0.986
1631664540,+3.47,+26.973,+12.747,+0.983
1631664600,+3.47,+26.973,+12.578,+0.985
1631664660,+3.47,+26.965,+12.379,+0.984
1631664720,+3.47,+26.939,+12.203,+0.984
1631664780,+3.47,+26.939,+12.012,+0.984
1631664840,+3.47,+26.931,+11.844,+0.985
1631664900,+3.47,+26.914,+11.675,+0.983
1631664960,+3.47,+26.906,+11.544,+0.984
1631665020,+3.47,+26.923,+11.419,+0.985
1631665080,+3.47,+26.906,+11.246,+0.983
1631665140,+3.47,+26.906,+11.118,+0.984
1631665200,+3.47,+26.906,+10.980,+0.985
1631665260,+3.47,+26.906,+10.797,+0.984
1631665320,+3.47,+26.914,+10.650,+0.984
1631665380,+3.47,+26.906,+10.514,+0.983
1631665440,+3.47,+26.897,+10.394,+0.983
1631665500,+3.47,+26.880,+10.292,+0.983
1631665560,+3.47,+26.897,+10.201,+0.985
1631665620,+3.47,+26.863,+10.143,+0.984
1631665680,+3.47,+26.880,+10.070,+0.983
1631665740,+3.47,+26.863,+10.012,+0.983
1631665800,+3.47,+26.880, +9.940,+0.982
1631665860,+3.47,+26.872, +9.902,+0.984
1631665920,+3.47,+26.872, +9.827,+0.983
1631665980,+3.47,+26.863, +9.855,+0.983
1631666040,+3.47,+26.855, +9.879,+0.983
1631666100,+3.47,+26.863, +9.939,+0.984
1631666160,+3.47,+26.863, +9.972,+0.982
1631666220,+3.47,+26.863,+10.134,+0.982
1631666280,+3.47,+26.829,+10.303,+0.981
1631666340,+3.47,+26.838,+10.339,+0.982
1631666400,+3.47,+26.838,+10.315,+0.983
1631666460,+3.47,+26.838,+10.299,+0.983
1631666520,+3.47,+26.821,+10.263,+0.983
1631666580,+3.47,+26.812,+10.222,+0.983
1631666640,+3.47,+26.812,+10.180,+0.982
1631666700,+3.47,+26.812,+10.178,+0.982
1631666760,+3.47,+26.795,+10.143,+0.982
1631666820,+3.47,+26.804,+10.113,+0.982
1631666880,+3.47,+26.787,+10.085,+0.982
1631666940,+3.47,+26.795,+10.005,+0.982
1631667000,+3.47,+26.778, +9.912,+0.982
1631667060,+3.47,+26.762, +9.837,+0.982
1631667120,+3.47,+26.770, +9.777,+0.982
1631667180,+3.47,+26.762, +9.717,+0.982
1631667240,+3.47,+26.753, +9.628,+0.982
1631667300,+3.47,+26.753, +9.535,+0.982
1631667360,+3.47,+26.762, +9.462,+0.983
1631667420,+3.47,+26.753, +9.394,+0.982
1631667480,+3.47,+26.753, +9.348,+0.983
1631667540,+3.47,+26.745, +9.290,+0.983
1631667600,+3.47,+26.753, +9.208,+0.982
1631667660,+3.47,+26.753, +9.154,+0.982
1631667720,+3.47,+26.745, +9.081,+0.982
1631667780,+3.47,+26.745, +8.990,+0.982
1631667840,+3.47,+26.711, +8.899,+0.982
1631667900,+3.47,+26.728, +8.781,+0.982
1631667960,+3.47,+26.736, +8.614,+0.982
1631668020,+3.47,+26.728, +8.517,+0.982
1631668080,+3.47,+26.719, +8.431,+0.982
1631668140,+3.47,+26.719, +8.322,+0.982
