7450-387970
OS REV: 1.05 Sensor Cal: 1615486469
Time (sec),  BV (Volts),  T (deg C),  DO (mg/l),  Q ()
1630199400,+3.49,+31.981,+13.063,+0.983
1630199460,+3.49,+31.920,+13.020,+0.983
1630199520,+3.49,+31.937,+12.790,+0.983
1630199580,+3.49,+31.955,+12.782,+0.983
1630199640,+3.49,+31.972,+12.706,+0.982
1630199700,+3.49,+31.946,+12.480,+0.983
1630199760,+3.49,+31.946,+12.301,+0.983
1630199820,+3.49,+31.955,+12.240,+0.983
1630199880,+3.49,+31.928,+12.189,+0.983
1630199940,+3.49,+31.928,+12.202,+0.984
1630200000,+3.49,+31.972,+12.188,+0.983
1630200060,+3.49,+31.963,+12.113,+0.983
1630200120,+3.49,+31.928,+12.049,+0.983
1630200180,+3.49,+31.946,+11.997,+0.983
1630200240,+3.49,+31.963,+12.036,+0.983
1630200300,+3.49,+31.990,+11.981,+0.982
1630200360,+3.49,+32.016,+12.076,+0.982
1630200420,+3.49,+32.016,+11.983,+0.983
1630200480,+3.49,+32.016,+11.862,+0.983
1630200540,+3.49,+32.016,+11.833,+0.981
1630200600,+3.49,+31.990,+11.781,+0.982
1630200660,+3.49,+31.998,+11.711,+0.983
1630200720,+3.49,+32.016,+11.666,+0.985
1630200780,+3.49,+32.025,+11.606,+0.985
1630200840,+3.49,+32.033,+11.448,+0.982
1630200900,+3.49,+32.007,+11.270,+0.983
1630200960,+3.49,+32.007,+11.028,+0.982
1630201020,+3.49,+32.025,+11.013,+0.983
1630201080,+3.49,+32.060,+11.509,+0.983
1630201140,+3.49,+32.016,+11.010,+0.982
1630201200,+3.49,+32.007,+10.803,+0.983
1630201260,+3.49,+32.016,+10.776,+0.983
1630201320,+3.49,+32.060,+10.950,+0.983
1630201380,+3.49,+32.077,+11.198,+0.982
1630201440,+3.49,+32.121,+12.454,+0.983
1630201500,+3.49,+32.077,+11.946,+0.982
1630201560,+3.49,+32.077,+11.449,+0.982
1630201620,+3.49,+32.068,+11.121,+0.983
1630201680,+3.49,+32.077,+10.866,+0.982
1630201740,+3.49,+32.068,+10.665,+0.982
1630201800,+3.49,+32.060,+10.561,+0.982
1630201860,+3.49,+32.042,+10.464,+0.982
1630201920,+3.49,+32.051,+10.470,+0.981
1630201980,+3.49,+32.068,+10.726,+0.982
1630202040,+3.49,+32.103,+11.167,+0.982
1630202100,+3.49,+32.103,+12.848,+0.983
1630202160,+3.49,+32.086,+13.238,+0.981
1630202220,+3.49,+32.051,+12.941,+0.983
1630202280,+3.49,+32.060,+12.891,+0.982
1630202340,+3.49,+32.051,+12.610,+0.982
1630202400,+3.49,+32.068,+12.456,+0.984
1630202460,+3.49,+32.077,+12.459,+0.982
1630202520,+3.49,+32.095,+12.729,+0.983
1630202580,+3.49,+32.103,+13.392,+0.984
1630202640,+3.49,+32.103,+13.537,+0.985
1630202700,+3.49,+32.086,+13.425,+0.986
1630202760,+3.49,+32.095,+13.569,+0.984
1630202820,+3.49,+32.068,+13.550,+0.983
1630202880,+3.49,+32.077,+13.445,+0.984
1630202940,+3.49,+32.033,+12.959,+0.984
1630203000,+3.49,+32.025,+12.890,+0.984
1630203060,+3.49,+32.051,+13.036,+0.983
1630203120,+3.49,+32.042,+13.289,+0.985
1630203180,+3.49,+32.051,+13.396,+0.983
1630203240,+3.49,+32.060,+13.608,+0.983
1630203300,+3.49,+32.060,+13.615,+0.983
1630203360,+3.49,+32.051,+13.632,+0.984
1630203420,+3.49,+32.042,+13.318,+0.983
1630203480,+3.49,+32.033,+13.212,+0.983
1630203540,+3.49,+32.033,+13.362,+0.984
1630203600,+3.49,+32.042,+13.582,+0.983
1630203660,+3.49,+32.051,+14.015,+0.984
1630203720,+3.49,+32.042,+14.435,+0.982
1630203780,+3.49,+32.007,+14.802,+0.984
1630203840,+3.49,+32.025,+15.077,+0.984
1630203900,+3.49,+32.033,+15.590,+0.985
1630203960,+3.49,+31.998,+15.927,+0.986
1630204020,+3.49,+32.016,+15.942,+0.985
1630204080,+3.49,+32.016,+16.041,+0.985
1630204140,+3.49,+31.990,+16.092,+0.984
1630204200,+3.49,+31.990,+16.051,+0.983
1630204260,+3.49,+31.972,+15.951,+0.983
1630204320,+3.49,+31.963,+15.955,+0.984
1630204380,+3.49,+31.963,+16.028,+0.985
1630204440,+3.49,+31.972,+16.135,+0.983
1630204500,+3.49,+31.981,+16.145,+0.983
1630204560,+3.49,+31.946,+16.265,+0.985
1630204620,+3.49,+31.972,+16.202,+0.983
1630204680,+3.49,+31.946,+16.203,+0.985
1630204740,+3.49,+31.937,+16.247,+0.984
1630204800,+3.49,+31.928,+16.256,+0.985
1630204860,+3.49,+31.928,+16.233,+0.983
1630204920,+3.49,+31.894,+16.270,+0.984
1630204980,+3.49,+31.902,+16.477,+0.986
1630205040,+3.49,+31.885,+16.513,+0.986
1630205100,+3.49,+31.894,+16.477,+0.985
1630205160,+3.49,+31.885,+16.573,+0.986
1630205220,+3.49,+31.885,+16.576,+0.986
1630205280,+3.49,+31.867,+16.389,+0.984
1630205340,+3.49,+31.867,+16.317,+0.986
1630205400,+3.49,+31.841,+15.948,+0.984
1630205460,+3.49,+31.824,+15.753,+0.986
1630205520,+3.49,+31.824,+15.689,+0.984
1630205580,+3.49,+31.806,+15.764,+0.985
1630205640,+3.49,+31.815,+15.741,+0.983
1630205700,+3.49,+31.824,+15.585,+0.985
1630205760,+3.49,+31.806,+15.729,+0.984
1630205820,+3.49,+31.789,+15.837,+0.984
1630205880,+3.49,+31.789,+15.990,+0.986
1630205940,+3.49,+31.762,+16.100,+0.985
1630206000,+3.49,+31.806,+16.130,+0.984
1630206060,+3.49,+31.780,+16.127,+0.985
1630206120,+3.49,+31.762,+16.040,+0.984
1630206180,+3.49,+31.754,+15.972,+0.985
1630206240,+3.49,+31.745,+15.859,+0.984
1630206300,+3.49,+31.754,+15.760,+0.984
1630206360,+3.49,+31.745,+15.678,+0.983
1630206420,+3.49,+31.728,+15.641,+0.984
1630206480,+3.49,+31.728,+15.651,+0.987
1630206540,+3.49,+31.728,+15.614,+0.984
1630206600,+3.49,+31.719,+15.535,+0.984
1630206660,+3.49,+31.693,+15.592,+0.986
1630206720,+3.49,+31.701,+15.639,+0.987
1630206780,+3.49,+31.693,+15.631,+0.984
1630206840,+3.49,+31.666,+15.676,+0.986
1630206900,+3.49,+31.684,+15.683,+0.985
1630206960,+3.49,+31.675,+15.757,+0.985
1630207020,+3.49,+31.666,+15.673,+0.985
1630207080,+3.49,+31.649,+15.394,+0.983
1630207140,+3.49,+31.658,+15.376,+0.984
1630207200,+3.49,+31.623,+15.331,+0.985
1630207260,+3.49,+31.623,+15.320,+0.984
1630207320,+3.49,+31.623,+15.157,+0.985
1630207380,+3.49,+31.597,+15.119,+0.985
1630207440,+3.49,+31.597,+15.100,+0.985
1630207500,+3.49,+31.605,+15.122,+0.986
1630207560,+3.49,+31.588,+15.171,+0.986
1630207620,+3.49,+31.588,+15.276,+0.985
1630207680,+3.49,+31.579,+15.226,+0.983
1630207740,+3.49,+31.570,+15.305,+0.985
1630207800,+3.49,+31.544,+15.310,+0.985
1630207860,+3.49,+31.544,+15.280,+0.985
1630207920,+3.49,+31.562,+15.107,+0.983
1630207980,+3.49,+31.562,+15.116,+0.985
1630208040,+3.49,+31.544,+15.052,+0.984
1630208100,+3.49,+31.527,+14.800,+0.985
1630208160,+3.49,+31.527,+14.749,+0.985
1630208220,+3.49,+31.509,+14.755,+0.985
1630208280,+3.49,+31.527,+14.770,+0.985
1630208340,+3.49,+31.501,+14.776,+0.984
1630208400,+3.49,+31.492,+14.752,+0.986
1630208460,+3.49,+31.492,+14.762,+0.985
1630208520,+3.49,+31.483,+14.748,+0.986
1630208580,+3.49,+31.483,+14.603,+0.984
1630208640,+3.49,+31.483,+14.581,+0.983
1630208700,+3.49,+31.448,+14.645,+0.986
1630208760,+3.49,+31.457,+14.559,+0.986
1630208820,+3.49,+31.448,+14.536,+0.985
1630208880,+3.49,+31.440,+14.517,+0.984
1630208940,+3.49,+31.431,+14.564,+0.985
1630209000,+3.49,+31.422,+14.550,+0.984
1630209060,+3.49,+31.422,+14.474,+0.985
1630209120,+3.49,+31.379,+14.484,+0.985
1630209180,+3.49,+31.396,+14.517,+0.985
1630209240,+3.49,+31.370,+14.495,+0.987
1630209300,+3.49,+31.379,+14.447,+0.985
1630209360,+3.49,+31.344,+14.471,+0.986
1630209420,+3.49,+31.326,+14.497,+0.984
1630209480,+3.49,+31.326,+14.397,+0.985
1630209540,+3.49,+31.318,+14.336,+0.986
1630209600,+3.49,+31.309,+14.289,+0.986
1630209660,+3.49,+31.300,+14.222,+0.986
1630209720,+3.49,+31.300,+14.140,+0.986
1630209780,+3.49,+31.300,+14.223,+0.985
1630209840,+3.49,+31.292,+14.276,+0.987
1630209900,+3.49,+31.283,+14.206,+0.986
1630209960,+3.49,+31.300,+14.023,+0.986
1630210020,+3.49,+31.283,+14.022,+0.985
1630210080,+3.49,+31.283,+14.012,+0.985
1630210140,+3.49,+31.257,+13.944,+0.985
1630210200,+3.49,+31.266,+13.942,+0.985
1630210260,+3.49,+31.257,+13.916,+0.984
1630210320,+3.49,+31.257,+13.855,+0.986
1630210380,+3.49,+31.239,+13.788,+0.984
1630210440,+3.49,+31.239,+13.747,+0.985
1630210500,+3.49,+31.231,+13.757,+0.986
1630210560,+3.49,+31.213,+13.709,+0.985
1630210620,+3.49,+31.222,+13.693,+0.986
1630210680,+3.49,+31.213,+13.614,+0.986
1630210740,+3.49,+31.213,+13.444,+0.984
1630210800,+3.49,+31.222,+13.412,+0.986
1630210860,+3.49,+31.222,+13.242,+0.985
1630210920,+3.49,+31.205,+13.279,+0.986
1630210980,+3.49,+31.179,+13.191,+0.985
1630211040,+3.49,+31.196,+13.252,+0.986
1630211100,+3.49,+31.170,+13.270,+0.987
1630211160,+3.49,+31.179,+13.184,+0.986
1630211220,+3.49,+31.170,+13.193,+0.985
1630211280,+3.49,+31.170,+13.174,+0.986
1630211340,+3.49,+31.152,+12.991,+0.984
1630211400,+3.49,+31.161,+12.977,+0.985
1630211460,+3.49,+31.161,+12.863,+0.984
1630211520,+3.49,+31.144,+12.767,+0.985
1630211580,+3.49,+31.135,+12.806,+0.985
1630211640,+3.49,+31.144,+12.813,+0.986
1630211700,+3.49,+31.135,+12.782,+0.985
1630211760,+3.49,+31.126,+12.660,+0.984
1630211820,+3.49,+31.118,+12.554,+0.984
1630211880,+3.49,+31.126,+12.534,+0.984
1630211940,+3.49,+31.100,+12.542,+0.985
1630212000,+3.49,+31.092,+12.539,+0.984
1630212060,+3.49,+31.109,+12.502,+0.985
1630212120,+3.49,+31.100,+12.394,+0.985
1630212180,+3.49,+31.092,+12.388,+0.984
1630212240,+3.49,+31.083,+12.302,+0.985
1630212300,+3.49,+31.100,+12.291,+0.985
1630212360,+3.49,+31.083,+12.243,+0.985
1630212420,+3.49,+31.057,+12.277,+0.985
1630212480,+3.49,+31.065,+12.265,+0.985
1630212540,+3.49,+31.057,+12.172,+0.984
1630212600,+3.49,+31.065,+12.129,+0.984
1630212660,+3.49,+31.039,+12.138,+0.985
1630212720,+3.49,+31.039,+12.111,+0.984
1630212780,+3.49,+31.048,+12.127,+0.985
1630212840,+3.49,+31.031,+12.015,+0.984
1630212900,+3.49,+31.031,+11.923,+0.984
1630212960,+3.49,+31.031,+11.924,+0.986
1630213020,+3.49,+31.005,+11.905,+0.986
1630213080,+3.49,+31.005,+11.840,+0.986
1630213140,+3.49,+31.005,+11.793,+0.984
1630213200,+3.49,+30.996,+11.822,+0.985
1630213260,+3.49,+31.005,+11.732,+0.984
1630213320,+3.49,+30.996,+11.755,+0.984
1630213380,+3.49,+30.987,+11.790,+0.985
1630213440,+3.49,+30.987,+11.760,+0.985
1630213500,+3.49,+30.987,+11.729,+0.984
1630213560,+3.49,+30.961,+11.823,+0.984
1630213620,+3.49,+30.979,+11.823,+0.985
1630213680,+3.49,+30.953,+11.728,+0.985
1630213740,+3.49,+30.944,+11.682,+0.984
1630213800,+3.49,+30.944,+11.583,+0.984
1630213860,+3.49,+30.944,+11.550,+0.985
1630213920,+3.49,+30.935,+11.522,+0.984
1630213980,+3.49,+30.927,+11.484,+0.986
1630214040,+3.49,+30.935,+11.339,+0.984
1630214100,+3.49,+30.918,+11.237,+0.985
1630214160,+3.49,+30.935,+11.138,+0.984
1630214220,+3.49,+30.918,+11.042,+0.984
1630214280,+3.49,+30.909,+11.003,+0.984
1630214340,+3.49,+30.909,+10.918,+0.985
1630214400,+3.49,+30.892,+10.764,+0.985
1630214460,+3.49,+30.892,+10.637,+0.983
1630214520,+3.49,+30.883,+10.681,+0.984
1630214580,+3.49,+30.866,+10.682,+0.985
1630214640,+3.49,+30.857,+10.574,+0.984
1630214700,+3.49,+30.866,+10.565,+0.985
1630214760,+3.49,+30.866,+10.680,+0.986
1630214820,+3.49,+30.848,+10.680,+0.985
1630214880,+3.49,+30.857,+10.628,+0.984
1630214940,+3.49,+30.840,+10.625,+0.985
1630215000,+3.49,+30.840,+10.577,+0.984
1630215060,+3.49,+30.840,+10.571,+0.984
1630215120,+3.49,+30.822,+10.629,+0.985
1630215180,+3.49,+30.831,+10.645,+0.984
1630215240,+3.49,+30.822,+10.658,+0.985
1630215300,+3.49,+30.805,+10.496,+0.984
1630215360,+3.49,+30.788,+10.336,+0.985
1630215420,+3.49,+30.788,+10.302,+0.984
1630215480,+3.49,+30.779,+10.405,+0.985
1630215540,+3.49,+30.779,+10.464,+0.986
1630215600,+3.49,+30.788,+10.433,+0.985
1630215660,+3.49,+30.779,+10.389,+0.983
1630215720,+3.49,+30.762,+10.325,+0.985
1630215780,+3.49,+30.762,+10.169,+0.984
1630215840,+3.49,+30.753,+10.131,+0.985
1630215900,+3.49,+30.753,+10.097,+0.985
1630215960,+3.49,+30.762, +9.977,+0.984
1630216020,+3.49,+30.753, +9.926,+0.984
1630216080,+3.49,+30.753, +9.828,+0.984
1630216140,+3.49,+30.736, +9.840,+0.985
1630216200,+3.49,+30.718, +9.831,+0.985
1630216260,+3.49,+30.710, +9.904,+0.984
1630216320,+3.49,+30.710, +9.882,+0.984
1630216380,+3.49,+30.701, +9.808,+0.985
1630216440,+3.49,+30.701, +9.745,+0.984
1630216500,+3.49,+30.701, +9.652,+0.985
1630216560,+3.49,+30.684, +9.660,+0.985
1630216620,+3.49,+30.701, +9.573,+0.986
1630216680,+3.49,+30.684, +9.491,+0.985
1630216740,+3.49,+30.658, +9.430,+0.985
1630216800,+3.49,+30.666, +9.332,+0.984
1630216860,+3.49,+30.675, +9.069,+0.983
1630216920,+3.49,+30.649, +9.031,+0.984
1630216980,+3.49,+30.649, +8.968,+0.985
1630217040,+3.49,+30.632, +8.963,+0.984
1630217100,+3.49,+30.623, +8.950,+0.984
1630217160,+3.49,+30.640, +8.787,+0.983
1630217220,+3.49,+30.632, +8.648,+0.984
1630217280,+3.49,+30.614, +8.546,+0.984
1630217340,+3.49,+30.614, +8.550,+0.984
1630217400,+3.49,+30.588, +8.638,+0.983
1630217460,+3.49,+30.597, +8.619,+0.985
1630217520,+3.49,+30.562, +8.723,+0.984
1630217580,+3.49,+30.580, +8.833,+0.985
1630217640,+3.49,+30.562, +8.883,+0.984
1630217700,+3.49,+30.580, +9.014,+0.984
1630217760,+3.49,+30.562, +8.988,+0.984
1630217820,+3.49,+30.580, +8.878,+0.985
1630217880,+3.49,+30.571, +8.861,+0.985
1630217940,+3.49,+30.571, +8.843,+0.985
1630218000,+3.49,+30.562, +8.829,+0.985
1630218060,+3.49,+30.554, +8.826,+0.984
1630218120,+3.49,+30.545, +8.783,+0.984
1630218180,+3.49,+30.545, +8.805,+0.985
1630218240,+3.49,+30.554, +8.860,+0.984
1630218300,+3.49,+30.536, +8.837,+0.984
1630218360,+3.49,+30.519, +8.814,+0.984
1630218420,+3.49,+30.545, +8.698,+0.982
1630218480,+3.49,+30.528, +8.463,+0.984
1630218540,+3.49,+30.510, +8.375,+0.984
1630218600,+3.49,+30.502, +8.306,+0.984
1630218660,+3.49,+30.519, +8.393,+0.984
1630218720,+3.49,+30.502, +8.511,+0.983
1630218780,+3.49,+30.502, +8.524,+0.984
1630218840,+3.49,+30.493, +8.658,+0.984
1630218900,+3.49,+30.484, +8.626,+0.984
1630218960,+3.49,+30.484, +8.594,+0.984
1630219020,+3.49,+30.467, +8.526,+0.984
1630219080,+3.49,+30.476, +8.474,+0.984
1630219140,+3.49,+30.467, +8.452,+0.984
1630219200,+3.49,+30.467, +8.400,+0.984
1630219260,+3.49,+30.476, +8.336,+0.984
1630219320,+3.49,+30.458, +8.317,+0.985
1630219380,+3.49,+30.450, +8.275,+0.984
1630219440,+3.49,+30.441, +8.283,+0.983
1630219500,+3.49,+30.476, +8.308,+0.983
1630219560,+3.49,+30.450, +8.326,+0.985
1630219620,+3.49,+30.450, +8.292,+0.985
1630219680,+3.49,+30.441, +8.220,+0.984
1630219740,+3.49,+30.441, +8.090,+0.984
1630219800,+3.49,+30.441, +7.905,+0.984
1630219860,+3.49,+30.424, +7.894,+0.984
1630219920,+3.49,+30.406, +7.888,+0.984
1630219980,+3.49,+30.415, +7.869,+0.984
1630220040,+3.49,+30.424, +7.911,+0.984
1630220100,+3.49,+30.398, +8.051,+0.984
1630220160,+3.49,+30.415, +8.148,+0.984
1630220220,+3.49,+30.406, +8.214,+0.984
1630220280,+3.49,+30.398, +8.313,+0.985
1630220340,+3.49,+30.406, +8.367,+0.984
1630220400,+3.49,+30.406, +8.267,+0.984
1630220460,+3.49,+30.398, +8.242,+0.983
1630220520,+3.49,+30.389, +8.209,+0.983
1630220580,+3.49,+30.380, +8.096,+0.984
1630220640,+3.49,+30.380, +8.206,+0.984
1630220700,+3.49,+30.380, +8.248,+0.985
1630220760,+3.49,+30.363, +8.225,+0.985
1630220820,+3.49,+30.363, +8.135,+0.984
1630220880,+3.49,+30.363, +8.039,+0.984
1630220940,+3.49,+30.363, +7.906,+0.985
1630221000,+3.49,+30.337, +7.789,+0.983
1630221060,+3.49,+30.355, +7.666,+0.984
1630221120,+3.49,+30.355, +7.522,+0.984
1630221180,+3.49,+30.363, +7.392,+0.984
1630221240,+3.49,+30.346, +7.268,+0.984
1630221300,+3.49,+30.337, +7.375,+0.985
1630221360,+3.49,+30.346, +7.427,+0.984
1630221420,+3.49,+30.329, +7.529,+0.983
1630221480,+3.49,+30.329, +7.663,+0.984
1630221540,+3.49,+30.320, +7.671,+0.984
1630221600,+3.49,+30.311, +7.812,+0.984
1630221660,+3.49,+30.320, +7.785,+0.983
1630221720,+3.49,+30.329, +7.824,+0.984
1630221780,+3.49,+30.320, +7.979,+0.984
1630221840,+3.49,+30.294, +7.976,+0.983
1630221900,+3.49,+30.303, +7.958,+0.984
1630221960,+3.49,+30.311, +7.826,+0.984
1630222020,+3.49,+30.285, +7.782,+0.984
1630222080,+3.49,+30.294, +7.716,+0.984
1630222140,+3.49,+30.285, +7.688,+0.983
1630222200,+3.49,+30.303, +7.712,+0.984
1630222260,+3.49,+30.268, +7.839,+0.984
1630222320,+3.49,+30.277, +7.777,+0.984
1630222380,+3.49,+30.285, +7.693,+0.984
1630222440,+3.49,+30.277, +7.740,+0.984
1630222500,+3.49,+30.277, +7.720,+0.983
1630222560,+3.49,+30.277, +7.730,+0.984
1630222620,+3.49,+30.251, +7.710,+0.984
1630222680,+3.49,+30.242, +7.756,+0.984
1630222740,+3.49,+30.242, +7.754,+0.985
1630222800,+3.49,+30.251, +7.707,+0.983
1630222860,+3.49,+30.225, +7.763,+0.984
1630222920,+3.49,+30.242, +7.812,+0.984
1630222980,+3.49,+30.242, +7.832,+0.984
1630223040,+3.49,+30.242, +7.806,+0.985
1630223100,+3.49,+30.234, +7.743,+0.984
1630223160,+3.49,+30.208, +7.752,+0.984
1630223220,+3.49,+30.216, +7.736,+0.984
1630223280,+3.49,+30.225, +7.640,+0.984
1630223340,+3.49,+30.225, +7.624,+0.983
1630223400,+3.49,+30.216, +7.680,+0.984
1630223460,+3.49,+30.208, +7.757,+0.985
1630223520,+3.49,+30.216, +7.694,+0.983
1630223580,+3.49,+30.182, +7.673,+0.984
1630223640,+3.49,+30.199, +7.593,+0.983
1630223700,+3.49,+30.208, +7.476,+0.984
1630223760,+3.49,+30.190, +7.446,+0.984
1630223820,+3.49,+30.190, +7.446,+0.984
1630223880,+3.49,+30.173, +7.399,+0.984
1630223940,+3.49,+30.164, +7.354,+0.984
1630224000,+3.49,+30.164, +7.364,+0.984
1630224060,+3.49,+30.182, +7.290,+0.984
1630224120,+3.49,+30.173, +7.279,+0.984
1630224180,+3.49,+30.173, +7.295,+0.984
1630224240,+3.49,+30.173, +7.303,+0.984
1630224300,+3.49,+30.156, +7.283,+0.985
1630224360,+3.49,+30.156, +7.236,+0.984
1630224420,+3.49,+30.147, +7.174,+0.984
1630224480,+3.49,+30.156, +7.142,+0.985
1630224540,+3.49,+30.156, +7.078,+0.984
1630224600,+3.49,+30.156, +7.051,+0.985
1630224660,+3.49,+30.138, +7.022,+0.984
1630224720,+3.49,+30.147, +6.995,+0.984
1630224780,+3.49,+30.138, +7.005,+0.985
1630224840,+3.49,+30.130, +6.948,+0.984
1630224900,+3.49,+30.138, +6.890,+0.984
1630224960,+3.49,+30.121, +6.843,+0.984
1630225020,+3.49,+30.138, +6.770,+0.984
1630225080,+3.49,+30.121, +6.668,+0.984
1630225140,+3.49,+30.113, +6.636,+0.984
1630225200,+3.49,+30.113, +6.595,+0.984
1630225260,+3.49,+30.113, +6.631,+0.984
1630225320,+3.49,+30.104, +6.683,+0.984
1630225380,+3.49,+30.104, +6.598,+0.984
1630225440,+3.49,+30.087, +6.599,+0.983
1630225500,+3.49,+30.095, +6.513,+0.984
1630225560,+3.49,+30.095, +6.572,+0.984
1630225620,+3.49,+30.087, +6.610,+0.984
1630225680,+3.49,+30.078, +6.622,+0.984
1630225740,+3.49,+30.078, +6.459,+0.983
1630225800,+3.49,+30.078, +6.426,+0.983
1630225860,+3.49,+30.087, +6.382,+0.984
1630225920,+3.49,+30.069, +6.394,+0.985
1630225980,+3.49,+30.061, +6.448,+0.984
1630226040,+3.49,+30.043, +6.452,+0.984
1630226100,+3.49,+30.069, +6.383,+0.984
1630226160,+3.49,+30.052, +6.328,+0.985
1630226220,+3.49,+30.061, +6.250,+0.984
1630226280,+3.49,+30.035, +6.146,+0.984
1630226340,+3.49,+30.043, +6.099,+0.984
1630226400,+3.49,+30.035, +6.126,+0.984
1630226460,+3.49,+30.043, +6.067,+0.985
1630226520,+3.49,+30.043, +5.979,+0.984
1630226580,+3.49,+30.009, +6.118,+0.984
1630226640,+3.49,+30.018, +6.192,+0.984
1630226700,+3.49,+29.992, +6.121,+0.984
1630226760,+3.49,+30.000, +6.093,+0.984
1630226820,+3.49,+30.000, +6.119,+0.984
1630226880,+3.49,+29.992, +6.165,+0.984
1630226940,+3.49,+30.000, +6.147,+0.984
1630227000,+3.49,+29.992, +6.116,+0.984
1630227060,+3.49,+30.009, +6.053,+0.984
1630227120,+3.49,+29.992, +5.997,+0.984
1630227180,+3.49,+29.983, +6.001,+0.984
1630227240,+3.49,+29.992, +6.029,+0.984
1630227300,+3.49,+30.000, +6.027,+0.984
1630227360,+3.49,+29.983, +5.959,+0.985
1630227420,+3.49,+29.992, +5.896,+0.984
1630227480,+3.49,+29.966, +5.842,+0.984
1630227540,+3.49,+29.957, +5.842,+0.984
1630227600,+3.49,+29.974, +5.764,+0.985
1630227660,+3.49,+29.966, +5.674,+0.984
1630227720,+3.49,+29.966, +5.606,+0.984
1630227780,+3.49,+29.966, +5.456,+0.984
1630227840,+3.49,+29.974, +5.373,+0.984
1630227900,+3.49,+29.957, +5.317,+0.984
1630227960,+3.49,+29.966, +5.330,+0.984
1630228020,+3.49,+29.966, +5.344,+0.985
1630228080,+3.49,+29.949, +5.358,+0.984
1630228140,+3.49,+29.949, +5.356,+0.984
1630228200,+3.49,+29.949, +5.310,+0.985
1630228260,+3.49,+29.957, +5.287,+0.984
1630228320,+3.49,+29.966, +5.253,+0.984
1630228380,+3.49,+29.949, +5.207,+0.984
1630228440,+3.49,+29.949, +5.186,+0.984
1630228500,+3.49,+29.940, +5.315,+0.984
1630228560,+3.49,+29.940, +5.321,+0.984
1630228620,+3.49,+29.957, +5.312,+0.984
1630228680,+3.49,+29.931, +5.198,+0.984
1630228740,+3.49,+29.923, +5.089,+0.985
1630228800,+3.49,+29.931, +4.992,+0.984
1630228860,+3.49,+29.914, +4.987,+0.984
1630228920,+3.49,+29.914, +4.977,+0.984
1630228980,+3.49,+29.905, +4.974,+0.984
1630229040,+3.49,+29.931, +4.879,+0.985
1630229100,+3.49,+29.923, +4.753,+0.985
1630229160,+3.49,+29.897, +4.607,+0.984
1630229220,+3.49,+29.888, +4.475,+0.984
1630229280,+3.49,+29.905, +4.368,+0.984
1630229340,+3.49,+29.914, +4.218,+0.984
1630229400,+3.49,+29.923, +4.130,+0.985
1630229460,+3.49,+29.914, +4.036,+0.985
1630229520,+3.49,+29.897, +3.957,+0.985
1630229580,+3.49,+29.897, +3.893,+0.985
1630229640,+3.49,+29.897, +3.942,+0.985
1630229700,+3.49,+29.905, +3.894,+0.985
1630229760,+3.49,+29.897, +3.808,+0.985
1630229820,+3.49,+29.897, +3.809,+0.985
1630229880,+3.49,+29.888, +3.816,+0.985
1630229940,+3.49,+29.888, +3.805,+0.985
1630230000,+3.49,+29.880, +3.784,+0.985
1630230060,+3.49,+29.862, +3.831,+0.985
1630230120,+3.49,+29.871, +3.872,+0.985
1630230180,+3.49,+29.880, +3.872,+0.985
1630230240,+3.49,+29.871, +3.948,+0.985
1630230300,+3.49,+29.880, +3.987,+0.985
1630230360,+3.49,+29.862, +3.999,+0.985
1630230420,+3.49,+29.854, +4.007,+0.985
1630230480,+3.49,+29.854, +4.026,+0.984
1630230540,+3.49,+29.862, +4.009,+0.985
1630230600,+3.49,+29.836, +4.019,+0.985
1630230660,+3.49,+29.854, +4.013,+0.985
1630230720,+3.49,+29.836, +3.943,+0.984
1630230780,+3.49,+29.836, +3.932,+0.984
1630230840,+3.49,+29.836, +3.860,+0.985
1630230900,+3.49,+29.828, +3.938,+0.984
1630230960,+3.49,+29.845, +3.895,+0.985
1630231020,+3.49,+29.828, +3.880,+0.985
1630231080,+3.49,+29.819, +3.811,+0.985
1630231140,+3.49,+29.828, +3.709,+0.985
1630231200,+3.49,+29.811, +3.602,+0.985
1630231260,+3.49,+29.845, +3.491,+0.985
1630231320,+3.49,+29.819, +3.445,+0.985
1630231380,+3.49,+29.828, +3.389,+0.985
1630231440,+3.49,+29.819, +3.475,+0.985
1630231500,+3.49,+29.819, +3.476,+0.985
1630231560,+3.49,+29.819, +3.449,+0.985
1630231620,+3.49,+29.811, +3.588,+0.985
1630231680,+3.49,+29.802, +3.536,+0.985
1630231740,+3.49,+29.802, +3.507,+0.985
1630231800,+3.49,+29.802, +3.524,+0.985
1630231860,+3.49,+29.802, +3.503,+0.985
1630231920,+3.49,+29.793, +3.440,+0.985
1630231980,+3.49,+29.793, +3.425,+0.985
1630232040,+3.49,+29.785, +3.534,+0.986
1630232100,+3.49,+29.785, +3.604,+0.985
1630232160,+3.49,+29.785, +3.669,+0.985
1630232220,+3.49,+29.759, +3.664,+0.985
1630232280,+3.49,+29.759, +3.670,+0.986
1630232340,+3.49,+29.750, +3.638,+0.985
1630232400,+3.49,+29.759, +3.674,+0.986
1630232460,+3.49,+29.759, +3.665,+0.985
1630232520,+3.49,+29.750, +3.600,+0.986
1630232580,+3.49,+29.768, +3.522,+0.986
1630232640,+3.49,+29.759, +3.465,+0.986
1630232700,+3.49,+29.750, +3.407,+0.986
1630232760,+3.49,+29.750, +3.441,+0.985
1630232820,+3.49,+29.750, +3.441,+0.985
1630232880,+3.49,+29.750, +3.406,+0.985
1630232940,+3.49,+29.742, +3.399,+0.986
1630233000,+3.49,+29.750, +3.375,+0.986
1630233060,+3.49,+29.750, +3.333,+0.985
1630233120,+3.49,+29.742, +3.305,+0.985
1630233180,+3.49,+29.733, +3.240,+0.985
1630233240,+3.49,+29.742, +3.143,+0.985
1630233300,+3.49,+29.733, +3.103,+0.986
1630233360,+3.49,+29.742, +3.050,+0.986
1630233420,+3.49,+29.742, +3.047,+0.986
1630233480,+3.49,+29.724, +3.024,+0.986
1630233540,+3.49,+29.716, +2.974,+0.986
1630233600,+3.49,+29.716, +2.879,+0.986
1630233660,+3.49,+29.724, +2.901,+0.986
1630233720,+3.49,+29.716, +2.906,+0.986
1630233780,+3.49,+29.716, +2.850,+0.986
1630233840,+3.49,+29.716, +2.880,+0.986
1630233900,+3.49,+29.716, +2.914,+0.986
1630233960,+3.49,+29.716, +2.897,+0.986
1630234020,+3.49,+29.699, +2.862,+0.986
1630234080,+3.49,+29.707, +2.882,+0.986
1630234140,+3.49,+29.699, +2.886,+0.986
1630234200,+3.49,+29.707, +2.826,+0.986
1630234260,+3.49,+29.699, +2.828,+0.986
1630234320,+3.49,+29.707, +2.836,+0.986
1630234380,+3.49,+29.690, +2.851,+0.986
1630234440,+3.49,+29.681, +2.871,+0.986
1630234500,+3.49,+29.673, +2.860,+0.986
1630234560,+3.49,+29.673, +2.827,+0.986
1630234620,+3.49,+29.690, +2.854,+0.986
1630234680,+3.49,+29.673, +2.804,+0.986
1630234740,+3.49,+29.664, +2.723,+0.986
1630234800,+3.49,+29.673, +2.648,+0.986
1630234860,+3.49,+29.664, +2.538,+0.986
1630234920,+3.49,+29.690, +2.505,+0.986
1630234980,+3.49,+29.673, +2.434,+0.986
1630235040,+3.49,+29.673, +2.316,+0.986
1630235100,+3.49,+29.673, +2.257,+0.986
1630235160,+3.49,+29.673, +2.274,+0.986
1630235220,+3.49,+29.673, +2.278,+0.986
1630235280,+3.49,+29.673, +2.253,+0.986
1630235340,+3.49,+29.673, +2.243,+0.986
1630235400,+3.49,+29.673, +2.208,+0.986
1630235460,+3.49,+29.673, +2.150,+0.986
1630235520,+3.49,+29.656, +2.046,+0.986
1630235580,+3.49,+29.673, +2.033,+0.986
1630235640,+3.49,+29.664, +1.990,+0.986
1630235700,+3.49,+29.656, +2.009,+0.986
1630235760,+3.49,+29.656, +2.034,+0.986
1630235820,+3.49,+29.656, +2.046,+0.986
1630235880,+3.49,+29.664, +2.069,+0.986
1630235940,+3.48,+29.638, +2.051,+0.987
1630236000,+3.49,+29.664, +2.044,+0.986
1630236060,+3.48,+29.647, +2.061,+0.986
1630236120,+3.49,+29.638, +2.075,+0.986
1630236180,+3.49,+29.656, +2.077,+0.986
1630236240,+3.49,+29.638, +2.036,+0.986
1630236300,+3.49,+29.656, +1.920,+0.986
1630236360,+3.49,+29.647, +1.805,+0.986
1630236420,+3.49,+29.656, +1.921,+0.986
1630236480,+3.49,+29.638, +2.032,+0.987
1630236540,+3.49,+29.638, +2.050,+0.986
1630236600,+3.49,+29.638, +2.172,+0.986
1630236660,+3.49,+29.630, +2.198,+0.986
1630236720,+3.49,+29.613, +2.206,+0.986
1630236780,+3.49,+29.613, +2.098,+0.986
1630236840,+3.49,+29.621, +2.044,+0.986
1630236900,+3.49,+29.621, +2.012,+0.986
1630236960,+3.49,+29.613, +1.932,+0.986
1630237020,+3.49,+29.613, +1.965,+0.986
1630237080,+3.49,+29.613, +1.977,+0.986
1630237140,+3.49,+29.621, +1.963,+0.986
1630237200,+3.49,+29.604, +1.974,+0.986
1630237260,+3.49,+29.587, +1.970,+0.986
1630237320,+3.49,+29.595, +1.978,+0.987
1630237380,+3.49,+29.604, +1.965,+0.986
1630237440,+3.48,+29.595, +2.134,+0.987
1630237500,+3.48,+29.578, +2.279,+0.986
1630237560,+3.48,+29.587, +2.414,+0.987
1630237620,+3.49,+29.595, +2.389,+0.986
1630237680,+3.49,+29.587, +2.383,+0.986
1630237740,+3.49,+29.578, +2.345,+0.987
1630237800,+3.49,+29.578, +2.344,+0.987
1630237860,+3.49,+29.569, +2.268,+0.986
1630237920,+3.49,+29.578, +2.459,+0.987
1630237980,+3.49,+29.578, +2.543,+0.987
1630238040,+3.49,+29.569, +2.485,+0.987
1630238100,+3.49,+29.561, +2.427,+0.986
1630238160,+3.49,+29.578, +2.370,+0.986
1630238220,+3.49,+29.561, +2.288,+0.986
1630238280,+3.49,+29.552, +2.271,+0.986
1630238340,+3.49,+29.552, +2.255,+0.987
1630238400,+3.49,+29.552, +2.202,+0.986
1630238460,+3.49,+29.552, +2.116,+0.987
1630238520,+3.49,+29.535, +2.024,+0.986
1630238580,+3.49,+29.569, +1.987,+0.986
1630238640,+3.49,+29.561, +1.999,+0.986
1630238700,+3.49,+29.561, +2.195,+0.986
1630238760,+3.49,+29.552, +2.115,+0.986
1630238820,+3.49,+29.552, +2.027,+0.986
1630238880,+3.49,+29.535, +2.010,+0.987
1630238940,+3.49,+29.552, +1.999,+0.986
1630239000,+3.49,+29.544, +2.273,+0.986
1630239060,+3.49,+29.552, +2.310,+0.987
1630239120,+3.49,+29.552, +2.318,+0.987
1630239180,+3.49,+29.561, +2.300,+0.987
1630239240,+3.49,+29.544, +2.246,+0.987
1630239300,+3.49,+29.526, +2.167,+0.986
1630239360,+3.49,+29.535, +2.004,+0.986
1630239420,+3.49,+29.535, +1.964,+0.986
1630239480,+3.49,+29.526, +1.930,+0.986
1630239540,+3.49,+29.509, +1.932,+0.986
1630239600,+3.49,+29.535, +2.011,+0.986
1630239660,+3.49,+29.535, +1.949,+0.987
1630239720,+3.49,+29.518, +1.904,+0.986
1630239780,+3.49,+29.509, +1.863,+0.987
1630239840,+3.49,+29.509, +1.859,+0.986
1630239900,+3.49,+29.501, +1.836,+0.987
1630239960,+3.49,+29.501, +1.778,+0.986
1630240020,+3.49,+29.509, +1.751,+0.987
1630240080,+3.49,+29.501, +1.715,+0.986
1630240140,+3.49,+29.501, +1.835,+0.987
1630240200,+3.49,+29.492, +1.792,+0.986
1630240260,+3.49,+29.509, +1.705,+0.986
1630240320,+3.49,+29.509, +1.665,+0.986
1630240380,+3.49,+29.492, +1.616,+0.986
1630240440,+3.49,+29.501, +1.610,+0.986
1630240500,+3.49,+29.501, +1.616,+0.986
1630240560,+3.49,+29.526, +1.526,+0.985
1630240620,+3.49,+29.518, +1.499,+0.986
1630240680,+3.49,+29.501, +1.477,+0.986
1630240740,+3.49,+29.509, +1.470,+0.986
1630240800,+3.49,+29.518, +1.467,+0.986
1630240860,+3.49,+29.501, +1.464,+0.986
1630240920,+3.49,+29.509, +1.431,+0.986
1630240980,+3.49,+29.501, +1.390,+0.986
1630241040,+3.49,+29.492, +1.512,+0.986
1630241100,+3.49,+29.501, +1.516,+0.986
1630241160,+3.49,+29.501, +1.453,+0.986
1630241220,+3.49,+29.492, +1.393,+0.986
1630241280,+3.49,+29.501, +1.316,+0.986
1630241340,+3.49,+29.501, +1.287,+0.985
1630241400,+3.49,+29.475, +1.335,+0.985
1630241460,+3.49,+29.492, +1.244,+0.985
1630241520,+3.49,+29.492, +1.143,+0.985
1630241580,+3.49,+29.483, +1.083,+0.984
1630241640,+3.49,+29.483, +1.044,+0.984
1630241700,+3.49,+29.483, +1.032,+0.984
1630241760,+3.49,+29.483, +1.019,+0.984
1630241820,+3.49,+29.475, +1.029,+0.984
1630241880,+3.49,+29.466, +1.027,+0.984
1630241940,+3.49,+29.475, +1.064,+0.984
1630242000,+3.49,+29.492, +1.072,+0.985
1630242060,+3.49,+29.466, +1.046,+0.984
1630242120,+3.49,+29.483, +0.986,+0.984
1630242180,+3.49,+29.475, +0.919,+0.983
1630242240,+3.49,+29.492, +1.046,+0.984
1630242300,+3.49,+29.466, +1.085,+0.985
1630242360,+3.49,+29.475, +1.102,+0.985
1630242420,+3.49,+29.475, +1.068,+0.984
1630242480,+3.49,+29.449, +0.948,+0.983
1630242540,+3.49,+29.466, +0.937,+0.983
1630242600,+3.49,+29.449, +0.899,+0.983
1630242660,+3.49,+29.458, +0.929,+0.983
1630242720,+3.49,+29.458, +0.944,+0.983
1630242780,+3.49,+29.458, +0.941,+0.983
1630242840,+3.49,+29.458, +0.905,+0.983
1630242900,+3.49,+29.449, +0.870,+0.983
1630242960,+3.49,+29.458, +0.847,+0.982
1630243020,+3.49,+29.449, +0.889,+0.983
1630243080,+3.49,+29.458, +0.932,+0.983
1630243140,+3.49,+29.458, +0.971,+0.984
1630243200,+3.49,+29.449, +0.937,+0.983
1630243260,+3.49,+29.449, +1.001,+0.984
1630243320,+3.49,+29.449, +1.003,+0.984
1630243380,+3.49,+29.440, +0.996,+0.984
1630243440,+3.49,+29.449, +0.970,+0.984
1630243500,+3.49,+29.440, +0.936,+0.983
1630243560,+3.49,+29.458, +0.892,+0.983
1630243620,+3.49,+29.449, +0.828,+0.982
1630243680,+3.49,+29.449, +0.827,+0.982
1630243740,+3.49,+29.458, +1.028,+0.984
1630243800,+3.49,+29.423, +0.990,+0.984
1630243860,+3.49,+29.432, +0.925,+0.984
1630243920,+3.49,+29.432, +0.884,+0.983
1630243980,+3.49,+29.432, +0.833,+0.982
1630244040,+3.49,+29.432, +0.959,+0.984
1630244100,+3.49,+29.415, +0.929,+0.983
1630244160,+3.49,+29.440, +0.881,+0.983
1630244220,+3.49,+29.440, +0.790,+0.982
1630244280,+3.49,+29.432, +0.756,+0.982
1630244340,+3.49,+29.432, +0.740,+0.981
1630244400,+3.49,+29.432, +0.712,+0.981
1630244460,+3.49,+29.440, +0.635,+0.980
1630244520,+3.49,+29.449, +0.555,+0.979
1630244580,+3.49,+29.415, +0.517,+0.978
1630244640,+3.49,+29.432, +0.507,+0.978
1630244700,+3.49,+29.432, +0.489,+0.978
1630244760,+3.49,+29.432, +0.488,+0.978
1630244820,+3.49,+29.423, +0.463,+0.977
1630244880,+3.49,+29.432, +0.443,+0.977
1630244940,+3.49,+29.415, +0.409,+0.977
1630245000,+3.49,+29.415, +0.388,+0.976
1630245060,+3.49,+29.423, +0.556,+0.979
1630245120,+3.49,+29.432, +0.581,+0.979
1630245180,+3.49,+29.440, +0.495,+0.978
1630245240,+3.49,+29.423, +0.437,+0.977
1630245300,+3.49,+29.415, +0.388,+0.976
1630245360,+3.49,+29.415, +0.370,+0.976
1630245420,+3.49,+29.432, +0.365,+0.975
1630245480,+3.49,+29.423, +0.355,+0.975
1630245540,+3.49,+29.415, +0.349,+0.975
1630245600,+3.49,+29.415, +0.330,+0.975
1630245660,+3.49,+29.406, +0.334,+0.975
1630245720,+3.49,+29.423, +0.339,+0.975
1630245780,+3.49,+29.423, +0.434,+0.977
1630245840,+3.49,+29.406, +0.506,+0.979
1630245900,+3.49,+29.415, +0.527,+0.979
1630245960,+3.49,+29.406, +0.524,+0.979
1630246020,+3.49,+29.415, +0.523,+0.979
1630246080,+3.49,+29.397, +0.539,+0.979
1630246140,+3.49,+29.423, +0.537,+0.979
1630246200,+3.49,+29.397, +0.554,+0.979
1630246260,+3.49,+29.397, +0.563,+0.979
1630246320,+3.49,+29.380, +0.579,+0.980
1630246380,+3.49,+29.389, +0.583,+0.979
1630246440,+3.49,+29.397, +0.578,+0.979
1630246500,+3.49,+29.397, +0.543,+0.979
1630246560,+3.49,+29.397, +0.573,+0.979
1630246620,+3.49,+29.397, +0.555,+0.979
1630246680,+3.49,+29.397, +0.558,+0.979
1630246740,+3.49,+29.389, +0.646,+0.980
1630246800,+3.49,+29.389, +0.665,+0.981
1630246860,+3.49,+29.406, +0.639,+0.980
1630246920,+3.49,+29.397, +0.611,+0.980
1630246980,+3.49,+29.389, +0.555,+0.979
1630247040,+3.49,+29.389, +0.540,+0.979
1630247100,+3.49,+29.389, +0.546,+0.979
1630247160,+3.49,+29.389, +0.551,+0.979
1630247220,+3.49,+29.406, +0.559,+0.979
1630247280,+3.49,+29.415, +0.518,+0.978
1630247340,+3.49,+29.380, +0.769,+0.982
1630247400,+3.49,+29.406, +0.740,+0.982
1630247460,+3.49,+29.389, +0.807,+0.983
1630247520,+3.48,+29.389, +0.820,+0.983
1630247580,+3.48,+29.397, +0.935,+0.984
1630247640,+3.49,+29.389, +0.911,+0.983
1630247700,+3.49,+29.397, +0.964,+0.984
1630247760,+3.49,+29.380, +0.891,+0.984
1630247820,+3.49,+29.397, +0.856,+0.983
1630247880,+3.49,+29.389, +0.877,+0.983
1630247940,+3.49,+29.397, +0.812,+0.983
1630248000,+3.49,+29.380, +0.910,+0.983
1630248060,+3.49,+29.397, +0.888,+0.983
1630248120,+3.49,+29.389, +0.838,+0.983
1630248180,+3.49,+29.389, +0.827,+0.982
1630248240,+3.48,+29.397, +0.795,+0.982
1630248300,+3.48,+29.406, +0.752,+0.981
1630248360,+3.49,+29.397, +0.743,+0.981
1630248420,+3.48,+29.415, +0.794,+0.982
1630248480,+3.49,+29.397, +0.980,+0.984
1630248540,+3.49,+29.397, +0.980,+0.984
1630248600,+3.48,+29.397, +0.979,+0.984
1630248660,+3.49,+29.415, +0.979,+0.984
1630248720,+3.49,+29.406, +0.943,+0.984
1630248780,+3.49,+29.389, +0.926,+0.984
1630248840,+3.48,+29.406, +0.866,+0.983
1630248900,+3.48,+29.406, +0.807,+0.982
1630248960,+3.48,+29.415, +0.802,+0.982
1630249020,+3.49,+29.397, +0.914,+0.983
1630249080,+3.48,+29.397, +0.915,+0.983
1630249140,+3.49,+29.380, +0.880,+0.983
1630249200,+3.49,+29.397, +0.834,+0.982
1630249260,+3.49,+29.380, +0.919,+0.983
1630249320,+3.49,+29.397, +0.915,+0.983
1630249380,+3.49,+29.397, +0.865,+0.983
1630249440,+3.49,+29.389, +0.867,+0.983
1630249500,+3.48,+29.397, +0.837,+0.983
1630249560,+3.48,+29.389, +0.786,+0.982
1630249620,+3.48,+29.406, +0.786,+0.982
1630249680,+3.49,+29.380, +0.987,+0.984
1630249740,+3.48,+29.397, +0.998,+0.984
1630249800,+3.48,+29.397, +1.100,+0.985
1630249860,+3.48,+29.380, +1.068,+0.985
1630249920,+3.49,+29.389, +1.022,+0.984
1630249980,+3.48,+29.389, +0.992,+0.984
1630250040,+3.48,+29.397, +0.972,+0.984
1630250100,+3.49,+29.389, +1.107,+0.985
1630250160,+3.48,+29.380, +1.166,+0.985
1630250220,+3.49,+29.389, +1.262,+0.986
1630250280,+3.49,+29.372, +1.302,+0.986
1630250340,+3.48,+29.380, +1.233,+0.985
1630250400,+3.48,+29.397, +1.186,+0.985
1630250460,+3.48,+29.389, +1.164,+0.985
1630250520,+3.48,+29.389, +1.249,+0.986
1630250580,+3.49,+29.380, +1.252,+0.986
1630250640,+3.49,+29.406, +1.244,+0.985
1630250700,+3.48,+29.389, +1.218,+0.985
1630250760,+3.48,+29.406, +1.203,+0.985
1630250820,+3.48,+29.406, +1.192,+0.985
1630250880,+3.48,+29.423, +1.186,+0.985
1630250940,+3.48,+29.415, +1.223,+0.985
1630251000,+3.48,+29.432, +1.473,+0.986
1630251060,+3.48,+29.415, +1.573,+0.986
1630251120,+3.48,+29.423, +1.559,+0.986
1630251180,+3.48,+29.423, +1.527,+0.986
1630251240,+3.48,+29.423, +1.507,+0.986
1630251300,+3.48,+29.440, +1.503,+0.986
1630251360,+3.48,+29.440, +1.531,+0.986
1630251420,+3.48,+29.440, +1.540,+0.986
1630251480,+3.48,+29.449, +1.576,+0.986
1630251540,+3.48,+29.432, +1.658,+0.986
1630251600,+3.48,+29.458, +1.700,+0.986
1630251660,+3.48,+29.458, +1.721,+0.987
1630251720,+3.48,+29.449, +1.781,+0.987
1630251780,+3.48,+29.449, +1.773,+0.986
1630251840,+3.48,+29.449, +1.731,+0.986
1630251900,+3.48,+29.449, +1.707,+0.986
1630251960,+3.48,+29.458, +1.685,+0.987
1630252020,+3.48,+29.458, +1.715,+0.986
1630252080,+3.48,+29.466, +1.740,+0.986
1630252140,+3.48,+29.449, +1.746,+0.986
1630252200,+3.48,+29.475, +1.750,+0.986
1630252260,+3.48,+29.458, +1.742,+0.986
1630252320,+3.48,+29.466, +1.768,+0.986
1630252380,+3.48,+29.458, +1.759,+0.986
1630252440,+3.48,+29.449, +1.819,+0.986
1630252500,+3.48,+29.466, +1.807,+0.986
1630252560,+3.48,+29.449, +1.803,+0.986
1630252620,+3.48,+29.449, +1.773,+0.986
1630252680,+3.48,+29.466, +1.729,+0.986
1630252740,+3.48,+29.458, +1.695,+0.986
1630252800,+3.48,+29.466, +1.679,+0.986
1630252860,+3.48,+29.449, +1.658,+0.986
1630252920,+3.48,+29.449, +1.650,+0.986
1630252980,+3.48,+29.440, +1.645,+0.986
1630253040,+3.48,+29.458, +1.636,+0.986
1630253100,+3.48,+29.432, +1.628,+0.986
1630253160,+3.48,+29.449, +1.614,+0.986
1630253220,+3.48,+29.432, +1.583,+0.986
1630253280,+3.48,+29.458, +1.563,+0.986
1630253340,+3.48,+29.449, +1.534,+0.986
1630253400,+3.48,+29.449, +1.590,+0.986
1630253460,+3.48,+29.440, +1.574,+0.986
1630253520,+3.48,+29.440, +1.615,+0.986
1630253580,+3.48,+29.449, +1.628,+0.987
1630253640,+3.48,+29.440, +1.681,+0.986
1630253700,+3.48,+29.458, +1.677,+0.986
1630253760,+3.48,+29.458, +1.666,+0.986
1630253820,+3.48,+29.449, +1.677,+0.986
1630253880,+3.48,+29.458, +1.674,+0.986
1630253940,+3.48,+29.449, +1.702,+0.986
1630254000,+3.48,+29.466, +1.711,+0.986
1630254060,+3.48,+29.458, +1.749,+0.986
1630254120,+3.48,+29.449, +1.753,+0.986
1630254180,+3.48,+29.466, +1.743,+0.986
1630254240,+3.48,+29.458, +1.729,+0.986
1630254300,+3.48,+29.483, +1.685,+0.986
1630254360,+3.48,+29.483, +1.633,+0.986
1630254420,+3.48,+29.475, +1.863,+0.986
1630254480,+3.48,+29.475, +1.878,+0.986
1630254540,+3.48,+29.501, +1.855,+0.986
1630254600,+3.48,+29.483, +1.807,+0.986
1630254660,+3.48,+29.501, +1.768,+0.986
1630254720,+3.48,+29.483, +1.767,+0.986
1630254780,+3.48,+29.492, +1.750,+0.986
1630254840,+3.48,+29.501, +1.758,+0.986
1630254900,+3.48,+29.518, +1.816,+0.986
1630254960,+3.48,+29.518, +1.845,+0.986
1630255020,+3.48,+29.526, +1.889,+0.986
1630255080,+3.48,+29.526, +1.919,+0.986
1630255140,+3.48,+29.535, +1.995,+0.986
1630255200,+3.48,+29.552, +2.088,+0.986
1630255260,+3.48,+29.552, +2.169,+0.986
1630255320,+3.48,+29.569, +2.277,+0.986
1630255380,+3.48,+29.604, +2.377,+0.986
1630255440,+3.48,+29.578, +2.514,+0.986
1630255500,+3.48,+29.604, +2.535,+0.986
1630255560,+3.48,+29.587, +2.595,+0.986
1630255620,+3.48,+29.621, +2.667,+0.985
1630255680,+3.48,+29.613, +2.640,+0.986
1630255740,+3.48,+29.621, +2.592,+0.986
1630255800,+3.48,+29.613, +2.573,+0.986
1630255860,+3.48,+29.604, +2.632,+0.986
1630255920,+3.48,+29.613, +2.632,+0.986
1630255980,+3.48,+29.613, +2.684,+0.986
1630256040,+3.48,+29.587, +2.953,+0.985
1630256100,+3.48,+29.613, +2.982,+0.985
1630256160,+3.48,+29.630, +2.943,+0.985
1630256220,+3.48,+29.638, +3.016,+0.985
1630256280,+3.48,+29.681, +3.033,+0.985
1630256340,+3.48,+29.664, +3.075,+0.985
1630256400,+3.48,+29.690, +3.083,+0.985
1630256460,+3.48,+29.690, +3.131,+0.985
1630256520,+3.48,+29.724, +3.144,+0.985
1630256580,+3.48,+29.699, +3.114,+0.985
1630256640,+3.48,+29.699, +3.078,+0.985
1630256700,+3.48,+29.690, +3.101,+0.985
1630256760,+3.48,+29.690, +3.036,+0.985
1630256820,+3.48,+29.664, +2.915,+0.985
1630256880,+3.48,+29.664, +2.882,+0.985
1630256940,+3.48,+29.664, +2.835,+0.986
1630257000,+3.48,+29.647, +2.811,+0.985
1630257060,+3.48,+29.656, +2.757,+0.986
1630257120,+3.48,+29.647, +2.750,+0.985
1630257180,+3.48,+29.647, +2.719,+0.986
1630257240,+3.48,+29.638, +2.717,+0.986
1630257300,+3.48,+29.630, +2.841,+0.986
1630257360,+3.48,+29.630, +2.850,+0.985
1630257420,+3.48,+29.630, +2.814,+0.985
1630257480,+3.48,+29.638, +2.798,+0.986
1630257540,+3.48,+29.638, +2.891,+0.986
1630257600,+3.48,+29.647, +3.013,+0.986
1630257660,+3.48,+29.673, +3.063,+0.985
1630257720,+3.48,+29.690, +3.124,+0.985
1630257780,+3.48,+29.690, +3.206,+0.985
1630257840,+3.48,+29.707, +3.301,+0.985
1630257900,+3.48,+29.733, +3.368,+0.985
1630257960,+3.48,+29.742, +3.410,+0.985
1630258020,+3.48,+29.750, +3.430,+0.985
1630258080,+3.48,+29.768, +3.465,+0.985
1630258140,+3.49,+29.768, +3.485,+0.984
1630258200,+3.48,+29.750, +3.483,+0.985
1630258260,+3.48,+29.759, +3.504,+0.984
1630258320,+3.49,+29.776, +3.494,+0.984
1630258380,+3.48,+29.785, +3.497,+0.984
1630258440,+3.49,+29.785, +3.567,+0.984
1630258500,+3.49,+29.785, +3.569,+0.984
1630258560,+3.49,+29.811, +3.619,+0.984
1630258620,+3.48,+29.793, +3.743,+0.984
1630258680,+3.49,+29.802, +3.741,+0.984
1630258740,+3.49,+29.811, +3.738,+0.984
1630258800,+3.49,+29.828, +3.814,+0.984
1630258860,+3.49,+29.802, +3.887,+0.984
1630258920,+3.49,+29.802, +3.855,+0.984
1630258980,+3.49,+29.785, +3.780,+0.984
1630259040,+3.49,+29.819, +3.830,+0.984
1630259100,+3.49,+29.819, +3.828,+0.984
1630259160,+3.49,+29.828, +3.859,+0.984
1630259220,+3.49,+29.819, +3.973,+0.984
1630259280,+3.49,+29.819, +3.916,+0.984
1630259340,+3.49,+29.819, +3.907,+0.984
1630259400,+3.49,+29.836, +3.933,+0.984
1630259460,+3.49,+29.862, +3.948,+0.984
1630259520,+3.49,+29.880, +4.013,+0.984
1630259580,+3.49,+29.862, +4.061,+0.984
1630259640,+3.49,+29.871, +4.124,+0.984
1630259700,+3.49,+29.880, +4.027,+0.984
1630259760,+3.49,+29.871, +3.959,+0.984
1630259820,+3.49,+29.854, +3.866,+0.984
1630259880,+3.49,+29.845, +3.754,+0.984
1630259940,+3.49,+29.828, +3.713,+0.984
1630260000,+3.49,+29.811, +3.642,+0.984
1630260060,+3.49,+29.819, +3.591,+0.984
1630260120,+3.49,+29.793, +3.529,+0.984
1630260180,+3.48,+29.793, +3.498,+0.985
1630260240,+3.49,+29.802, +3.476,+0.984
1630260300,+3.49,+29.802, +3.455,+0.984
1630260360,+3.49,+29.811, +3.415,+0.985
1630260420,+3.49,+29.802, +3.424,+0.985
1630260480,+3.49,+29.793, +3.496,+0.985
1630260540,+3.49,+29.828, +4.014,+0.984
1630260600,+3.49,+29.819, +4.067,+0.984
1630260660,+3.49,+29.836, +4.055,+0.984
1630260720,+3.49,+29.828, +4.019,+0.984
1630260780,+3.49,+29.836, +3.992,+0.984
1630260840,+3.49,+29.819, +3.961,+0.984
1630260900,+3.49,+29.811, +4.220,+0.985
1630260960,+3.49,+29.828, +4.167,+0.984
1630261020,+3.49,+29.845, +4.079,+0.984
1630261080,+3.49,+29.828, +3.972,+0.984
1630261140,+3.49,+29.836, +3.894,+0.984
1630261200,+3.49,+29.836, +3.842,+0.984
1630261260,+3.49,+29.854, +3.792,+0.985
1630261320,+3.49,+29.871, +3.729,+0.984
1630261380,+3.49,+29.880, +3.824,+0.984
1630261440,+3.49,+29.888, +4.001,+0.984
1630261500,+3.49,+29.914, +4.122,+0.984
1630261560,+3.49,+29.931, +4.254,+0.984
1630261620,+3.49,+29.957, +4.358,+0.984
1630261680,+3.49,+29.966, +4.494,+0.984
1630261740,+3.49,+29.966, +4.594,+0.984
1630261800,+3.49,+29.966, +4.649,+0.984
1630261860,+3.49,+29.974, +4.792,+0.984
1630261920,+3.49,+29.992, +4.881,+0.984
1630261980,+3.49,+29.992, +4.914,+0.983
1630262040,+3.49,+30.009, +4.847,+0.983
1630262100,+3.49,+30.018, +4.845,+0.983
1630262160,+3.49,+30.018, +4.884,+0.983
1630262220,+3.49,+30.026, +5.002,+0.983
1630262280,+3.49,+30.009, +5.015,+0.983
1630262340,+3.49,+30.009, +4.961,+0.983
1630262400,+3.49,+29.992, +4.851,+0.983
1630262460,+3.49,+29.983, +4.735,+0.983
1630262520,+3.49,+29.983, +4.693,+0.983
1630262580,+3.49,+29.966, +4.696,+0.983
1630262640,+3.49,+29.949, +4.682,+0.984
1630262700,+3.49,+29.931, +4.788,+0.984
1630262760,+3.49,+29.923, +4.717,+0.984
1630262820,+3.49,+29.897, +4.553,+0.984
1630262880,+3.49,+29.880, +4.402,+0.984
1630262940,+3.49,+29.888, +4.269,+0.984
1630263000,+3.49,+29.888, +4.227,+0.984
1630263060,+3.49,+29.854, +4.282,+0.984
1630263120,+3.49,+29.854, +4.261,+0.984
1630263180,+3.49,+29.880, +4.219,+0.984
1630263240,+3.49,+29.871, +4.209,+0.984
1630263300,+3.49,+29.880, +4.247,+0.984
1630263360,+3.49,+29.931, +4.543,+0.984
1630263420,+3.49,+29.931, +4.833,+0.984
1630263480,+3.49,+29.957, +4.944,+0.984
1630263540,+3.49,+29.940, +5.056,+0.984
1630263600,+3.49,+29.940, +5.060,+0.984
1630263660,+3.49,+29.940, +4.997,+0.984
1630263720,+3.49,+29.931, +4.946,+0.984
1630263780,+3.49,+29.923, +4.817,+0.984
1630263840,+3.49,+29.940, +4.766,+0.984
1630263900,+3.49,+29.949, +4.922,+0.984
1630263960,+3.49,+29.931, +4.931,+0.984
1630264020,+3.49,+29.931, +4.938,+0.985
1630264080,+3.49,+29.949, +4.928,+0.983
1630264140,+3.49,+29.949, +4.906,+0.984
1630264200,+3.49,+29.949, +4.879,+0.984
1630264260,+3.49,+29.931, +4.928,+0.984
1630264320,+3.49,+29.949, +4.983,+0.984
1630264380,+3.49,+29.957, +5.082,+0.984
1630264440,+3.49,+29.957, +5.115,+0.984
1630264500,+3.49,+29.949, +5.345,+0.983
1630264560,+3.49,+29.957, +5.334,+0.983
1630264620,+3.49,+29.957, +5.281,+0.984
1630264680,+3.49,+29.957, +5.232,+0.984
1630264740,+3.49,+29.949, +5.147,+0.984
1630264800,+3.49,+29.949, +5.078,+0.984
1630264860,+3.49,+29.949, +5.115,+0.984
1630264920,+3.49,+29.974, +5.099,+0.984
1630264980,+3.49,+29.966, +5.081,+0.984
1630265040,+3.49,+29.957, +5.042,+0.983
1630265100,+3.49,+29.974, +4.929,+0.984
1630265160,+3.49,+30.009, +4.894,+0.983
1630265220,+3.49,+30.000, +4.940,+0.984
1630265280,+3.49,+30.035, +5.018,+0.984
1630265340,+3.49,+30.052, +5.109,+0.984
1630265400,+3.49,+30.043, +5.107,+0.984
1630265460,+3.49,+30.035, +5.148,+0.984
1630265520,+3.49,+30.035, +5.263,+0.984
1630265580,+3.49,+30.043, +5.483,+0.983
1630265640,+3.49,+30.026, +5.468,+0.983
1630265700,+3.49,+30.026, +5.428,+0.984
1630265760,+3.49,+30.018, +5.414,+0.984
1630265820,+3.49,+30.035, +5.496,+0.984
1630265880,+3.49,+30.043, +5.477,+0.984
1630265940,+3.49,+30.043, +5.480,+0.984
1630266000,+3.49,+30.052, +5.589,+0.984
1630266060,+3.49,+30.061, +5.577,+0.984
1630266120,+3.49,+30.052, +5.602,+0.984
1630266180,+3.49,+30.052, +5.599,+0.983
1630266240,+3.49,+30.078, +5.592,+0.983
1630266300,+3.49,+30.069, +5.622,+0.983
1630266360,+3.49,+30.061, +5.683,+0.983
1630266420,+3.49,+30.043, +5.753,+0.984
1630266480,+3.49,+30.052, +5.734,+0.984
1630266540,+3.49,+30.069, +5.680,+0.984
1630266600,+3.49,+30.052, +5.641,+0.983
1630266660,+3.49,+30.061, +5.705,+0.983
1630266720,+3.49,+30.069, +5.734,+0.983
1630266780,+3.49,+30.087, +5.747,+0.984
1630266840,+3.49,+30.095, +5.784,+0.983
1630266900,+3.49,+30.069, +5.890,+0.984
1630266960,+3.49,+30.078, +5.793,+0.983
1630267020,+3.49,+30.104, +5.746,+0.983
1630267080,+3.49,+30.104, +5.705,+0.983
1630267140,+3.49,+30.087, +5.684,+0.983
1630267200,+3.49,+30.087, +5.811,+0.983
1630267260,+3.49,+30.104, +5.797,+0.984
1630267320,+3.49,+30.087, +5.744,+0.984
1630267380,+3.49,+30.078, +5.832,+0.983
1630267440,+3.49,+30.078, +5.852,+0.984
1630267500,+3.49,+30.069, +5.794,+0.984
1630267560,+3.49,+30.078, +5.731,+0.983
1630267620,+3.49,+30.078, +5.717,+0.984
1630267680,+3.49,+30.121, +5.851,+0.984
1630267740,+3.49,+30.113, +5.838,+0.984
1630267800,+3.49,+30.130, +5.787,+0.984
1630267860,+3.49,+30.113, +5.740,+0.983
1630267920,+3.49,+30.113, +5.700,+0.984
1630267980,+3.49,+30.130, +5.626,+0.983
1630268040,+3.49,+30.121, +5.600,+0.983
1630268100,+3.49,+30.138, +5.557,+0.983
1630268160,+3.49,+30.130, +5.531,+0.984
1630268220,+3.49,+30.130, +5.470,+0.984
1630268280,+3.49,+30.113, +5.454,+0.983
1630268340,+3.49,+30.138, +5.352,+0.983
1630268400,+3.49,+30.130, +5.292,+0.984
1630268460,+3.49,+30.130, +5.267,+0.984
1630268520,+3.49,+30.156, +5.289,+0.983
1630268580,+3.49,+30.164, +5.292,+0.983
1630268640,+3.49,+30.130, +5.345,+0.983
1630268700,+3.49,+30.130, +5.273,+0.983
1630268760,+3.49,+30.130, +5.146,+0.982
1630268820,+3.49,+30.121, +5.049,+0.983
1630268880,+3.49,+30.104, +5.022,+0.984
1630268940,+3.49,+30.104, +4.974,+0.983
1630269000,+3.49,+30.113, +4.981,+0.984
1630269060,+3.49,+30.121, +5.242,+0.984
1630269120,+3.49,+30.147, +5.661,+0.983
1630269180,+3.49,+30.130, +5.692,+0.984
1630269240,+3.49,+30.121, +5.610,+0.984
1630269300,+3.49,+30.121, +5.524,+0.983
1630269360,+3.49,+30.121, +5.447,+0.983
1630269420,+3.49,+30.130, +5.331,+0.983
1630269480,+3.49,+30.130, +5.235,+0.982
1630269540,+3.49,+30.121, +5.263,+0.983
1630269600,+3.49,+30.087, +5.396,+0.983
1630269660,+3.49,+30.104, +5.430,+0.983
1630269720,+3.49,+30.113, +5.796,+0.983
1630269780,+3.49,+30.121, +5.859,+0.984
1630269840,+3.49,+30.147, +5.882,+0.984
1630269900,+3.49,+30.130, +5.873,+0.984
1630269960,+3.49,+30.147, +5.829,+0.983
1630270020,+3.49,+30.156, +5.797,+0.984
1630270080,+3.49,+30.147, +5.743,+0.983
1630270140,+3.49,+30.147, +5.807,+0.984
1630270200,+3.49,+30.164, +5.799,+0.984
1630270260,+3.49,+30.156, +5.779,+0.984
1630270320,+3.49,+30.164, +5.756,+0.983
1630270380,+3.49,+30.182, +5.776,+0.984
1630270440,+3.49,+30.156, +5.809,+0.983
1630270500,+3.49,+30.164, +5.779,+0.983
1630270560,+3.49,+30.173, +5.761,+0.984
1630270620,+3.49,+30.173, +5.711,+0.983
1630270680,+3.49,+30.190, +5.631,+0.983
1630270740,+3.49,+30.147, +5.598,+0.983
1630270800,+3.49,+30.164, +5.502,+0.983
1630270860,+3.49,+30.173, +5.396,+0.983
1630270920,+3.49,+30.173, +5.298,+0.983
1630270980,+3.49,+30.173, +5.258,+0.983
1630271040,+3.49,+30.173, +5.133,+0.983
1630271100,+3.49,+30.173, +5.087,+0.984
1630271160,+3.49,+30.173, +5.044,+0.983
1630271220,+3.49,+30.173, +5.040,+0.984
1630271280,+3.49,+30.147, +5.037,+0.984
1630271340,+3.49,+30.156, +5.056,+0.983
1630271400,+3.49,+30.156, +5.082,+0.984
1630271460,+3.49,+30.147, +5.044,+0.983
1630271520,+3.49,+30.147, +5.037,+0.983
1630271580,+3.49,+30.164, +4.990,+0.983
1630271640,+3.49,+30.156, +4.970,+0.984
1630271700,+3.49,+30.147, +4.921,+0.984
1630271760,+3.49,+30.173, +4.926,+0.984
1630271820,+3.49,+30.164, +4.892,+0.983
1630271880,+3.49,+30.156, +4.898,+0.984
1630271940,+3.49,+30.156, +4.873,+0.983
1630272000,+3.49,+30.156, +4.841,+0.984
1630272060,+3.49,+30.173, +4.820,+0.983
1630272120,+3.49,+30.164, +4.816,+0.984
1630272180,+3.49,+30.130, +4.849,+0.984
1630272240,+3.49,+30.147, +4.923,+0.984
1630272300,+3.49,+30.147, +4.985,+0.984
1630272360,+3.49,+30.156, +5.004,+0.983
1630272420,+3.49,+30.147, +4.985,+0.984
1630272480,+3.49,+30.156, +4.982,+0.984
1630272540,+3.49,+30.147, +5.022,+0.983
1630272600,+3.49,+30.147, +5.034,+0.983
1630272660,+3.49,+30.121, +5.064,+0.984
1630272720,+3.49,+30.113, +5.182,+0.984
1630272780,+3.49,+30.113, +5.255,+0.984
1630272840,+3.49,+30.121, +5.236,+0.983
1630272900,+3.49,+30.138, +5.187,+0.983
1630272960,+3.49,+30.121, +5.174,+0.983
1630273020,+3.49,+30.147, +5.177,+0.984
1630273080,+3.49,+30.138, +5.299,+0.983
1630273140,+3.49,+30.147, +5.264,+0.983
1630273200,+3.49,+30.156, +5.248,+0.984
1630273260,+3.49,+30.182, +5.356,+0.983
1630273320,+3.49,+30.164, +5.501,+0.984
1630273380,+3.49,+30.173, +5.603,+0.984
1630273440,+3.49,+30.182, +5.588,+0.983
1630273500,+3.49,+30.199, +5.505,+0.983
1630273560,+3.49,+30.190, +5.476,+0.984
1630273620,+3.49,+30.199, +5.403,+0.984
1630273680,+3.49,+30.199, +5.407,+0.983
1630273740,+3.49,+30.199, +5.424,+0.984
1630273800,+3.49,+30.199, +5.399,+0.983
1630273860,+3.49,+30.190, +5.368,+0.983
1630273920,+3.49,+30.199, +5.379,+0.984
1630273980,+3.49,+30.182, +5.385,+0.984
1630274040,+3.49,+30.190, +5.306,+0.983
1630274100,+3.49,+30.208, +5.271,+0.984
1630274160,+3.49,+30.199, +5.286,+0.984
1630274220,+3.49,+30.208, +5.269,+0.983
1630274280,+3.49,+30.234, +5.304,+0.984
1630274340,+3.49,+30.216, +5.344,+0.983
1630274400,+3.49,+30.216, +5.455,+0.983
1630274460,+3.49,+30.234, +5.471,+0.983
1630274520,+3.49,+30.234, +5.456,+0.983
1630274580,+3.49,+30.234, +5.551,+0.984
1630274640,+3.49,+30.251, +5.591,+0.983
1630274700,+3.49,+30.242, +5.562,+0.983
1630274760,+3.48,+30.268, +5.549,+0.983
1630274820,+3.49,+30.268, +5.630,+0.984
1630274880,+3.49,+30.268, +5.719,+0.983
1630274940,+3.49,+30.251, +5.867,+0.984
1630275000,+3.49,+30.225, +5.814,+0.983
1630275060,+3.49,+30.234, +5.707,+0.983
1630275120,+3.49,+30.234, +5.641,+0.983
1630275180,+3.49,+30.242, +5.578,+0.983
1630275240,+3.49,+30.234, +5.527,+0.984
1630275300,+3.49,+30.234, +5.488,+0.984
1630275360,+3.49,+30.216, +5.525,+0.983
1630275420,+3.49,+30.234, +5.589,+0.983
1630275480,+3.49,+30.251, +5.616,+0.984
1630275540,+3.49,+30.242, +5.591,+0.983
1630275600,+3.49,+30.259, +5.518,+0.983
1630275660,+3.48,+30.268, +5.475,+0.984
1630275720,+3.48,+30.259, +5.415,+0.983
1630275780,+3.49,+30.259, +5.698,+0.984
1630275840,+3.49,+30.268, +5.880,+0.983
1630275900,+3.49,+30.277, +5.891,+0.984
1630275960,+3.49,+30.268, +5.863,+0.983
1630276020,+3.49,+30.251, +5.851,+0.984
1630276080,+3.49,+30.277, +5.799,+0.983
1630276140,+3.49,+30.259, +5.738,+0.983
1630276200,+3.49,+30.277, +5.694,+0.983
1630276260,+3.49,+30.294, +5.644,+0.983
1630276320,+3.49,+30.285, +5.581,+0.983
1630276380,+3.49,+30.294, +5.561,+0.983
1630276440,+3.49,+30.285, +5.636,+0.983
1630276500,+3.49,+30.285, +5.682,+0.984
1630276560,+3.49,+30.320, +5.652,+0.983
1630276620,+3.48,+30.320, +5.597,+0.983
1630276680,+3.49,+30.277, +5.881,+0.983
1630276740,+3.49,+30.294, +5.874,+0.984
1630276800,+3.48,+30.320, +5.928,+0.983
1630276860,+3.49,+30.303, +6.032,+0.983
1630276920,+3.49,+30.303, +6.047,+0.984
1630276980,+3.49,+30.311, +6.094,+0.983
1630277040,+3.49,+30.303, +6.243,+0.983
1630277100,+3.49,+30.303, +6.203,+0.983
1630277160,+3.49,+30.303, +6.173,+0.983
1630277220,+3.49,+30.285, +6.092,+0.984
1630277280,+3.49,+30.294, +6.033,+0.983
1630277340,+3.49,+30.277, +5.896,+0.983
1630277400,+3.49,+30.277, +5.793,+0.984
1630277460,+3.49,+30.251, +5.752,+0.983
1630277520,+3.49,+30.251, +5.770,+0.984
1630277580,+3.49,+30.242, +5.724,+0.983
1630277640,+3.49,+30.242, +5.645,+0.983
1630277700,+3.49,+30.259, +5.586,+0.984
1630277760,+3.49,+30.259, +5.580,+0.984
1630277820,+3.49,+30.242, +5.551,+0.983
1630277880,+3.49,+30.259, +5.510,+0.983
1630277940,+3.49,+30.259, +5.532,+0.984
1630278000,+3.49,+30.259, +5.569,+0.983
1630278060,+3.49,+30.251, +5.727,+0.984
1630278120,+3.49,+30.242, +5.733,+0.983
1630278180,+3.49,+30.242, +5.705,+0.983
1630278240,+3.49,+30.225, +5.707,+0.983
1630278300,+3.49,+30.234, +5.710,+0.983
1630278360,+3.49,+30.242, +5.638,+0.983
1630278420,+3.49,+30.234, +5.534,+0.983
1630278480,+3.49,+30.251, +5.428,+0.984
1630278540,+3.49,+30.259, +5.424,+0.983
1630278600,+3.49,+30.259, +5.450,+0.983
1630278660,+3.49,+30.259, +5.494,+0.983
1630278720,+3.49,+30.268, +5.508,+0.983
1630278780,+3.49,+30.268, +5.573,+0.983
1630278840,+3.49,+30.277, +5.665,+0.984
1630278900,+3.49,+30.294, +5.697,+0.984
1630278960,+3.49,+30.294, +5.784,+0.983
1630279020,+3.49,+30.285, +5.950,+0.983
1630279080,+3.49,+30.268, +6.033,+0.983
1630279140,+3.49,+30.277, +6.005,+0.983
1630279200,+3.49,+30.268, +5.838,+0.983
1630279260,+3.49,+30.268, +5.785,+0.983
1630279320,+3.49,+30.277, +5.798,+0.983
1630279380,+3.49,+30.277, +5.854,+0.983
1630279440,+3.49,+30.277, +5.823,+0.984
1630279500,+3.49,+30.268, +5.793,+0.983
1630279560,+3.49,+30.268, +5.745,+0.983
1630279620,+3.49,+30.277, +5.722,+0.983
1630279680,+3.49,+30.277, +5.859,+0.983
1630279740,+3.49,+30.285, +5.843,+0.983
1630279800,+3.49,+30.277, +5.894,+0.984
1630279860,+3.49,+30.294, +5.877,+0.983
1630279920,+3.49,+30.303, +5.878,+0.984
1630279980,+3.49,+30.294, +5.895,+0.983
1630280040,+3.49,+30.268, +5.810,+0.983
1630280100,+3.49,+30.277, +5.693,+0.983
1630280160,+3.49,+30.294, +5.618,+0.983
1630280220,+3.49,+30.303, +5.556,+0.984
1630280280,+3.49,+30.320, +5.579,+0.983
1630280340,+3.49,+30.311, +5.640,+0.983
1630280400,+3.49,+30.346, +5.664,+0.983
1630280460,+3.49,+30.320, +5.873,+0.983
1630280520,+3.49,+30.329, +6.048,+0.983
1630280580,+3.48,+30.346, +6.137,+0.984
1630280640,+3.48,+30.346, +6.215,+0.983
1630280700,+3.49,+30.346, +6.187,+0.983
1630280760,+3.48,+30.337, +6.188,+0.984
1630280820,+3.48,+30.346, +6.172,+0.983
1630280880,+3.48,+30.355, +6.151,+0.983
1630280940,+3.48,+30.355, +6.105,+0.983
1630281000,+3.49,+30.337, +6.144,+0.983
1630281060,+3.48,+30.355, +6.103,+0.983
1630281120,+3.48,+30.355, +6.295,+0.984
1630281180,+3.48,+30.355, +6.543,+0.983
1630281240,+3.48,+30.355, +6.591,+0.984
1630281300,+3.48,+30.372, +6.594,+0.983
1630281360,+3.48,+30.346, +6.667,+0.984
1630281420,+3.48,+30.363, +6.732,+0.983
1630281480,+3.48,+30.363, +6.652,+0.982
1630281540,+3.48,+30.355, +6.558,+0.983
1630281600,+3.48,+30.372, +6.466,+0.983
1630281660,+3.48,+30.372, +6.632,+0.983
1630281720,+3.48,+30.363, +6.931,+0.984
1630281780,+3.48,+30.372, +7.025,+0.983
1630281840,+3.48,+30.363, +7.074,+0.983
1630281900,+3.48,+30.372, +7.069,+0.983
1630281960,+3.48,+30.380, +7.083,+0.984
1630282020,+3.48,+30.398, +7.113,+0.983
1630282080,+3.48,+30.406, +7.144,+0.983
1630282140,+3.48,+30.406, +7.131,+0.984
1630282200,+3.48,+30.398, +7.008,+0.983
1630282260,+3.48,+30.398, +6.901,+0.983
1630282320,+3.48,+30.406, +6.932,+0.983
1630282380,+3.48,+30.415, +6.933,+0.983
1630282440,+3.48,+30.398, +6.965,+0.983
1630282500,+3.48,+30.415, +6.992,+0.983
1630282560,+3.48,+30.415, +8.160,+0.983
1630282620,+3.48,+30.406, +8.911,+0.984
1630282680,+3.48,+30.432, +9.912,+0.984
1630282740,+3.48,+30.450,+11.116,+0.985
1630282800,+3.48,+30.441,+11.535,+0.984
1630282860,+3.48,+30.441,+11.490,+0.985
1630282920,+3.48,+30.432,+11.222,+0.985
1630282980,+3.48,+30.424,+10.629,+0.983
1630283040,+3.48,+30.406, +9.867,+0.983
1630283100,+3.48,+30.415, +9.452,+0.983
1630283160,+3.48,+30.389, +9.083,+0.983
1630283220,+3.48,+30.424, +8.904,+0.984
1630283280,+3.48,+30.441, +8.996,+0.984
1630283340,+3.48,+30.458, +9.292,+0.983
1630283400,+3.48,+30.450, +9.467,+0.984
1630283460,+3.48,+30.424, +9.798,+0.984
1630283520,+3.48,+30.424, +9.536,+0.984
1630283580,+3.48,+30.398, +9.456,+0.984
1630283640,+3.48,+30.389, +9.266,+0.983
1630283700,+3.48,+30.415, +9.037,+0.983
1630283760,+3.48,+30.406, +8.976,+0.984
1630283820,+3.48,+30.398, +9.104,+0.984
1630283880,+3.48,+30.398, +9.127,+0.984
1630283940,+3.48,+30.398, +9.142,+0.984
1630284000,+3.48,+30.363, +9.066,+0.984
1630284060,+3.48,+30.398, +9.055,+0.983
1630284120,+3.49,+30.355, +8.984,+0.983
1630284180,+3.49,+30.346, +9.662,+0.983
1630284240,+3.49,+30.355,+10.103,+0.984
1630284300,+3.49,+30.363,+10.615,+0.985
1630284360,+3.49,+30.355,+10.974,+0.983
1630284420,+3.48,+30.380,+11.037,+0.985
1630284480,+3.48,+30.355,+10.695,+0.984
1630284540,+3.49,+30.329,+10.278,+0.983
1630284600,+3.49,+30.346, +9.927,+0.984
1630284660,+3.49,+30.346, +9.661,+0.984
1630284720,+3.49,+30.337, +9.353,+0.983
1630284780,+3.49,+30.337, +9.174,+0.985
1630284840,+3.49,+30.346, +8.956,+0.983
1630284900,+3.49,+30.355, +8.632,+0.983
1630284960,+3.49,+30.355, +8.774,+0.983
1630285020,+3.49,+30.355,+10.684,+0.985
1630285080,+3.49,+30.355,+11.838,+0.984
1630285140,+3.49,+30.355,+12.405,+0.986
1630285200,+3.49,+30.355,+12.449,+0.984
1630285260,+3.49,+30.337,+12.283,+0.987
1630285320,+3.49,+30.329,+12.088,+0.986
1630285380,+3.49,+30.329,+12.397,+0.985
1630285440,+3.49,+30.329,+12.616,+0.986
1630285500,+3.49,+30.337,+12.756,+0.985
1630285560,+3.49,+30.329,+13.102,+0.985
1630285620,+3.49,+30.337,+13.187,+0.984
1630285680,+3.49,+30.329,+13.513,+0.986
1630285740,+3.49,+30.294,+13.552,+0.987
