7450-387970
OS REV: 1.05 Sensor Cal: 1615486469
Time (sec),  BV (Volts),  T (deg C),  DO (mg/l),  Q ()
1630804200,+3.49,+33.786,+11.686,+0.979
1630804260,+3.49,+33.768,+11.610,+0.979
1630804320,+3.49,+33.750,+11.522,+0.979
1630804380,+3.49,+33.768,+11.359,+0.978
1630804440,+3.49,+33.768,+11.355,+0.980
1630804500,+3.49,+33.795,+11.403,+0.979
1630804560,+3.49,+33.786,+11.408,+0.978
1630804620,+3.49,+33.777,+11.425,+0.979
1630804680,+3.49,+33.812,+11.944,+0.978
1630804740,+3.49,+33.777,+12.467,+0.978
1630804800,+3.49,+33.786,+12.411,+0.980
1630804860,+3.49,+33.777,+12.308,+0.980
1630804920,+3.49,+33.759,+12.228,+0.978
1630804980,+3.49,+33.768,+12.195,+0.978
1630805040,+3.49,+33.759,+12.194,+0.978
1630805100,+3.49,+33.750,+12.120,+0.979
1630805160,+3.49,+33.750,+11.953,+0.980
1630805220,+3.49,+33.733,+11.818,+0.980
1630805280,+3.49,+33.724,+11.793,+0.980
1630805340,+3.49,+33.724,+11.803,+0.980
1630805400,+3.49,+33.697,+11.995,+0.980
1630805460,+3.49,+33.706,+12.064,+0.980
1630805520,+3.49,+33.671,+11.984,+0.980
1630805580,+3.49,+33.697,+12.183,+0.978
1630805640,+3.49,+33.671,+12.526,+0.979
1630805700,+3.49,+33.653,+12.775,+0.980
1630805760,+3.49,+33.653,+12.632,+0.980
1630805820,+3.49,+33.635,+12.477,+0.981
1630805880,+3.49,+33.635,+12.525,+0.980
1630805940,+3.49,+33.626,+12.581,+0.980
1630806000,+3.49,+33.618,+12.663,+0.981
1630806060,+3.49,+33.618,+12.794,+0.980
1630806120,+3.49,+33.635,+12.845,+0.980
1630806180,+3.49,+33.609,+12.724,+0.980
1630806240,+3.49,+33.609,+12.578,+0.981
1630806300,+3.49,+33.591,+12.310,+0.979
1630806360,+3.49,+33.573,+12.144,+0.979
1630806420,+3.49,+33.556,+12.176,+0.980
1630806480,+3.49,+33.573,+12.158,+0.979
1630806540,+3.49,+33.564,+12.153,+0.980
1630806600,+3.49,+33.547,+12.032,+0.981
1630806660,+3.49,+33.520,+11.988,+0.978
1630806720,+3.49,+33.529,+12.167,+0.980
1630806780,+3.49,+33.511,+12.197,+0.981
1630806840,+3.49,+33.503,+12.296,+0.981
1630806900,+3.49,+33.485,+12.416,+0.980
1630806960,+3.49,+33.485,+12.562,+0.981
1630807020,+3.49,+33.476,+12.544,+0.980
1630807080,+3.49,+33.458,+12.601,+0.981
1630807140,+3.49,+33.458,+12.583,+0.980
1630807200,+3.49,+33.441,+12.464,+0.982
1630807260,+3.49,+33.441,+12.371,+0.981
1630807320,+3.49,+33.432,+12.409,+0.981
1630807380,+3.49,+33.405,+12.390,+0.980
1630807440,+3.49,+33.405,+12.454,+0.981
1630807500,+3.49,+33.388,+12.455,+0.981
1630807560,+3.49,+33.396,+12.317,+0.980
1630807620,+3.49,+33.370,+12.309,+0.982
1630807680,+3.49,+33.379,+12.315,+0.981
1630807740,+3.49,+33.343,+12.313,+0.982
1630807800,+3.49,+33.343,+12.275,+0.982
1630807860,+3.49,+33.343,+12.304,+0.982
1630807920,+3.49,+33.317,+12.386,+0.980
1630807980,+3.50,+33.326,+12.522,+0.980
1630808040,+3.49,+33.299,+12.585,+0.979
1630808100,+3.49,+33.282,+12.591,+0.980
1630808160,+3.49,+33.264,+12.515,+0.981
1630808220,+3.50,+33.273,+12.378,+0.980
1630808280,+3.50,+33.282,+12.293,+0.980
1630808340,+3.50,+33.255,+12.362,+0.980
1630808400,+3.49,+33.237,+12.331,+0.981
1630808460,+3.49,+33.237,+12.282,+0.981
1630808520,+3.49,+33.220,+12.237,+0.981
1630808580,+3.50,+33.211,+12.154,+0.981
1630808640,+3.50,+33.202,+12.163,+0.982
1630808700,+3.50,+33.202,+12.039,+0.981
1630808760,+3.50,+33.176,+11.930,+0.981
1630808820,+3.49,+33.167,+11.942,+0.980
1630808880,+3.50,+33.167,+12.021,+0.982
1630808940,+3.49,+33.158,+12.006,+0.981
1630809000,+3.49,+33.140,+11.986,+0.980
1630809060,+3.49,+33.132,+12.016,+0.980
1630809120,+3.49,+33.132,+12.088,+0.982
1630809180,+3.49,+33.114,+12.095,+0.982
1630809240,+3.49,+33.105,+11.989,+0.981
1630809300,+3.49,+33.105,+11.944,+0.981
1630809360,+3.49,+33.087,+11.937,+0.980
1630809420,+3.49,+33.087,+12.004,+0.981
1630809480,+3.49,+33.079,+11.994,+0.981
1630809540,+3.49,+33.087,+11.988,+0.982
1630809600,+3.49,+33.061,+11.915,+0.981
1630809660,+3.49,+33.043,+12.004,+0.981
1630809720,+3.49,+33.043,+11.981,+0.981
1630809780,+3.49,+33.043,+11.877,+0.981
1630809840,+3.49,+33.017,+11.752,+0.981
1630809900,+3.49,+33.008,+11.659,+0.982
1630809960,+3.49,+32.999,+11.606,+0.981
1630810020,+3.49,+32.991,+11.691,+0.981
1630810080,+3.49,+32.991,+11.769,+0.981
1630810140,+3.49,+32.973,+11.769,+0.982
1630810200,+3.49,+32.973,+11.783,+0.981
1630810260,+3.49,+32.946,+11.745,+0.981
1630810320,+3.49,+32.955,+11.796,+0.980
1630810380,+3.49,+32.946,+11.776,+0.981
1630810440,+3.49,+32.929,+11.737,+0.982
1630810500,+3.49,+32.920,+11.553,+0.981
1630810560,+3.49,+32.911,+11.517,+0.981
1630810620,+3.49,+32.911,+11.603,+0.981
1630810680,+3.49,+32.885,+11.706,+0.983
1630810740,+3.49,+32.876,+11.706,+0.982
1630810800,+3.49,+32.867,+11.693,+0.981
1630810860,+3.49,+32.858,+11.696,+0.982
1630810920,+3.49,+32.867,+11.684,+0.981
1630810980,+3.49,+32.858,+11.598,+0.981
1630811040,+3.49,+32.823,+11.500,+0.981
1630811100,+3.49,+32.814,+11.413,+0.982
1630811160,+3.49,+32.814,+11.336,+0.982
1630811220,+3.49,+32.806,+11.344,+0.983
1630811280,+3.49,+32.770,+11.358,+0.983
1630811340,+3.49,+32.797,+11.336,+0.981
1630811400,+3.49,+32.788,+11.418,+0.982
1630811460,+3.49,+32.779,+11.440,+0.982
1630811520,+3.49,+32.762,+11.483,+0.982
1630811580,+3.49,+32.744,+11.501,+0.982
1630811640,+3.49,+32.726,+11.431,+0.982
1630811700,+3.49,+32.726,+11.404,+0.982
1630811760,+3.49,+32.735,+11.422,+0.982
1630811820,+3.49,+32.735,+11.434,+0.980
1630811880,+3.49,+32.700,+11.543,+0.983
1630811940,+3.49,+32.709,+11.471,+0.982
1630812000,+3.49,+32.691,+11.502,+0.982
1630812060,+3.49,+32.665,+11.495,+0.982
1630812120,+3.49,+32.674,+11.443,+0.982
1630812180,+3.49,+32.665,+11.407,+0.982
1630812240,+3.49,+32.647,+11.335,+0.981
1630812300,+3.49,+32.647,+11.264,+0.982
1630812360,+3.49,+32.647,+11.237,+0.982
1630812420,+3.49,+32.639,+11.185,+0.982
1630812480,+3.49,+32.630,+11.102,+0.982
1630812540,+3.49,+32.612,+11.034,+0.981
1630812600,+3.49,+32.586,+10.984,+0.981
1630812660,+3.49,+32.603,+11.021,+0.982
1630812720,+3.49,+32.586,+10.971,+0.981
1630812780,+3.49,+32.568,+11.018,+0.982
1630812840,+3.49,+32.559,+10.975,+0.982
1630812900,+3.49,+32.542,+10.950,+0.982
1630812960,+3.49,+32.559,+10.793,+0.981
1630813020,+3.49,+32.551,+10.736,+0.982
1630813080,+3.49,+32.524,+10.910,+0.982
1630813140,+3.49,+32.507,+10.966,+0.982
1630813200,+3.49,+32.507,+10.920,+0.982
1630813260,+3.49,+32.507,+10.832,+0.981
1630813320,+3.49,+32.489,+10.772,+0.982
1630813380,+3.49,+32.489,+10.698,+0.981
1630813440,+3.49,+32.498,+10.581,+0.981
1630813500,+3.49,+32.463,+10.549,+0.981
1630813560,+3.49,+32.463,+10.585,+0.982
1630813620,+3.49,+32.463,+10.579,+0.982
1630813680,+3.49,+32.454,+10.523,+0.982
1630813740,+3.49,+32.445,+10.506,+0.981
1630813800,+3.49,+32.445,+10.618,+0.982
1630813860,+3.49,+32.437,+11.365,+0.982
1630813920,+3.49,+32.410,+11.580,+0.982
1630813980,+3.49,+32.419,+11.698,+0.982
1630814040,+3.49,+32.410,+11.660,+0.984
1630814100,+3.49,+32.401,+11.406,+0.983
1630814160,+3.49,+32.384,+11.190,+0.983
1630814220,+3.50,+32.384,+11.066,+0.983
1630814280,+3.49,+32.358,+10.830,+0.982
1630814340,+3.49,+32.366,+10.546,+0.982
1630814400,+3.49,+32.358,+10.253,+0.981
1630814460,+3.49,+32.366,+10.087,+0.981
1630814520,+3.49,+32.340,+10.024,+0.981
1630814580,+3.49,+32.331,+10.158,+0.982
1630814640,+3.50,+32.340,+10.139,+0.982
1630814700,+3.50,+32.314,+10.199,+0.982
1630814760,+3.50,+32.323,+10.392,+0.983
1630814820,+3.50,+32.314,+10.360,+0.982
1630814880,+3.50,+32.296,+10.449,+0.981
1630814940,+3.50,+32.287,+10.519,+0.982
1630815000,+3.50,+32.279,+10.472,+0.982
1630815060,+3.50,+32.296,+10.318,+0.981
1630815120,+3.50,+32.279,+10.224,+0.982
1630815180,+3.50,+32.270,+10.175,+0.981
1630815240,+3.50,+32.252,+10.114,+0.983
1630815300,+3.50,+32.252,+10.054,+0.982
1630815360,+3.50,+32.244,+10.083,+0.981
1630815420,+3.50,+32.235,+10.096,+0.982
1630815480,+3.50,+32.235,+10.053,+0.983
1630815540,+3.50,+32.226,+10.057,+0.981
1630815600,+3.50,+32.217, +9.966,+0.982
1630815660,+3.50,+32.217, +9.925,+0.981
1630815720,+3.50,+32.182,+10.020,+0.981
1630815780,+3.50,+32.174,+10.042,+0.983
1630815840,+3.50,+32.200,+10.022,+0.982
1630815900,+3.50,+32.191,+10.081,+0.981
1630815960,+3.50,+32.165,+10.086,+0.982
1630816020,+3.50,+32.165,+10.057,+0.982
1630816080,+3.50,+32.165, +9.983,+0.982
1630816140,+3.50,+32.147, +9.946,+0.982
1630816200,+3.50,+32.139, +9.882,+0.983
1630816260,+3.50,+32.147, +9.837,+0.981
1630816320,+3.50,+32.139, +9.773,+0.982
1630816380,+3.50,+32.147, +9.730,+0.982
1630816440,+3.50,+32.130, +9.837,+0.983
1630816500,+3.50,+32.121, +9.909,+0.982
1630816560,+3.50,+32.130, +9.929,+0.983
1630816620,+3.50,+32.112, +9.920,+0.982
1630816680,+3.50,+32.095, +9.849,+0.982
1630816740,+3.50,+32.103, +9.724,+0.982
1630816800,+3.50,+32.086, +9.679,+0.983
1630816860,+3.50,+32.086, +9.610,+0.981
1630816920,+3.50,+32.077, +9.567,+0.982
1630816980,+3.50,+32.060, +9.527,+0.982
1630817040,+3.50,+32.051, +9.471,+0.981
1630817100,+3.50,+32.060, +9.518,+0.981
1630817160,+3.50,+32.068, +9.442,+0.982
1630817220,+3.50,+32.033, +9.456,+0.981
1630817280,+3.50,+32.033, +9.455,+0.982
1630817340,+3.50,+32.042, +9.464,+0.981
1630817400,+3.49,+32.042, +9.540,+0.982
1630817460,+3.49,+32.016, +9.512,+0.981
1630817520,+3.49,+32.007, +9.459,+0.981
1630817580,+3.49,+31.981, +9.457,+0.982
1630817640,+3.49,+31.998, +9.275,+0.982
1630817700,+3.49,+31.990, +9.261,+0.982
1630817760,+3.49,+31.990, +9.407,+0.981
1630817820,+3.49,+31.981, +9.396,+0.982
1630817880,+3.49,+31.990, +9.298,+0.981
1630817940,+3.49,+31.972, +9.222,+0.982
1630818000,+3.49,+31.955, +9.141,+0.982
1630818060,+3.49,+31.946, +9.125,+0.982
1630818120,+3.49,+31.937, +9.210,+0.981
1630818180,+3.49,+31.937, +9.298,+0.982
1630818240,+3.49,+31.928, +9.281,+0.982
1630818300,+3.49,+31.920, +9.372,+0.981
1630818360,+3.49,+31.911, +9.377,+0.982
1630818420,+3.49,+31.928, +9.296,+0.983
1630818480,+3.49,+31.902, +9.200,+0.981
1630818540,+3.49,+31.894, +8.985,+0.981
1630818600,+3.49,+31.885, +8.922,+0.981
1630818660,+3.49,+31.876, +8.784,+0.982
1630818720,+3.49,+31.859, +8.814,+0.982
1630818780,+3.49,+31.876, +8.798,+0.981
1630818840,+3.49,+31.867, +8.857,+0.981
1630818900,+3.49,+31.841, +9.057,+0.982
1630818960,+3.49,+31.841, +9.126,+0.982
1630819020,+3.49,+31.815, +9.256,+0.983
1630819080,+3.49,+31.832, +9.128,+0.982
1630819140,+3.49,+31.832, +8.920,+0.982
1630819200,+3.49,+31.824, +8.834,+0.983
1630819260,+3.49,+31.806, +8.842,+0.982
1630819320,+3.49,+31.806, +8.757,+0.983
1630819380,+3.49,+31.806, +8.728,+0.983
1630819440,+3.49,+31.806, +8.554,+0.983
1630819500,+3.49,+31.780, +8.315,+0.982
1630819560,+3.49,+31.789, +8.154,+0.982
1630819620,+3.49,+31.780, +8.202,+0.981
1630819680,+3.49,+31.771, +8.151,+0.982
1630819740,+3.49,+31.762, +8.004,+0.980
1630819800,+3.49,+31.771, +8.156,+0.980
1630819860,+3.49,+31.754, +8.103,+0.981
1630819920,+3.49,+31.745, +8.160,+0.982
1630819980,+3.49,+31.736, +8.015,+0.981
1630820040,+3.49,+31.710, +8.036,+0.980
1630820100,+3.49,+31.736, +7.795,+0.980
1630820160,+3.49,+31.710, +7.688,+0.979
1630820220,+3.49,+31.701, +7.452,+0.978
1630820280,+3.49,+31.710, +7.200,+0.979
1630820340,+3.49,+31.701, +7.173,+0.978
1630820400,+3.49,+31.693, +7.393,+0.978
1630820460,+3.49,+31.675, +7.679,+0.979
1630820520,+3.49,+31.675, +8.530,+0.979
1630820580,+3.49,+31.658, +8.574,+0.980
1630820640,+3.49,+31.666, +8.490,+0.980
1630820700,+3.49,+31.649, +8.742,+0.981
1630820760,+3.49,+31.632, +8.636,+0.981
1630820820,+3.49,+31.640, +8.480,+0.982
1630820880,+3.49,+31.632, +8.334,+0.982
1630820940,+3.49,+31.623, +8.275,+0.981
1630821000,+3.49,+31.614, +8.076,+0.983
1630821060,+3.49,+31.605, +7.938,+0.982
1630821120,+3.49,+31.605, +7.886,+0.982
1630821180,+3.49,+31.605, +7.839,+0.980
1630821240,+3.49,+31.588, +7.939,+0.981
1630821300,+3.49,+31.597, +7.916,+0.982
1630821360,+3.49,+31.597, +7.701,+0.981
1630821420,+3.49,+31.579, +7.694,+0.981
1630821480,+3.49,+31.570, +7.831,+0.980
1630821540,+3.49,+31.562, +7.868,+0.980
1630821600,+3.49,+31.562, +7.759,+0.981
1630821660,+3.49,+31.544, +7.636,+0.979
1630821720,+3.49,+31.562, +7.400,+0.981
1630821780,+3.49,+31.544, +7.049,+0.980
1630821840,+3.49,+31.544, +6.895,+0.980
1630821900,+3.49,+31.518, +6.749,+0.980
1630821960,+3.49,+31.518, +6.651,+0.981
1630822020,+3.49,+31.544, +6.326,+0.981
1630822080,+3.49,+31.527, +6.154,+0.980
1630822140,+3.49,+31.527, +6.169,+0.980
1630822200,+3.49,+31.518, +6.334,+0.979
1630822260,+3.49,+31.501, +6.346,+0.978
1630822320,+3.49,+31.492, +6.068,+0.975
1630822380,+3.49,+31.492, +5.862,+0.974
1630822440,+3.49,+31.483, +6.224,+0.975
1630822500,+3.49,+31.483, +6.621,+0.974
1630822560,+3.49,+31.475, +6.501,+0.975
1630822620,+3.49,+31.466, +6.047,+0.974
1630822680,+3.49,+31.457, +6.108,+0.975
1630822740,+3.49,+31.466, +6.265,+0.976
1630822800,+3.49,+31.457, +6.408,+0.976
1630822860,+3.49,+31.466, +6.371,+0.974
1630822920,+3.49,+31.448, +6.183,+0.974
1630822980,+3.49,+31.448, +5.717,+0.971
1630823040,+3.49,+31.431, +5.340,+0.970
1630823100,+3.49,+31.431, +5.352,+0.974
1630823160,+3.49,+31.431, +5.641,+0.975
1630823220,+3.49,+31.431, +5.730,+0.978
1630823280,+3.49,+31.422, +5.732,+0.980
1630823340,+3.49,+31.414, +5.735,+0.980
1630823400,+3.49,+31.405, +6.014,+0.978
1630823460,+3.49,+31.379, +6.125,+0.976
1630823520,+3.49,+31.396, +6.089,+0.975
1630823580,+3.49,+31.370, +6.085,+0.974
1630823640,+3.49,+31.379, +6.082,+0.974
1630823700,+3.49,+31.353, +5.927,+0.974
1630823760,+3.49,+31.361, +5.972,+0.972
1630823820,+3.49,+31.344, +5.800,+0.973
1630823880,+3.49,+31.344, +5.885,+0.973
1630823940,+3.49,+31.326, +5.688,+0.974
1630824000,+3.49,+31.335, +5.508,+0.975
1630824060,+3.49,+31.335, +5.268,+0.978
1630824120,+3.49,+31.335, +4.918,+0.979
1630824180,+3.49,+31.344, +4.737,+0.976
1630824240,+3.49,+31.326, +4.611,+0.978
1630824300,+3.49,+31.326, +4.757,+0.978
1630824360,+3.49,+31.318, +4.807,+0.980
1630824420,+3.49,+31.309, +4.830,+0.979
1630824480,+3.49,+31.309, +4.733,+0.978
1630824540,+3.49,+31.300, +4.347,+0.978
1630824600,+3.49,+31.292, +3.962,+0.976
1630824660,+3.49,+31.283, +4.049,+0.978
1630824720,+3.49,+31.274, +4.101,+0.978
1630824780,+3.49,+31.266, +4.260,+0.977
1630824840,+3.49,+31.257, +4.141,+0.974
1630824900,+3.49,+31.266, +4.028,+0.972
1630824960,+3.49,+31.266, +3.975,+0.974
1630825020,+3.49,+31.248, +3.889,+0.974
1630825080,+3.49,+31.248, +4.227,+0.970
1630825140,+3.49,+31.248, +4.488,+0.970
1630825200,+3.49,+31.231, +4.565,+0.968
1630825260,+3.49,+31.231, +4.364,+0.969
1630825320,+3.49,+31.231, +3.933,+0.963
1630825380,+3.49,+31.213, +3.902,+0.969
1630825440,+3.49,+31.222, +4.118,+0.973
1630825500,+3.49,+31.213, +4.151,+0.973
1630825560,+3.49,+31.187, +4.221,+0.975
1630825620,+3.49,+31.187, +4.442,+0.973
1630825680,+3.49,+31.179, +4.579,+0.972
1630825740,+3.49,+31.170, +4.473,+0.975
1630825800,+3.50,+31.161, +4.513,+0.974
1630825860,+3.49,+31.170, +4.570,+0.977
1630825920,+3.49,+31.161, +4.510,+0.973
1630825980,+3.49,+31.161, +4.733,+0.969
1630826040,+3.49,+31.161, +4.709,+0.963
1630826100,+3.49,+31.161, +4.987,+0.965
1630826160,+3.49,+31.144, +5.193,+0.968
1630826220,+3.49,+31.135, +5.461,+0.967
1630826280,+3.49,+31.126, +5.657,+0.970
1630826340,+3.49,+31.135, +6.004,+0.970
1630826400,+3.49,+31.118, +5.888,+0.972
1630826460,+3.49,+31.118, +5.592,+0.974
1630826520,+3.50,+31.118, +5.524,+0.975
1630826580,+3.50,+31.109, +5.240,+0.977
1630826640,+3.49,+31.100, +5.295,+0.978
1630826700,+3.49,+31.092, +5.213,+0.978
1630826760,+3.49,+31.100, +5.214,+0.979
1630826820,+3.49,+31.083, +5.116,+0.977
1630826880,+3.50,+31.100, +5.168,+0.978
1630826940,+3.49,+31.092, +5.074,+0.977
1630827000,+3.49,+31.083, +4.909,+0.977
1630827060,+3.49,+31.083, +4.683,+0.979
1630827120,+3.49,+31.083, +4.530,+0.977
1630827180,+3.49,+31.074, +4.442,+0.976
1630827240,+3.49,+31.083, +4.469,+0.976
1630827300,+3.50,+31.057, +4.445,+0.976
1630827360,+3.49,+31.065, +4.371,+0.976
1630827420,+3.50,+31.065, +4.380,+0.976
1630827480,+3.49,+31.048, +4.674,+0.976
1630827540,+3.49,+31.048, +4.811,+0.971
1630827600,+3.49,+31.039, +4.438,+0.965
1630827660,+3.49,+31.039, +4.483,+0.959
1630827720,+3.50,+31.022, +4.727,+0.963
1630827780,+3.49,+31.031, +4.911,+0.969
1630827840,+3.49,+31.022, +4.889,+0.971
1630827900,+3.50,+31.005, +5.074,+0.974
1630827960,+3.50,+31.013, +5.029,+0.977
1630828020,+3.49,+31.005, +5.135,+0.975
1630828080,+3.49,+31.005, +5.084,+0.974
1630828140,+3.49,+30.996, +5.081,+0.977
1630828200,+3.49,+30.987, +5.115,+0.976
1630828260,+3.49,+30.987, +5.300,+0.975
1630828320,+3.50,+30.987, +5.302,+0.975
1630828380,+3.49,+30.996, +5.497,+0.975
1630828440,+3.49,+30.970, +5.628,+0.975
1630828500,+3.49,+30.953, +5.715,+0.976
1630828560,+3.50,+30.970, +5.786,+0.977
1630828620,+3.49,+30.953, +5.810,+0.979
1630828680,+3.49,+30.961, +5.734,+0.980
1630828740,+3.50,+30.944, +5.504,+0.980
1630828800,+3.49,+30.944, +5.285,+0.980
1630828860,+3.49,+30.944, +5.259,+0.979
1630828920,+3.49,+30.935, +5.131,+0.979
1630828980,+3.49,+30.944, +5.119,+0.979
1630829040,+3.49,+30.927, +5.255,+0.978
1630829100,+3.49,+30.927, +5.229,+0.978
1630829160,+3.49,+30.909, +5.094,+0.978
1630829220,+3.49,+30.918, +4.958,+0.978
1630829280,+3.49,+30.927, +4.800,+0.979
1630829340,+3.49,+30.909, +4.718,+0.980
1630829400,+3.49,+30.909, +4.611,+0.979
1630829460,+3.49,+30.909, +4.783,+0.976
1630829520,+3.49,+30.935, +5.163,+0.973
1630829580,+3.49,+30.909, +5.806,+0.970
1630829640,+3.49,+30.918, +5.588,+0.974
1630829700,+3.49,+30.900, +5.521,+0.978
1630829760,+3.49,+30.900, +5.379,+0.979
1630829820,+3.49,+30.900, +5.322,+0.977
1630829880,+3.49,+30.883, +5.201,+0.977
1630829940,+3.49,+30.883, +5.279,+0.977
1630830000,+3.49,+30.883, +5.209,+0.975
1630830060,+3.49,+30.883, +5.297,+0.971
1630830120,+3.49,+30.874, +5.478,+0.970
1630830180,+3.49,+30.874, +5.510,+0.974
1630830240,+3.49,+30.866, +5.264,+0.975
1630830300,+3.49,+30.857, +4.991,+0.976
1630830360,+3.49,+30.866, +5.233,+0.973
1630830420,+3.49,+30.857, +6.093,+0.975
1630830480,+3.49,+30.874, +6.201,+0.976
1630830540,+3.49,+30.857, +6.472,+0.975
1630830600,+3.49,+30.840, +6.690,+0.975
1630830660,+3.49,+30.848, +6.699,+0.976
1630830720,+3.49,+30.848, +6.545,+0.977
1630830780,+3.49,+30.840, +6.751,+0.978
1630830840,+3.49,+30.831, +6.914,+0.978
1630830900,+3.49,+30.840, +6.549,+0.979
1630830960,+3.49,+30.831, +5.971,+0.977
1630831020,+3.49,+30.814, +5.970,+0.978
1630831080,+3.49,+30.814, +5.934,+0.976
1630831140,+3.49,+30.814, +5.954,+0.977
1630831200,+3.49,+30.822, +5.896,+0.975
1630831260,+3.49,+30.796, +5.765,+0.975
1630831320,+3.49,+30.805, +5.969,+0.975
1630831380,+3.49,+30.796, +6.062,+0.973
1630831440,+3.49,+30.796, +6.351,+0.974
1630831500,+3.49,+30.796, +6.406,+0.976
1630831560,+3.49,+30.796, +6.213,+0.978
1630831620,+3.49,+30.805, +5.869,+0.978
1630831680,+3.49,+30.805, +5.898,+0.975
1630831740,+3.49,+30.779, +5.909,+0.972
1630831800,+3.49,+30.779, +6.192,+0.971
1630831860,+3.49,+30.788, +6.054,+0.971
1630831920,+3.49,+30.762, +6.375,+0.974
1630831980,+3.49,+30.762, +6.336,+0.974
1630832040,+3.49,+30.770, +6.384,+0.974
1630832100,+3.49,+30.770, +6.666,+0.975
1630832160,+3.49,+30.753, +6.808,+0.976
1630832220,+3.49,+30.753, +6.641,+0.974
1630832280,+3.49,+30.753, +6.523,+0.977
1630832340,+3.49,+30.762, +6.155,+0.977
1630832400,+3.49,+30.736, +5.696,+0.977
1630832460,+3.49,+30.744, +5.516,+0.976
1630832520,+3.49,+30.744, +5.307,+0.975
1630832580,+3.49,+30.736, +5.189,+0.974
1630832640,+3.49,+30.744, +5.229,+0.973
1630832700,+3.49,+30.727, +5.325,+0.973
1630832760,+3.49,+30.727, +5.117,+0.973
1630832820,+3.49,+30.710, +5.181,+0.972
1630832880,+3.49,+30.710, +5.355,+0.974
1630832940,+3.49,+30.710, +5.532,+0.976
1630833000,+3.49,+30.710, +5.531,+0.974
1630833060,+3.49,+30.718, +5.779,+0.972
1630833120,+3.49,+30.692, +5.813,+0.972
1630833180,+3.49,+30.710, +5.988,+0.972
1630833240,+3.49,+30.701, +5.668,+0.971
1630833300,+3.49,+30.692, +5.488,+0.971
1630833360,+3.49,+30.710, +5.464,+0.974
1630833420,+3.49,+30.692, +5.468,+0.974
1630833480,+3.49,+30.692, +5.736,+0.974
1630833540,+3.49,+30.692, +6.242,+0.975
1630833600,+3.49,+30.675, +6.106,+0.976
1630833660,+3.49,+30.684, +5.969,+0.974
1630833720,+3.49,+30.684, +6.246,+0.974
1630833780,+3.49,+30.658, +6.559,+0.974
1630833840,+3.49,+30.658, +6.509,+0.976
1630833900,+3.49,+30.658, +6.259,+0.976
1630833960,+3.49,+30.640, +6.326,+0.977
1630834020,+3.49,+30.658, +6.224,+0.978
1630834080,+3.49,+30.632, +6.184,+0.980
1630834140,+3.49,+30.640, +6.493,+0.979
1630834200,+3.49,+30.632, +6.876,+0.980
1630834260,+3.49,+30.623, +6.902,+0.981
1630834320,+3.49,+30.623, +6.820,+0.980
1630834380,+3.49,+30.632, +6.658,+0.981
1630834440,+3.49,+30.614, +6.613,+0.981
1630834500,+3.49,+30.597, +6.437,+0.980
1630834560,+3.49,+30.588, +6.401,+0.981
1630834620,+3.49,+30.588, +6.879,+0.980
1630834680,+3.49,+30.597, +7.230,+0.981
1630834740,+3.49,+30.588, +7.057,+0.982
1630834800,+3.49,+30.571, +6.777,+0.981
1630834860,+3.49,+30.588, +6.460,+0.980
1630834920,+3.49,+30.554, +6.407,+0.980
1630834980,+3.49,+30.571, +6.552,+0.980
1630835040,+3.49,+30.562, +6.561,+0.980
1630835100,+3.49,+30.562, +6.097,+0.980
1630835160,+3.49,+30.571, +5.681,+0.979
1630835220,+3.49,+30.554, +5.636,+0.978
1630835280,+3.49,+30.562, +5.506,+0.978
1630835340,+3.49,+30.554, +5.261,+0.977
1630835400,+3.49,+30.571, +5.036,+0.976
1630835460,+3.49,+30.554, +4.835,+0.976
1630835520,+3.49,+30.536, +4.749,+0.973
1630835580,+3.49,+30.545, +4.975,+0.973
1630835640,+3.49,+30.528, +5.085,+0.975
1630835700,+3.49,+30.536, +5.367,+0.976
1630835760,+3.49,+30.545, +5.727,+0.976
1630835820,+3.49,+30.528, +5.654,+0.977
1630835880,+3.49,+30.528, +5.592,+0.975
1630835940,+3.49,+30.536, +5.606,+0.974
1630836000,+3.49,+30.528, +5.368,+0.977
1630836060,+3.49,+30.519, +5.045,+0.977
1630836120,+3.49,+30.502, +4.738,+0.977
1630836180,+3.49,+30.519, +4.460,+0.979
1630836240,+3.49,+30.502, +4.360,+0.978
1630836300,+3.49,+30.493, +4.451,+0.977
1630836360,+3.49,+30.502, +4.336,+0.977
1630836420,+3.49,+30.493, +4.164,+0.980
1630836480,+3.49,+30.510, +4.225,+0.980
1630836540,+3.49,+30.502, +4.460,+0.978
1630836600,+3.49,+30.493, +4.565,+0.978
1630836660,+3.49,+30.484, +4.624,+0.981
1630836720,+3.49,+30.493, +4.587,+0.981
1630836780,+3.49,+30.476, +4.633,+0.978
1630836840,+3.49,+30.476, +4.735,+0.977
1630836900,+3.49,+30.458, +4.632,+0.978
1630836960,+3.49,+30.467, +4.473,+0.978
1630837020,+3.49,+30.476, +4.469,+0.978
1630837080,+3.49,+30.458, +4.389,+0.979
1630837140,+3.49,+30.467, +4.432,+0.979
1630837200,+3.49,+30.450, +4.596,+0.978
1630837260,+3.49,+30.432, +4.505,+0.977
1630837320,+3.49,+30.441, +4.589,+0.977
1630837380,+3.49,+30.441, +4.749,+0.978
1630837440,+3.49,+30.441, +4.601,+0.981
1630837500,+3.49,+30.415, +4.500,+0.980
1630837560,+3.49,+30.415, +4.442,+0.980
1630837620,+3.49,+30.432, +4.371,+0.978
1630837680,+3.49,+30.415, +4.574,+0.976
1630837740,+3.49,+30.424, +4.790,+0.976
1630837800,+3.49,+30.415, +4.863,+0.977
1630837860,+3.49,+30.415, +4.850,+0.980
1630837920,+3.49,+30.415, +4.768,+0.980
1630837980,+3.49,+30.406, +4.501,+0.979
1630838040,+3.49,+30.415, +4.459,+0.976
1630838100,+3.49,+30.415, +4.446,+0.973
1630838160,+3.49,+30.406, +4.693,+0.974
1630838220,+3.49,+30.398, +4.741,+0.974
1630838280,+3.49,+30.406, +5.163,+0.978
1630838340,+3.49,+30.415, +5.438,+0.977
1630838400,+3.49,+30.398, +5.666,+0.979
1630838460,+3.49,+30.389, +5.769,+0.980
1630838520,+3.49,+30.380, +5.794,+0.980
1630838580,+3.49,+30.389, +5.771,+0.980
1630838640,+3.49,+30.372, +5.810,+0.979
1630838700,+3.49,+30.380, +5.850,+0.981
1630838760,+3.49,+30.372, +5.811,+0.980
1630838820,+3.49,+30.355, +5.736,+0.979
1630838880,+3.49,+30.363, +5.617,+0.979
1630838940,+3.49,+30.363, +5.639,+0.979
1630839000,+3.49,+30.363, +5.557,+0.980
1630839060,+3.49,+30.363, +5.335,+0.980
1630839120,+3.49,+30.355, +5.370,+0.979
1630839180,+3.49,+30.355, +5.377,+0.979
1630839240,+3.49,+30.337, +5.049,+0.980
1630839300,+3.49,+30.346, +4.806,+0.979
1630839360,+3.49,+30.337, +4.755,+0.978
1630839420,+3.49,+30.337, +4.542,+0.977
1630839480,+3.49,+30.329, +4.368,+0.975
1630839540,+3.49,+30.337, +4.687,+0.974
1630839600,+3.49,+30.329, +5.059,+0.976
1630839660,+3.49,+30.311, +5.298,+0.979
1630839720,+3.49,+30.320, +5.466,+0.979
1630839780,+3.49,+30.320, +5.525,+0.980
1630839840,+3.49,+30.303, +5.403,+0.979
1630839900,+3.49,+30.320, +5.109,+0.977
1630839960,+3.49,+30.311, +5.085,+0.979
1630840020,+3.49,+30.311, +4.997,+0.977
1630840080,+3.49,+30.311, +4.643,+0.978
1630840140,+3.49,+30.303, +4.278,+0.978
1630840200,+3.49,+30.311, +4.226,+0.980
1630840260,+3.49,+30.303, +4.010,+0.980
1630840320,+3.49,+30.294, +3.934,+0.979
1630840380,+3.49,+30.294, +4.018,+0.979
1630840440,+3.49,+30.294, +3.884,+0.978
1630840500,+3.49,+30.294, +3.864,+0.974
1630840560,+3.49,+30.285, +3.893,+0.974
1630840620,+3.49,+30.294, +4.037,+0.974
1630840680,+3.49,+30.285, +4.034,+0.975
1630840740,+3.49,+30.285, +3.651,+0.973
1630840800,+3.49,+30.277, +3.733,+0.975
1630840860,+3.49,+30.277, +4.001,+0.977
1630840920,+3.49,+30.259, +4.003,+0.980
1630840980,+3.49,+30.259, +3.787,+0.980
1630841040,+3.49,+30.277, +3.605,+0.979
1630841100,+3.49,+30.251, +3.543,+0.977
1630841160,+3.49,+30.268, +3.633,+0.974
1630841220,+3.49,+30.251, +3.950,+0.977
1630841280,+3.49,+30.251, +3.976,+0.979
1630841340,+3.49,+30.251, +4.002,+0.977
1630841400,+3.49,+30.259, +4.285,+0.979
1630841460,+3.49,+30.242, +4.382,+0.980
1630841520,+3.49,+30.234, +4.889,+0.980
1630841580,+3.49,+30.225, +4.995,+0.980
1630841640,+3.49,+30.234, +4.937,+0.981
1630841700,+3.49,+30.225, +4.858,+0.980
1630841760,+3.49,+30.225, +4.624,+0.981
1630841820,+3.49,+30.234, +4.415,+0.982
1630841880,+3.49,+30.234, +4.587,+0.981
1630841940,+3.49,+30.216, +4.597,+0.981
1630842000,+3.49,+30.208, +4.506,+0.981
1630842060,+3.49,+30.190, +4.413,+0.980
1630842120,+3.49,+30.208, +4.487,+0.979
1630842180,+3.49,+30.199, +4.943,+0.981
1630842240,+3.49,+30.182, +5.068,+0.982
1630842300,+3.49,+30.199, +4.939,+0.983
1630842360,+3.49,+30.190, +4.817,+0.982
1630842420,+3.49,+30.182, +4.738,+0.982
1630842480,+3.49,+30.182, +4.832,+0.982
1630842540,+3.49,+30.182, +4.804,+0.982
1630842600,+3.49,+30.173, +4.635,+0.983
1630842660,+3.49,+30.182, +4.512,+0.982
1630842720,+3.49,+30.156, +4.427,+0.982
1630842780,+3.49,+30.156, +4.504,+0.981
1630842840,+3.49,+30.173, +4.529,+0.982
1630842900,+3.49,+30.156, +4.648,+0.982
1630842960,+3.49,+30.156, +4.774,+0.983
1630843020,+3.49,+30.156, +4.732,+0.983
1630843080,+3.49,+30.147, +4.694,+0.982
1630843140,+3.49,+30.147, +4.607,+0.983
1630843200,+3.49,+30.130, +4.699,+0.983
1630843260,+3.49,+30.147, +4.717,+0.983
1630843320,+3.49,+30.138, +4.739,+0.982
1630843380,+3.49,+30.130, +4.615,+0.983
1630843440,+3.49,+30.130, +4.559,+0.983
1630843500,+3.49,+30.130, +4.514,+0.983
1630843560,+3.49,+30.130, +4.394,+0.983
1630843620,+3.49,+30.121, +4.293,+0.983
1630843680,+3.49,+30.130, +4.173,+0.982
1630843740,+3.49,+30.121, +4.220,+0.983
1630843800,+3.49,+30.130, +4.237,+0.983
1630843860,+3.49,+30.113, +4.198,+0.983
1630843920,+3.49,+30.113, +4.165,+0.983
1630843980,+3.49,+30.113, +4.023,+0.983
1630844040,+3.49,+30.121, +4.010,+0.983
1630844100,+3.49,+30.121, +3.909,+0.983
1630844160,+3.49,+30.121, +3.870,+0.983
1630844220,+3.49,+30.121, +3.695,+0.983
1630844280,+3.49,+30.104, +3.754,+0.982
1630844340,+3.49,+30.104, +3.823,+0.982
1630844400,+3.49,+30.113, +3.800,+0.983
1630844460,+3.49,+30.087, +3.676,+0.983
1630844520,+3.49,+30.095, +3.639,+0.984
1630844580,+3.49,+30.087, +3.710,+0.982
1630844640,+3.49,+30.087, +3.845,+0.982
1630844700,+3.49,+30.069, +3.965,+0.982
1630844760,+3.49,+30.061, +4.276,+0.983
1630844820,+3.49,+30.078, +4.208,+0.983
1630844880,+3.49,+30.087, +4.135,+0.983
1630844940,+3.49,+30.069, +4.043,+0.983
1630845000,+3.49,+30.069, +3.976,+0.983
1630845060,+3.49,+30.069, +4.107,+0.983
1630845120,+3.49,+30.061, +4.067,+0.983
1630845180,+3.49,+30.052, +4.046,+0.983
1630845240,+3.49,+30.061, +3.955,+0.983
1630845300,+3.49,+30.052, +3.898,+0.983
1630845360,+3.49,+30.043, +3.907,+0.983
1630845420,+3.49,+30.043, +4.029,+0.983
1630845480,+3.49,+30.043, +4.030,+0.983
1630845540,+3.49,+30.052, +4.040,+0.983
1630845600,+3.49,+30.043, +4.041,+0.983
1630845660,+3.49,+30.061, +3.969,+0.983
1630845720,+3.49,+30.035, +4.063,+0.983
1630845780,+3.49,+30.043, +4.024,+0.984
1630845840,+3.49,+30.052, +4.006,+0.984
1630845900,+3.49,+30.043, +4.058,+0.984
1630845960,+3.49,+30.035, +4.002,+0.984
1630846020,+3.49,+30.018, +3.907,+0.984
1630846080,+3.49,+30.026, +3.850,+0.984
1630846140,+3.49,+30.035, +3.761,+0.984
1630846200,+3.49,+30.035, +3.702,+0.984
1630846260,+3.49,+30.026, +3.698,+0.983
1630846320,+3.49,+30.018, +3.801,+0.984
1630846380,+3.49,+30.026, +3.754,+0.984
1630846440,+3.49,+30.018, +3.748,+0.984
1630846500,+3.49,+30.009, +3.706,+0.984
1630846560,+3.49,+30.018, +3.642,+0.984
1630846620,+3.49,+30.018, +3.624,+0.984
1630846680,+3.49,+30.009, +3.544,+0.984
1630846740,+3.49,+30.009, +3.548,+0.984
1630846800,+3.49,+30.009, +3.527,+0.984
1630846860,+3.49,+30.009, +3.455,+0.984
1630846920,+3.49,+30.000, +3.465,+0.984
1630846980,+3.49,+30.000, +3.431,+0.984
1630847040,+3.49,+30.009, +3.394,+0.984
1630847100,+3.49,+30.000, +3.376,+0.984
1630847160,+3.49,+30.000, +3.472,+0.984
1630847220,+3.49,+29.983, +3.458,+0.984
1630847280,+3.49,+29.992, +3.439,+0.984
1630847340,+3.49,+29.992, +3.448,+0.984
1630847400,+3.49,+29.992, +3.427,+0.985
1630847460,+3.49,+29.974, +3.422,+0.984
1630847520,+3.49,+29.974, +3.471,+0.984
1630847580,+3.49,+29.992, +3.434,+0.984
1630847640,+3.49,+29.992, +3.391,+0.984
1630847700,+3.49,+29.992, +3.388,+0.984
1630847760,+3.49,+29.992, +3.438,+0.984
1630847820,+3.49,+30.000, +3.410,+0.984
1630847880,+3.49,+29.983, +3.432,+0.984
1630847940,+3.49,+29.974, +3.465,+0.984
1630848000,+3.49,+29.966, +3.475,+0.985
1630848060,+3.49,+29.983, +3.477,+0.984
1630848120,+3.49,+29.983, +3.468,+0.984
1630848180,+3.49,+29.983, +3.386,+0.984
1630848240,+3.49,+29.983, +3.399,+0.984
1630848300,+3.49,+29.992, +3.436,+0.984
1630848360,+3.49,+29.992, +3.391,+0.983
1630848420,+3.49,+29.983, +3.380,+0.983
1630848480,+3.49,+30.000, +3.366,+0.984
1630848540,+3.49,+29.992, +3.330,+0.984
1630848600,+3.49,+29.983, +3.255,+0.984
1630848660,+3.49,+29.992, +3.177,+0.984
1630848720,+3.49,+29.983, +3.013,+0.985
1630848780,+3.49,+29.992, +2.967,+0.984
1630848840,+3.49,+29.974, +2.901,+0.984
1630848900,+3.49,+29.983, +2.829,+0.984
1630848960,+3.49,+29.983, +2.752,+0.984
1630849020,+3.49,+29.983, +2.704,+0.985
1630849080,+3.49,+29.983, +2.663,+0.984
1630849140,+3.49,+29.992, +2.612,+0.984
1630849200,+3.49,+29.983, +2.556,+0.984
1630849260,+3.49,+29.974, +2.546,+0.984
1630849320,+3.49,+29.992, +2.548,+0.984
1630849380,+3.49,+29.974, +2.673,+0.984
1630849440,+3.49,+29.966, +2.975,+0.984
1630849500,+3.49,+29.974, +3.089,+0.984
1630849560,+3.49,+29.949, +3.289,+0.984
1630849620,+3.49,+29.957, +3.337,+0.984
1630849680,+3.49,+29.949, +3.367,+0.984
1630849740,+3.49,+29.957, +3.512,+0.984
1630849800,+3.49,+29.974, +3.701,+0.983
1630849860,+3.49,+29.974, +3.860,+0.983
1630849920,+3.49,+29.983, +3.860,+0.983
1630849980,+3.49,+30.009, +3.995,+0.983
1630850040,+3.49,+30.018, +4.099,+0.982
1630850100,+3.49,+30.009, +4.149,+0.983
1630850160,+3.49,+30.018, +4.163,+0.983
1630850220,+3.49,+30.009, +4.179,+0.983
1630850280,+3.49,+30.026, +4.126,+0.983
1630850340,+3.49,+30.009, +4.021,+0.983
1630850400,+3.49,+30.000, +4.004,+0.983
1630850460,+3.49,+30.000, +4.045,+0.983
1630850520,+3.49,+30.026, +4.176,+0.983
1630850580,+3.49,+30.018, +4.394,+0.982
1630850640,+3.49,+30.026, +4.513,+0.983
1630850700,+3.49,+30.018, +4.526,+0.982
1630850760,+3.49,+30.035, +4.351,+0.983
1630850820,+3.49,+30.018, +4.263,+0.983
1630850880,+3.49,+30.026, +4.278,+0.983
1630850940,+3.49,+30.026, +4.246,+0.983
1630851000,+3.49,+30.018, +4.139,+0.983
1630851060,+3.49,+30.026, +4.217,+0.983
1630851120,+3.49,+30.043, +4.503,+0.982
1630851180,+3.49,+30.043, +4.704,+0.982
1630851240,+3.49,+30.043, +4.869,+0.982
1630851300,+3.49,+30.061, +4.983,+0.982
1630851360,+3.49,+30.078, +5.087,+0.982
1630851420,+3.49,+30.078, +5.328,+0.982
1630851480,+3.49,+30.078, +5.431,+0.982
1630851540,+3.49,+30.087, +5.414,+0.982
1630851600,+3.49,+30.104, +5.454,+0.982
1630851660,+3.49,+30.113, +5.665,+0.982
1630851720,+3.49,+30.121, +5.782,+0.982
1630851780,+3.49,+30.130, +5.817,+0.982
1630851840,+3.49,+30.130, +5.743,+0.982
1630851900,+3.49,+30.138, +5.763,+0.981
1630851960,+3.49,+30.138, +5.633,+0.981
1630852020,+3.49,+30.121, +5.311,+0.980
1630852080,+3.49,+30.138, +5.159,+0.981
1630852140,+3.49,+30.138, +5.288,+0.981
1630852200,+3.49,+30.138, +5.383,+0.981
1630852260,+3.49,+30.156, +5.505,+0.981
1630852320,+3.49,+30.164, +5.614,+0.982
1630852380,+3.49,+30.164, +5.744,+0.982
1630852440,+3.49,+30.190, +5.887,+0.982
1630852500,+3.49,+30.182, +6.017,+0.982
1630852560,+3.49,+30.182, +6.087,+0.981
1630852620,+3.49,+30.190, +6.163,+0.981
1630852680,+3.49,+30.199, +6.209,+0.982
1630852740,+3.49,+30.199, +6.186,+0.981
1630852800,+3.49,+30.208, +6.345,+0.981
1630852860,+3.49,+30.225, +6.499,+0.981
1630852920,+3.49,+30.234, +6.629,+0.981
1630852980,+3.49,+30.225, +6.628,+0.980
1630853040,+3.49,+30.242, +6.647,+0.981
1630853100,+3.49,+30.242, +6.779,+0.981
1630853160,+3.49,+30.259, +7.035,+0.981
1630853220,+3.49,+30.259, +7.076,+0.981
1630853280,+3.49,+30.259, +6.590,+0.978
1630853340,+3.49,+30.242, +6.499,+0.980
1630853400,+3.49,+30.259, +6.317,+0.979
1630853460,+3.49,+30.277, +6.392,+0.980
1630853520,+3.49,+30.285, +6.636,+0.980
1630853580,+3.49,+30.294, +6.794,+0.981
1630853640,+3.49,+30.285, +7.085,+0.982
1630853700,+3.49,+30.329, +7.229,+0.981
1630853760,+3.49,+30.346, +7.565,+0.982
1630853820,+3.49,+30.346, +7.927,+0.982
1630853880,+3.49,+30.337, +7.820,+0.982
1630853940,+3.49,+30.346, +7.834,+0.981
1630854000,+3.49,+30.346, +8.147,+0.982
1630854060,+3.49,+30.372, +8.086,+0.981
1630854120,+3.49,+30.380, +8.275,+0.981
1630854180,+3.49,+30.372, +8.263,+0.981
1630854240,+3.49,+30.372, +7.696,+0.979
1630854300,+3.49,+30.389, +7.657,+0.979
1630854360,+3.49,+30.380, +7.938,+0.981
1630854420,+3.49,+30.389, +8.084,+0.980
1630854480,+3.49,+30.406, +8.178,+0.981
1630854540,+3.49,+30.398, +7.758,+0.981
1630854600,+3.49,+30.424, +7.909,+0.981
1630854660,+3.49,+30.398, +8.200,+0.981
1630854720,+3.49,+30.406, +8.218,+0.980
1630854780,+3.49,+30.432, +8.443,+0.981
1630854840,+3.49,+30.441, +8.719,+0.982
1630854900,+3.49,+30.432, +8.984,+0.982
1630854960,+3.49,+30.432, +9.152,+0.982
1630855020,+3.49,+30.441, +8.927,+0.980
1630855080,+3.49,+30.450, +9.077,+0.981
1630855140,+3.49,+30.476, +9.085,+0.980
1630855200,+3.49,+30.476, +9.157,+0.981
1630855260,+3.48,+30.502, +9.505,+0.981
1630855320,+3.49,+30.493, +9.523,+0.981
1630855380,+3.49,+30.484, +9.536,+0.981
1630855440,+3.49,+30.484, +9.362,+0.980
1630855500,+3.49,+30.484, +9.469,+0.981
1630855560,+3.49,+30.484, +9.605,+0.982
1630855620,+3.49,+30.493, +9.571,+0.981
1630855680,+3.49,+30.493, +9.479,+0.981
1630855740,+3.49,+30.484, +9.018,+0.979
1630855800,+3.49,+30.484, +9.197,+0.982
1630855860,+3.49,+30.493, +9.314,+0.981
1630855920,+3.49,+30.502, +9.451,+0.981
1630855980,+3.49,+30.502, +9.260,+0.980
1630856040,+3.49,+30.493, +9.132,+0.980
1630856100,+3.48,+30.493, +9.127,+0.982
1630856160,+3.48,+30.502, +9.084,+0.980
1630856220,+3.49,+30.493, +9.109,+0.982
1630856280,+3.48,+30.519, +9.328,+0.982
1630856340,+3.48,+30.545, +9.386,+0.981
1630856400,+3.48,+30.536, +9.162,+0.980
1630856460,+3.48,+30.545, +9.074,+0.981
1630856520,+3.48,+30.545, +9.295,+0.981
1630856580,+3.48,+30.554, +9.540,+0.982
1630856640,+3.48,+30.562, +9.488,+0.981
1630856700,+3.48,+30.536, +9.149,+0.981
1630856760,+3.48,+30.536, +8.960,+0.981
1630856820,+3.48,+30.554, +8.959,+0.981
1630856880,+3.48,+30.580, +9.026,+0.981
1630856940,+3.48,+30.597, +9.244,+0.981
1630857000,+3.48,+30.597, +9.197,+0.980
1630857060,+3.48,+30.606, +9.280,+0.981
1630857120,+3.48,+30.597, +9.129,+0.980
1630857180,+3.48,+30.606, +8.892,+0.979
1630857240,+3.48,+30.614, +8.816,+0.980
1630857300,+3.48,+30.623, +8.853,+0.979
1630857360,+3.48,+30.640, +8.909,+0.980
1630857420,+3.48,+30.632, +8.770,+0.981
1630857480,+3.48,+30.640, +8.869,+0.982
1630857540,+3.48,+30.649, +8.902,+0.981
1630857600,+3.48,+30.666, +8.885,+0.980
1630857660,+3.48,+30.666, +8.884,+0.981
1630857720,+3.48,+30.675, +9.019,+0.981
1630857780,+3.48,+30.692, +9.201,+0.981
1630857840,+3.48,+30.701, +9.454,+0.980
1630857900,+3.48,+30.710, +9.539,+0.980
1630857960,+3.48,+30.727, +9.584,+0.981
1630858020,+3.48,+30.736, +9.552,+0.980
1630858080,+3.48,+30.736, +9.513,+0.980
1630858140,+3.48,+30.736, +9.424,+0.980
1630858200,+3.48,+30.744, +9.702,+0.980
1630858260,+3.48,+30.744, +9.601,+0.979
1630858320,+3.48,+30.762, +9.471,+0.979
1630858380,+3.48,+30.770, +9.688,+0.980
1630858440,+3.48,+30.779, +9.798,+0.980
1630858500,+3.48,+30.779, +9.958,+0.980
1630858560,+3.48,+30.814, +9.990,+0.980
1630858620,+3.48,+30.831,+10.311,+0.981
1630858680,+3.48,+30.848,+10.385,+0.981
1630858740,+3.48,+30.848,+10.350,+0.980
1630858800,+3.49,+30.874,+10.260,+0.980
1630858860,+3.49,+30.874,+10.468,+0.981
1630858920,+3.49,+30.900,+10.421,+0.981
1630858980,+3.49,+30.918,+10.504,+0.981
1630859040,+3.49,+30.927,+10.618,+0.982
1630859100,+3.49,+30.935,+10.650,+0.981
1630859160,+3.49,+30.935,+10.653,+0.980
1630859220,+3.49,+30.970,+10.653,+0.981
1630859280,+3.49,+30.979,+10.677,+0.981
1630859340,+3.49,+30.987,+10.589,+0.981
1630859400,+3.49,+30.987,+10.682,+0.981
1630859460,+3.49,+31.005,+10.729,+0.979
1630859520,+3.49,+30.996,+10.835,+0.980
1630859580,+3.49,+31.022,+10.883,+0.980
1630859640,+3.49,+31.022,+11.239,+0.982
1630859700,+3.49,+31.048,+11.284,+0.982
1630859760,+3.49,+31.065,+11.357,+0.981
1630859820,+3.49,+31.065,+11.210,+0.981
1630859880,+3.49,+31.065,+11.102,+0.980
1630859940,+3.49,+31.057,+10.977,+0.981
1630860000,+3.49,+31.057,+10.879,+0.982
1630860060,+3.49,+31.048,+10.425,+0.982
1630860120,+3.49,+31.057,+10.386,+0.982
1630860180,+3.49,+31.057,+10.640,+0.981
1630860240,+3.49,+31.065,+10.766,+0.981
1630860300,+3.49,+31.092,+10.834,+0.982
1630860360,+3.49,+31.092,+10.880,+0.982
1630860420,+3.49,+31.118,+10.778,+0.981
1630860480,+3.49,+31.109,+10.941,+0.981
1630860540,+3.49,+31.126,+10.874,+0.981
1630860600,+3.49,+31.126,+10.962,+0.981
1630860660,+3.49,+31.152,+11.021,+0.982
1630860720,+3.49,+31.161,+11.203,+0.981
1630860780,+3.49,+31.179,+11.224,+0.982
1630860840,+3.49,+31.187,+11.170,+0.982
1630860900,+3.49,+31.213,+11.150,+0.982
1630860960,+3.49,+31.222,+11.056,+0.980
1630861020,+3.49,+31.231,+11.216,+0.982
1630861080,+3.49,+31.231,+11.349,+0.981
1630861140,+3.49,+31.231,+11.400,+0.981
1630861200,+3.49,+31.231,+11.293,+0.982
1630861260,+3.49,+31.231,+11.296,+0.981
1630861320,+3.49,+31.222,+11.412,+0.981
1630861380,+3.49,+31.231,+11.277,+0.981
1630861440,+3.49,+31.239,+11.240,+0.981
1630861500,+3.49,+31.248,+11.095,+0.981
1630861560,+3.49,+31.257,+11.327,+0.981
1630861620,+3.49,+31.283,+11.493,+0.982
1630861680,+3.49,+31.292,+11.592,+0.981
1630861740,+3.49,+31.283,+11.552,+0.982
1630861800,+3.49,+31.292,+11.644,+0.982
1630861860,+3.49,+31.292,+11.691,+0.981
1630861920,+3.49,+31.283,+11.716,+0.981
1630861980,+3.49,+31.274,+11.561,+0.981
1630862040,+3.49,+31.257,+11.574,+0.981
1630862100,+3.49,+31.248,+11.601,+0.981
1630862160,+3.49,+31.248,+11.519,+0.981
1630862220,+3.49,+31.248,+11.365,+0.980
1630862280,+3.49,+31.248,+11.316,+0.981
1630862340,+3.49,+31.257,+11.343,+0.980
1630862400,+3.49,+31.274,+11.394,+0.980
1630862460,+3.49,+31.283,+11.482,+0.982
1630862520,+3.49,+31.309,+11.564,+0.981
1630862580,+3.49,+31.318,+11.710,+0.981
1630862640,+3.49,+31.353,+11.766,+0.982
1630862700,+3.49,+31.370,+11.827,+0.982
1630862760,+3.49,+31.387,+11.914,+0.981
1630862820,+3.49,+31.396,+11.981,+0.982
1630862880,+3.49,+31.431,+12.084,+0.982
1630862940,+3.48,+31.457,+12.073,+0.983
1630863000,+3.49,+31.457,+12.200,+0.982
1630863060,+3.49,+31.483,+12.164,+0.981
1630863120,+3.48,+31.475,+12.214,+0.982
1630863180,+3.49,+31.440,+12.130,+0.980
1630863240,+3.49,+31.466,+12.027,+0.981
1630863300,+3.48,+31.483,+12.002,+0.981
1630863360,+3.49,+31.475,+12.123,+0.984
1630863420,+3.49,+31.466,+11.865,+0.980
1630863480,+3.49,+31.457,+11.950,+0.981
1630863540,+3.49,+31.483,+12.013,+0.982
1630863600,+3.49,+31.466,+11.937,+0.983
1630863660,+3.49,+31.466,+12.092,+0.982
1630863720,+3.49,+31.483,+12.032,+0.981
1630863780,+3.48,+31.483,+12.078,+0.983
1630863840,+3.49,+31.492,+12.042,+0.982
1630863900,+3.49,+31.483,+12.002,+0.983
1630863960,+3.49,+31.483,+11.698,+0.982
1630864020,+3.49,+31.475,+11.759,+0.983
1630864080,+3.49,+31.501,+11.842,+0.982
1630864140,+3.49,+31.466,+11.748,+0.982
1630864200,+3.49,+31.483,+11.854,+0.982
1630864260,+3.49,+31.475,+11.895,+0.982
1630864320,+3.48,+31.483,+12.037,+0.984
1630864380,+3.48,+31.483,+12.118,+0.982
1630864440,+3.48,+31.518,+12.179,+0.982
1630864500,+3.48,+31.518,+12.261,+0.981
1630864560,+3.48,+31.501,+12.336,+0.982
1630864620,+3.48,+31.509,+12.486,+0.981
1630864680,+3.48,+31.562,+12.657,+0.982
1630864740,+3.48,+31.562,+12.687,+0.983
1630864800,+3.48,+31.588,+12.839,+0.983
1630864860,+3.48,+31.623,+12.959,+0.983
1630864920,+3.48,+31.658,+13.120,+0.983
1630864980,+3.48,+31.675,+13.328,+0.982
1630865040,+3.48,+31.684,+13.416,+0.982
1630865100,+3.48,+31.701,+13.300,+0.982
1630865160,+3.48,+31.701,+13.298,+0.983
1630865220,+3.48,+31.736,+13.319,+0.983
1630865280,+3.48,+31.736,+13.334,+0.983
1630865340,+3.48,+31.728,+13.215,+0.982
1630865400,+3.48,+31.728,+13.107,+0.983
1630865460,+3.48,+31.728,+12.980,+0.982
1630865520,+3.48,+31.745,+13.103,+0.983
1630865580,+3.48,+31.754,+13.161,+0.982
1630865640,+3.48,+31.780,+13.258,+0.982
1630865700,+3.48,+31.780,+13.360,+0.983
1630865760,+3.48,+31.789,+13.379,+0.982
1630865820,+3.48,+31.789,+13.249,+0.982
1630865880,+3.48,+31.771,+13.240,+0.983
1630865940,+3.48,+31.789,+13.313,+0.982
1630866000,+3.48,+31.832,+13.537,+0.981
1630866060,+3.48,+31.876,+13.717,+0.983
1630866120,+3.48,+31.894,+13.757,+0.981
1630866180,+3.48,+31.894,+13.825,+0.983
1630866240,+3.48,+31.937,+13.800,+0.982
1630866300,+3.48,+31.946,+13.966,+0.982
1630866360,+3.48,+31.981,+13.888,+0.983
1630866420,+3.48,+31.972,+13.785,+0.982
1630866480,+3.48,+31.972,+13.823,+0.983
1630866540,+3.48,+31.998,+13.826,+0.982
1630866600,+3.48,+31.998,+13.712,+0.982
1630866660,+3.49,+32.016,+13.907,+0.982
1630866720,+3.49,+32.033,+14.009,+0.982
1630866780,+3.49,+32.068,+14.245,+0.983
1630866840,+3.49,+32.103,+14.411,+0.982
1630866900,+3.49,+32.139,+14.439,+0.982
1630866960,+3.49,+32.182,+14.550,+0.982
1630867020,+3.49,+32.182,+14.771,+0.983
1630867080,+3.49,+32.217,+14.610,+0.981
1630867140,+3.49,+32.226,+14.752,+0.982
1630867200,+3.49,+32.235,+14.879,+0.983
1630867260,+3.49,+32.261,+14.872,+0.982
1630867320,+3.49,+32.270,+14.905,+0.982
1630867380,+3.49,+32.279,+15.032,+0.983
1630867440,+3.49,+32.305,+15.058,+0.982
1630867500,+3.49,+32.340,+15.138,+0.981
1630867560,+3.49,+32.340,+15.300,+0.982
1630867620,+3.49,+32.323,+15.178,+0.983
1630867680,+3.49,+32.314,+15.180,+0.982
1630867740,+3.49,+32.305,+15.202,+0.984
1630867800,+3.49,+32.305,+15.077,+0.981
1630867860,+3.49,+32.235,+15.080,+0.981
1630867920,+3.49,+32.287,+15.070,+0.982
1630867980,+3.49,+32.305,+15.075,+0.982
1630868040,+3.49,+32.349,+15.060,+0.981
1630868100,+3.49,+32.401,+15.135,+0.983
1630868160,+3.49,+32.428,+15.023,+0.981
1630868220,+3.49,+32.480,+15.073,+0.982
1630868280,+3.49,+32.498,+15.221,+0.982
1630868340,+3.49,+32.559,+15.146,+0.981
1630868400,+3.49,+32.559,+15.258,+0.982
1630868460,+3.49,+32.586,+15.364,+0.980
1630868520,+3.48,+32.586,+15.534,+0.982
1630868580,+3.49,+32.551,+15.396,+0.981
1630868640,+3.49,+32.498,+15.264,+0.980
1630868700,+3.49,+32.454,+15.261,+0.982
1630868760,+3.49,+32.472,+15.331,+0.981
1630868820,+3.49,+32.445,+15.397,+0.982
1630868880,+3.49,+32.445,+15.398,+0.981
1630868940,+3.49,+32.472,+15.426,+0.982
1630869000,+3.49,+32.454,+15.378,+0.982
1630869060,+3.49,+32.454,+15.283,+0.983
1630869120,+3.49,+32.445,+15.367,+0.983
1630869180,+3.49,+32.428,+15.342,+0.982
1630869240,+3.49,+32.454,+15.356,+0.982
1630869300,+3.49,+32.445,+15.388,+0.982
1630869360,+3.49,+32.428,+15.473,+0.980
1630869420,+3.49,+32.445,+15.566,+0.982
1630869480,+3.49,+32.437,+15.207,+0.982
1630869540,+3.49,+32.410,+15.081,+0.982
1630869600,+3.49,+32.401,+15.262,+0.982
1630869660,+3.49,+32.419,+15.406,+0.983
1630869720,+3.49,+32.393,+15.502,+0.982
1630869780,+3.49,+32.358,+15.587,+0.984
1630869840,+3.49,+32.366,+15.606,+0.983
1630869900,+3.49,+32.384,+15.666,+0.984
1630869960,+3.49,+32.375,+15.598,+0.982
1630870020,+3.49,+32.393,+15.573,+0.981
1630870080,+3.49,+32.437,+15.762,+0.983
1630870140,+3.49,+32.454,+15.653,+0.983
1630870200,+3.49,+32.524,+15.724,+0.983
1630870260,+3.49,+32.559,+15.818,+0.982
1630870320,+3.49,+32.612,+15.924,+0.981
1630870380,+3.48,+32.656,+16.079,+0.983
1630870440,+3.48,+32.709,+16.106,+0.982
1630870500,+3.48,+32.709,+16.215,+0.982
1630870560,+3.48,+32.726,+16.356,+0.983
1630870620,+3.48,+32.700,+16.419,+0.982
1630870680,+3.49,+32.691,+16.426,+0.982
1630870740,+3.49,+32.700,+16.494,+0.983
1630870800,+3.49,+32.682,+16.469,+0.982
1630870860,+3.49,+32.639,+16.368,+0.982
1630870920,+3.49,+32.647,+16.421,+0.983
1630870980,+3.49,+32.656,+16.488,+0.982
1630871040,+3.49,+32.665,+16.549,+0.981
1630871100,+3.48,+32.691,+16.675,+0.983
1630871160,+3.48,+32.709,+16.841,+0.982
1630871220,+3.49,+32.718,+17.028,+0.982
1630871280,+3.48,+32.753,+17.205,+0.982
1630871340,+3.48,+32.806,+17.253,+0.984
1630871400,+3.48,+32.832,+17.192,+0.980
1630871460,+3.48,+32.858,+17.314,+0.983
1630871520,+3.48,+32.885,+17.468,+0.982
1630871580,+3.48,+32.920,+17.488,+0.981
1630871640,+3.48,+32.946,+17.688,+0.982
1630871700,+3.48,+32.991,+17.686,+0.981
1630871760,+3.48,+32.991,+17.544,+0.982
1630871820,+3.48,+33.017,+17.398,+0.980
1630871880,+3.48,+32.999,+17.556,+0.981
1630871940,+3.48,+32.999,+17.591,+0.981
1630872000,+3.48,+32.999,+17.646,+0.980
1630872060,+3.48,+33.043,+17.540,+0.979
1630872120,+3.48,+33.043,+17.636,+0.980
1630872180,+3.48,+33.043,+17.537,+0.980
1630872240,+3.48,+33.035,+17.614,+0.982
1630872300,+3.48,+32.999,+17.466,+0.983
1630872360,+3.48,+32.991,+17.541,+0.982
1630872420,+3.48,+32.999,+17.556,+0.981
1630872480,+3.48,+32.991,+17.553,+0.982
1630872540,+3.48,+32.964,+17.093,+0.983
1630872600,+3.48,+32.938,+16.684,+0.982
1630872660,+3.48,+32.876,+16.180,+0.980
1630872720,+3.48,+32.841,+16.144,+0.981
1630872780,+3.48,+32.841,+16.395,+0.983
1630872840,+3.48,+32.823,+16.693,+0.981
1630872900,+3.48,+32.850,+16.909,+0.981
1630872960,+3.48,+32.832,+17.121,+0.981
1630873020,+3.48,+32.841,+17.161,+0.984
1630873080,+3.48,+32.858,+16.780,+0.981
1630873140,+3.48,+32.867,+16.442,+0.983
1630873200,+3.48,+32.876,+16.270,+0.982
1630873260,+3.48,+32.885,+16.560,+0.984
1630873320,+3.48,+32.902,+16.298,+0.984
1630873380,+3.48,+32.911,+16.303,+0.984
1630873440,+3.48,+32.894,+16.046,+0.982
1630873500,+3.48,+32.894,+15.869,+0.982
1630873560,+3.48,+32.885,+15.756,+0.983
1630873620,+3.48,+32.894,+15.637,+0.984
1630873680,+3.48,+32.894,+15.568,+0.982
1630873740,+3.48,+32.902,+15.528,+0.983
1630873800,+3.48,+32.929,+15.725,+0.982
1630873860,+3.48,+32.902,+15.738,+0.982
1630873920,+3.48,+32.911,+15.679,+0.982
1630873980,+3.48,+32.902,+15.640,+0.982
1630874040,+3.48,+32.920,+15.596,+0.982
1630874100,+3.48,+32.929,+15.546,+0.980
1630874160,+3.48,+32.964,+15.641,+0.983
1630874220,+3.48,+33.008,+15.709,+0.983
1630874280,+3.48,+33.043,+15.725,+0.980
1630874340,+3.49,+33.096,+15.989,+0.981
1630874400,+3.49,+33.087,+16.372,+0.981
1630874460,+3.48,+33.079,+16.785,+0.981
1630874520,+3.48,+33.079,+17.031,+0.983
1630874580,+3.49,+33.114,+17.078,+0.981
1630874640,+3.49,+33.087,+17.251,+0.981
1630874700,+3.48,+33.096,+17.301,+0.981
1630874760,+3.49,+33.096,+17.378,+0.982
1630874820,+3.49,+33.096,+17.431,+0.983
1630874880,+3.49,+33.105,+17.464,+0.980
1630874940,+3.49,+33.140,+17.399,+0.980
1630875000,+3.49,+33.149,+17.501,+0.982
1630875060,+3.49,+33.158,+17.583,+0.982
1630875120,+3.49,+33.167,+17.537,+0.983
1630875180,+3.49,+33.167,+17.042,+0.981
1630875240,+3.49,+33.167,+16.703,+0.982
1630875300,+3.49,+33.176,+16.713,+0.981
1630875360,+3.49,+33.193,+17.180,+0.982
1630875420,+3.49,+33.202,+17.324,+0.981
1630875480,+3.49,+33.255,+17.658,+0.983
1630875540,+3.49,+33.273,+17.753,+0.983
1630875600,+3.49,+33.273,+17.681,+0.983
1630875660,+3.49,+33.246,+17.686,+0.983
1630875720,+3.49,+33.273,+17.685,+0.983
1630875780,+3.49,+33.282,+17.678,+0.980
1630875840,+3.49,+33.282,+17.759,+0.982
1630875900,+3.49,+33.335,+17.806,+0.982
1630875960,+3.49,+33.343,+17.746,+0.980
1630876020,+3.49,+33.370,+17.778,+0.980
1630876080,+3.49,+33.396,+17.782,+0.979
1630876140,+3.49,+33.414,+17.894,+0.981
1630876200,+3.49,+33.423,+17.933,+0.982
1630876260,+3.49,+33.423,+17.968,+0.982
1630876320,+3.49,+33.449,+17.996,+0.981
1630876380,+3.49,+33.467,+18.057,+0.981
1630876440,+3.49,+33.476,+18.128,+0.982
1630876500,+3.49,+33.485,+17.777,+0.979
1630876560,+3.49,+33.467,+17.426,+0.980
1630876620,+3.49,+33.458,+17.249,+0.982
1630876680,+3.49,+33.449,+17.064,+0.979
1630876740,+3.49,+33.432,+17.228,+0.981
1630876800,+3.49,+33.441,+17.596,+0.982
1630876860,+3.49,+33.476,+17.876,+0.983
1630876920,+3.49,+33.511,+17.624,+0.980
1630876980,+3.49,+33.538,+17.562,+0.981
1630877040,+3.49,+33.573,+17.610,+0.980
1630877100,+3.49,+33.626,+17.490,+0.983
1630877160,+3.49,+33.618,+17.274,+0.982
1630877220,+3.49,+33.591,+17.089,+0.982
1630877280,+3.49,+33.591,+17.110,+0.982
1630877340,+3.49,+33.626,+17.343,+0.981
1630877400,+3.49,+33.635,+17.532,+0.981
1630877460,+3.49,+33.653,+17.533,+0.980
1630877520,+3.49,+33.653,+17.701,+0.983
1630877580,+3.49,+33.644,+17.707,+0.982
1630877640,+3.49,+33.626,+17.665,+0.979
1630877700,+3.49,+33.618,+17.707,+0.981
1630877760,+3.49,+33.547,+17.434,+0.981
1630877820,+3.49,+33.494,+17.305,+0.981
1630877880,+3.49,+33.476,+17.212,+0.981
1630877940,+3.49,+33.476,+17.157,+0.981
1630878000,+3.49,+33.520,+17.344,+0.979
1630878060,+3.49,+33.529,+17.460,+0.980
1630878120,+3.49,+33.538,+17.293,+0.980
1630878180,+3.49,+33.538,+17.242,+0.981
1630878240,+3.49,+33.538,+17.146,+0.981
1630878300,+3.49,+33.529,+17.154,+0.981
1630878360,+3.49,+33.520,+17.363,+0.983
1630878420,+3.49,+33.538,+17.456,+0.981
1630878480,+3.49,+33.529,+17.593,+0.981
1630878540,+3.49,+33.573,+17.366,+0.982
1630878600,+3.49,+33.591,+17.315,+0.982
1630878660,+3.49,+33.582,+17.453,+0.978
1630878720,+3.49,+33.582,+17.653,+0.980
1630878780,+3.49,+33.591,+17.747,+0.980
1630878840,+3.49,+33.564,+17.778,+0.981
1630878900,+3.49,+33.556,+17.762,+0.979
1630878960,+3.49,+33.564,+17.797,+0.979
1630879020,+3.49,+33.573,+17.799,+0.980
1630879080,+3.49,+33.564,+17.873,+0.981
1630879140,+3.49,+33.573,+17.656,+0.981
1630879200,+3.49,+33.618,+17.646,+0.984
1630879260,+3.49,+33.626,+17.602,+0.982
1630879320,+3.49,+33.653,+17.569,+0.981
1630879380,+3.49,+33.671,+17.647,+0.979
1630879440,+3.49,+33.697,+17.401,+0.982
1630879500,+3.49,+33.724,+17.480,+0.980
1630879560,+3.49,+33.750,+17.584,+0.979
1630879620,+3.49,+33.750,+17.721,+0.978
1630879680,+3.49,+33.742,+17.877,+0.980
1630879740,+3.49,+33.742,+18.000,+0.981
1630879800,+3.49,+33.724,+18.061,+0.980
1630879860,+3.49,+33.688,+18.320,+0.982
1630879920,+3.49,+33.697,+18.310,+0.980
1630879980,+3.49,+33.697,+18.387,+0.980
1630880040,+3.49,+33.653,+18.509,+0.982
1630880100,+3.49,+33.662,+18.434,+0.980
1630880160,+3.49,+33.688,+18.364,+0.980
1630880220,+3.49,+33.706,+18.325,+0.979
1630880280,+3.49,+33.715,+18.373,+0.981
1630880340,+3.49,+33.742,+18.243,+0.980
1630880400,+3.49,+33.750,+18.140,+0.981
1630880460,+3.49,+33.724,+18.109,+0.981
1630880520,+3.49,+33.715,+17.931,+0.980
1630880580,+3.49,+33.733,+17.865,+0.981
1630880640,+3.49,+33.724,+17.917,+0.980
1630880700,+3.49,+33.715,+17.805,+0.981
1630880760,+3.49,+33.706,+17.643,+0.981
1630880820,+3.49,+33.715,+17.572,+0.980
1630880880,+3.49,+33.724,+17.456,+0.980
1630880940,+3.49,+33.733,+17.487,+0.980
1630881000,+3.49,+33.715,+17.536,+0.981
1630881060,+3.49,+33.724,+17.515,+0.982
1630881120,+3.49,+33.742,+17.369,+0.982
1630881180,+3.49,+33.733,+17.268,+0.980
1630881240,+3.49,+33.742,+17.313,+0.980
1630881300,+3.49,+33.733,+17.154,+0.982
1630881360,+3.49,+33.750,+16.968,+0.980
1630881420,+3.49,+33.742,+17.033,+0.981
1630881480,+3.49,+33.742,+16.898,+0.981
1630881540,+3.49,+33.724,+16.650,+0.980
1630881600,+3.49,+33.733,+16.482,+0.980
1630881660,+3.49,+33.724,+16.411,+0.979
1630881720,+3.49,+33.724,+16.302,+0.981
1630881780,+3.49,+33.742,+16.166,+0.981
1630881840,+3.49,+33.724,+16.393,+0.981
1630881900,+3.49,+33.733,+16.779,+0.981
1630881960,+3.49,+33.777,+16.714,+0.983
1630882020,+3.49,+33.812,+16.612,+0.980
1630882080,+3.49,+33.777,+16.632,+0.979
1630882140,+3.49,+33.768,+16.739,+0.984
1630882200,+3.49,+33.750,+16.485,+0.978
1630882260,+3.49,+33.750,+16.471,+0.981
1630882320,+3.49,+33.742,+16.454,+0.982
1630882380,+3.49,+33.742,+16.127,+0.978
1630882440,+3.49,+33.750,+15.936,+0.981
1630882500,+3.49,+33.750,+15.894,+0.980
1630882560,+3.49,+33.733,+15.798,+0.980
1630882620,+3.49,+33.733,+15.702,+0.979
1630882680,+3.49,+33.733,+15.767,+0.981
1630882740,+3.49,+33.715,+15.834,+0.980
1630882800,+3.49,+33.724,+16.015,+0.982
1630882860,+3.49,+33.733,+15.884,+0.980
1630882920,+3.49,+33.688,+15.922,+0.982
1630882980,+3.49,+33.680,+15.749,+0.979
1630883040,+3.49,+33.697,+15.344,+0.979
1630883100,+3.49,+33.688,+15.342,+0.981
1630883160,+3.49,+33.697,+14.745,+0.979
1630883220,+3.49,+33.733,+13.969,+0.978
1630883280,+3.49,+33.768,+13.544,+0.978
1630883340,+3.49,+33.777,+13.411,+0.979
1630883400,+3.49,+33.795,+13.327,+0.978
1630883460,+3.49,+33.804,+13.215,+0.979
1630883520,+3.49,+33.812,+13.056,+0.978
1630883580,+3.49,+33.812,+12.962,+0.980
1630883640,+3.49,+33.812,+12.994,+0.979
1630883700,+3.49,+33.830,+13.177,+0.977
1630883760,+3.49,+33.804,+13.595,+0.977
1630883820,+3.49,+33.768,+14.378,+0.981
1630883880,+3.49,+33.768,+14.610,+0.979
1630883940,+3.49,+33.759,+14.533,+0.980
1630884000,+3.49,+33.786,+14.273,+0.978
1630884060,+3.49,+33.777,+14.598,+0.978
1630884120,+3.49,+33.786,+14.059,+0.981
1630884180,+3.49,+33.795,+13.569,+0.979
1630884240,+3.49,+33.830,+13.302,+0.978
1630884300,+3.49,+33.812,+13.423,+0.978
1630884360,+3.49,+33.830,+13.425,+0.980
1630884420,+3.49,+33.839,+13.477,+0.978
1630884480,+3.49,+33.848,+13.415,+0.979
1630884540,+3.49,+33.848,+13.181,+0.978
1630884600,+3.49,+33.848,+13.152,+0.978
1630884660,+3.49,+33.874,+13.218,+0.977
1630884720,+3.49,+33.848,+13.508,+0.978
1630884780,+3.49,+33.857,+13.228,+0.978
1630884840,+3.49,+33.866,+13.296,+0.978
1630884900,+3.49,+33.874,+13.188,+0.977
1630884960,+3.49,+33.874,+13.103,+0.978
1630885020,+3.49,+33.874,+13.107,+0.977
1630885080,+3.49,+33.901,+13.235,+0.976
1630885140,+3.49,+33.866,+13.498,+0.978
1630885200,+3.49,+33.866,+13.633,+0.978
1630885260,+3.49,+33.883,+13.523,+0.978
1630885320,+3.49,+33.874,+13.699,+0.979
1630885380,+3.49,+33.866,+14.238,+0.979
1630885440,+3.49,+33.848,+14.682,+0.978
1630885500,+3.49,+33.839,+14.762,+0.979
1630885560,+3.49,+33.812,+14.707,+0.979
1630885620,+3.49,+33.821,+14.571,+0.979
1630885680,+3.49,+33.812,+14.477,+0.980
1630885740,+3.49,+33.804,+14.164,+0.980
1630885800,+3.49,+33.821,+13.952,+0.978
1630885860,+3.49,+33.812,+13.919,+0.978
1630885920,+3.49,+33.830,+13.786,+0.979
1630885980,+3.49,+33.830,+13.711,+0.978
1630886040,+3.49,+33.821,+13.750,+0.977
1630886100,+3.49,+33.821,+13.865,+0.978
1630886160,+3.49,+33.830,+13.884,+0.977
1630886220,+3.49,+33.812,+13.897,+0.980
1630886280,+3.49,+33.804,+13.828,+0.979
1630886340,+3.49,+33.786,+14.144,+0.979
1630886400,+3.49,+33.804,+13.986,+0.978
1630886460,+3.49,+33.786,+14.190,+0.980
1630886520,+3.49,+33.777,+14.124,+0.978
1630886580,+3.49,+33.768,+14.263,+0.981
1630886640,+3.49,+33.777,+14.216,+0.978
1630886700,+3.49,+33.768,+14.174,+0.979
1630886760,+3.49,+33.759,+14.301,+0.979
1630886820,+3.49,+33.759,+14.605,+0.979
1630886880,+3.49,+33.750,+14.646,+0.979
1630886940,+3.49,+33.759,+14.403,+0.977
1630887000,+3.49,+33.750,+14.360,+0.980
1630887060,+3.49,+33.750,+14.290,+0.978
1630887120,+3.49,+33.742,+14.213,+0.981
1630887180,+3.49,+33.750,+14.008,+0.977
1630887240,+3.49,+33.733,+14.078,+0.979
1630887300,+3.49,+33.724,+14.060,+0.981
1630887360,+3.49,+33.715,+13.998,+0.979
1630887420,+3.49,+33.706,+13.994,+0.978
1630887480,+3.49,+33.697,+14.004,+0.980
1630887540,+3.49,+33.706,+14.184,+0.979
1630887600,+3.49,+33.706,+14.138,+0.980
1630887660,+3.49,+33.680,+14.042,+0.978
1630887720,+3.49,+33.671,+14.129,+0.980
1630887780,+3.49,+33.671,+14.026,+0.979
1630887840,+3.49,+33.635,+14.076,+0.979
1630887900,+3.49,+33.618,+14.088,+0.981
1630887960,+3.49,+33.626,+14.139,+0.979
1630888020,+3.49,+33.618,+14.272,+0.978
1630888080,+3.49,+33.600,+14.344,+0.979
1630888140,+3.49,+33.618,+14.148,+0.979
1630888200,+3.49,+33.609,+14.044,+0.979
1630888260,+3.49,+33.600,+13.955,+0.981
1630888320,+3.49,+33.582,+13.989,+0.980
1630888380,+3.49,+33.600,+14.025,+0.978
1630888440,+3.49,+33.556,+14.095,+0.978
1630888500,+3.49,+33.564,+14.145,+0.979
1630888560,+3.49,+33.564,+14.136,+0.978
1630888620,+3.49,+33.573,+14.097,+0.979
1630888680,+3.49,+33.547,+14.323,+0.981
1630888740,+3.49,+33.538,+14.577,+0.978
1630888800,+3.49,+33.547,+14.744,+0.979
1630888860,+3.49,+33.538,+14.731,+0.980
1630888920,+3.49,+33.538,+14.651,+0.982
1630888980,+3.49,+33.529,+14.596,+0.981
1630889040,+3.49,+33.511,+14.579,+0.980
1630889100,+3.49,+33.520,+14.642,+0.981
1630889160,+3.49,+33.520,+14.618,+0.981
1630889220,+3.49,+33.494,+14.682,+0.980
1630889280,+3.49,+33.511,+14.630,+0.979
1630889340,+3.49,+33.503,+14.739,+0.981
1630889400,+3.49,+33.494,+14.728,+0.980
1630889460,+3.49,+33.467,+14.749,+0.981
1630889520,+3.49,+33.458,+14.702,+0.981
1630889580,+3.49,+33.467,+14.518,+0.980
1630889640,+3.49,+33.467,+14.526,+0.983
1630889700,+3.49,+33.458,+14.805,+0.978
1630889760,+3.49,+33.441,+14.950,+0.982
1630889820,+3.49,+33.458,+14.769,+0.982
1630889880,+3.49,+33.441,+14.626,+0.981
1630889940,+3.49,+33.414,+14.581,+0.980
1630890000,+3.49,+33.432,+14.474,+0.982
1630890060,+3.49,+33.432,+14.454,+0.982
1630890120,+3.49,+33.405,+14.593,+0.982
1630890180,+3.49,+33.396,+14.555,+0.980
1630890240,+3.49,+33.379,+14.352,+0.983
1630890300,+3.49,+33.396,+14.024,+0.980
1630890360,+3.49,+33.405,+13.712,+0.980
1630890420,+3.49,+33.370,+13.815,+0.981
1630890480,+3.49,+33.370,+13.971,+0.980
1630890540,+3.49,+33.352,+14.195,+0.981
