7450-387970
OS REV: 1.05 Sensor Cal: 1615486469
Time (sec),  BV (Volts),  T (deg C),  DO (mg/l),  Q ()
1629767400,+3.39,+27.943, +3.548,+0.986
1629767460,+3.39,+29.372, +2.369,+0.986
1629767520,+3.39,+30.268, +1.948,+0.986
1629767580,+3.39,+30.831, +1.739,+0.985
1629767640,+3.40,+31.248, +1.704,+0.984
1629767700,+3.40,+30.961, +7.008,+0.984
1629767760,+3.40,+30.918, +5.308,+0.986
1629767820,+3.40,+31.605, +4.081,+0.985
1629767880,+3.40,+32.261,+18.676,+0.988
1629767940,+3.40,+32.445,+18.122,+0.988
1629768000,+3.40,+32.507,+18.163,+0.989
1629768060,+3.40,+32.621,+18.494,+0.989
1629768120,+3.40,+32.744,+18.330,+0.988
1629768180,+3.40,+32.850,+18.088,+0.987
1629768240,+3.41,+32.832,+18.285,+0.986
1629768300,+3.41,+32.814,+18.441,+0.985
1629768360,+3.41,+32.841,+18.360,+0.983
1629768420,+3.41,+32.823,+18.331,+0.984
1629768480,+3.41,+32.832,+18.328,+0.985
1629768540,+3.41,+32.806,+18.241,+0.983
1629768600,+3.41,+32.823,+18.165,+0.982
1629768660,+3.41,+32.823,+18.244,+0.984
1629768720,+3.42,+32.823,+18.215,+0.982
1629768780,+3.42,+32.832,+18.169,+0.984
1629768840,+3.42,+32.850,+17.894,+0.984
1629768900,+3.42,+32.823,+17.860,+0.984
1629768960,+3.42,+32.814,+17.714,+0.982
1629769020,+3.42,+32.806,+17.678,+0.983
1629769080,+3.42,+32.823,+17.785,+0.983
1629769140,+3.42,+32.832,+17.889,+0.982
1629769200,+3.42,+32.832,+17.799,+0.981
1629769260,+3.42,+32.823,+17.728,+0.981
1629769320,+3.42,+32.832,+17.519,+0.982
1629769380,+3.43,+32.832,+17.180,+0.980
1629769440,+3.43,+32.885,+17.082,+0.983
1629769500,+3.43,+32.938,+16.963,+0.982
1629769560,+3.43,+32.955,+16.818,+0.981
1629769620,+3.43,+32.902,+16.798,+0.982
1629769680,+3.43,+32.894,+16.867,+0.981
1629769740,+3.43,+32.894,+16.844,+0.978
1629769800,+3.43,+32.867,+16.884,+0.980
1629769860,+3.43,+32.867,+16.905,+0.981
1629769920,+3.43,+32.841,+16.905,+0.980
1629769980,+3.43,+32.823,+17.281,+0.982
1629770040,+3.43,+32.797,+17.304,+0.981
1629770100,+3.43,+32.797,+17.307,+0.980
1629770160,+3.43,+32.823,+17.341,+0.983
1629770220,+3.44,+32.823,+17.199,+0.980
1629770280,+3.44,+32.841,+17.118,+0.980
1629770340,+3.44,+32.850,+17.195,+0.982
1629770400,+3.44,+32.823,+17.155,+0.981
1629770460,+3.44,+32.797,+17.178,+0.981
1629770520,+3.44,+32.788,+17.171,+0.981
1629770580,+3.44,+32.814,+17.137,+0.982
1629770640,+3.44,+32.814,+17.005,+0.979
1629770700,+3.44,+32.814,+17.188,+0.980
1629770760,+3.44,+32.832,+17.208,+0.981
1629770820,+3.44,+32.850,+17.137,+0.979
1629770880,+3.44,+32.850,+17.196,+0.982
1629770940,+3.44,+32.832,+17.168,+0.979
1629771000,+3.44,+32.823,+17.227,+0.982
1629771060,+3.44,+32.806,+17.234,+0.981
1629771120,+3.44,+32.797,+17.240,+0.980
1629771180,+3.44,+32.770,+17.372,+0.981
1629771240,+3.44,+32.788,+17.380,+0.982
1629771300,+3.44,+32.797,+17.193,+0.980
1629771360,+3.44,+32.797,+17.159,+0.983
1629771420,+3.45,+32.806,+17.061,+0.982
1629771480,+3.45,+32.823,+16.875,+0.980
1629771540,+3.45,+32.797,+16.713,+0.980
1629771600,+3.45,+32.797,+16.595,+0.981
1629771660,+3.45,+32.788,+16.597,+0.983
1629771720,+3.45,+32.797,+16.408,+0.981
1629771780,+3.45,+32.762,+16.220,+0.981
1629771840,+3.45,+32.762,+16.122,+0.982
1629771900,+3.45,+32.770,+16.066,+0.982
1629771960,+3.45,+32.744,+16.038,+0.981
1629772020,+3.45,+32.744,+16.059,+0.981
1629772080,+3.45,+32.726,+16.058,+0.982
1629772140,+3.45,+32.718,+16.031,+0.981
1629772200,+3.45,+32.726,+15.926,+0.980
1629772260,+3.45,+32.700,+15.927,+0.981
1629772320,+3.45,+32.691,+15.894,+0.981
1629772380,+3.45,+32.691,+15.724,+0.981
1629772440,+3.45,+32.682,+15.583,+0.980
1629772500,+3.45,+32.691,+15.768,+0.981
1629772560,+3.45,+32.647,+15.732,+0.982
1629772620,+3.45,+32.682,+15.679,+0.982
1629772680,+3.45,+32.665,+15.592,+0.981
1629772740,+3.45,+32.647,+15.554,+0.980
1629772800,+3.45,+32.630,+15.581,+0.980
1629772860,+3.45,+32.630,+15.530,+0.982
1629772920,+3.45,+32.647,+15.508,+0.982
1629772980,+3.46,+32.647,+15.337,+0.980
1629773040,+3.46,+32.647,+15.243,+0.980
1629773100,+3.46,+32.621,+15.188,+0.981
1629773160,+3.46,+32.621,+15.178,+0.981
1629773220,+3.46,+32.612,+15.226,+0.980
1629773280,+3.46,+32.603,+15.123,+0.981
1629773340,+3.46,+32.612,+15.028,+0.983
1629773400,+3.46,+32.595,+14.966,+0.982
1629773460,+3.46,+32.568,+15.129,+0.983
1629773520,+3.46,+32.559,+15.275,+0.981
1629773580,+3.46,+32.551,+15.317,+0.981
1629773640,+3.46,+32.542,+15.380,+0.981
1629773700,+3.46,+32.542,+15.381,+0.984
1629773760,+3.46,+32.524,+15.212,+0.984
1629773820,+3.46,+32.542,+15.112,+0.982
1629773880,+3.46,+32.524,+14.948,+0.980
1629773940,+3.46,+32.516,+14.988,+0.981
1629774000,+3.46,+32.507,+14.922,+0.981
1629774060,+3.46,+32.507,+14.852,+0.980
1629774120,+3.46,+32.489,+14.834,+0.981
1629774180,+3.46,+32.489,+14.670,+0.981
1629774240,+3.46,+32.463,+14.493,+0.980
1629774300,+3.46,+32.472,+14.430,+0.982
1629774360,+3.46,+32.463,+14.402,+0.981
1629774420,+3.46,+32.445,+14.482,+0.982
1629774480,+3.46,+32.437,+14.298,+0.981
1629774540,+3.46,+32.419,+14.159,+0.983
1629774600,+3.46,+32.437,+13.999,+0.981
1629774660,+3.46,+32.393,+13.956,+0.980
1629774720,+3.46,+32.401,+13.994,+0.982
1629774780,+3.46,+32.393,+13.986,+0.982
1629774840,+3.46,+32.393,+13.932,+0.981
1629774900,+3.46,+32.384,+13.843,+0.981
1629774960,+3.47,+32.384,+13.773,+0.982
1629775020,+3.47,+32.358,+13.747,+0.981
1629775080,+3.47,+32.358,+13.648,+0.981
1629775140,+3.47,+32.349,+13.576,+0.982
1629775200,+3.47,+32.340,+13.561,+0.982
1629775260,+3.47,+32.331,+13.544,+0.980
1629775320,+3.47,+32.323,+13.532,+0.981
1629775380,+3.47,+32.331,+13.458,+0.980
1629775440,+3.47,+32.305,+13.488,+0.982
1629775500,+3.47,+32.296,+13.336,+0.979
1629775560,+3.47,+32.305,+13.359,+0.981
1629775620,+3.47,+32.287,+13.455,+0.984
1629775680,+3.47,+32.279,+13.383,+0.981
1629775740,+3.47,+32.287,+13.362,+0.981
1629775800,+3.47,+32.252,+13.280,+0.981
1629775860,+3.47,+32.261,+13.185,+0.981
1629775920,+3.47,+32.226,+13.249,+0.980
1629775980,+3.47,+32.226,+13.325,+0.982
1629776040,+3.47,+32.226,+13.279,+0.981
1629776100,+3.47,+32.209,+13.249,+0.981
1629776160,+3.47,+32.209,+13.187,+0.982
1629776220,+3.47,+32.209,+13.104,+0.980
1629776280,+3.47,+32.191,+13.113,+0.983
1629776340,+3.47,+32.191,+13.051,+0.982
1629776400,+3.47,+32.174,+12.994,+0.982
1629776460,+3.47,+32.182,+12.988,+0.982
1629776520,+3.47,+32.165,+13.006,+0.981
1629776580,+3.47,+32.147,+13.060,+0.983
1629776640,+3.47,+32.156,+13.034,+0.983
1629776700,+3.47,+32.130,+13.037,+0.982
1629776760,+3.47,+32.130,+13.008,+0.982
1629776820,+3.47,+32.112,+12.929,+0.981
1629776880,+3.47,+32.112,+12.907,+0.983
1629776940,+3.47,+32.095,+12.853,+0.983
1629777000,+3.47,+32.103,+12.785,+0.982
1629777060,+3.47,+32.077,+12.822,+0.983
1629777120,+3.47,+32.068,+12.852,+0.980
1629777180,+3.47,+32.051,+12.946,+0.984
1629777240,+3.47,+32.060,+12.942,+0.982
1629777300,+3.47,+32.042,+12.955,+0.982
1629777360,+3.47,+32.051,+12.902,+0.982
1629777420,+3.47,+32.051,+12.779,+0.982
1629777480,+3.47,+32.042,+12.739,+0.981
1629777540,+3.47,+32.025,+12.743,+0.982
1629777600,+3.47,+32.007,+12.759,+0.983
1629777660,+3.47,+32.016,+12.751,+0.981
1629777720,+3.47,+31.990,+12.729,+0.981
1629777780,+3.47,+31.981,+12.793,+0.983
1629777840,+3.47,+31.990,+12.770,+0.983
1629777900,+3.47,+31.981,+12.763,+0.982
1629777960,+3.47,+31.990,+12.735,+0.982
1629778020,+3.47,+31.972,+12.696,+0.982
1629778080,+3.47,+31.963,+12.682,+0.983
1629778140,+3.47,+31.955,+12.610,+0.982
1629778200,+3.47,+31.946,+12.592,+0.981
1629778260,+3.47,+31.946,+12.596,+0.981
1629778320,+3.47,+31.920,+12.596,+0.981
1629778380,+3.47,+31.911,+12.602,+0.983
1629778440,+3.47,+31.885,+12.553,+0.983
1629778500,+3.47,+31.894,+12.498,+0.983
1629778560,+3.47,+31.894,+12.426,+0.984
1629778620,+3.47,+31.885,+12.388,+0.984
1629778680,+3.47,+31.867,+12.400,+0.983
1629778740,+3.47,+31.894,+12.411,+0.982
1629778800,+3.47,+31.876,+12.346,+0.981
1629778860,+3.47,+31.859,+12.338,+0.982
1629778920,+3.47,+31.867,+12.304,+0.981
1629778980,+3.47,+31.850,+12.314,+0.983
1629779040,+3.47,+31.832,+12.214,+0.982
1629779100,+3.47,+31.815,+12.255,+0.985
1629779160,+3.47,+31.841,+12.171,+0.982
1629779220,+3.47,+31.824,+12.098,+0.982
1629779280,+3.47,+31.806,+12.078,+0.982
1629779340,+3.47,+31.797,+12.025,+0.980
1629779400,+3.47,+31.797,+12.044,+0.983
1629779460,+3.47,+31.797,+12.036,+0.982
1629779520,+3.47,+31.797,+12.058,+0.983
1629779580,+3.47,+31.771,+12.084,+0.982
1629779640,+3.47,+31.771,+12.087,+0.982
1629779700,+3.47,+31.762,+12.085,+0.982
1629779760,+3.47,+31.745,+12.081,+0.982
1629779820,+3.47,+31.754,+12.101,+0.984
1629779880,+3.47,+31.736,+12.072,+0.982
1629779940,+3.47,+31.728,+12.160,+0.983
1629780000,+3.47,+31.719,+12.202,+0.982
1629780060,+3.47,+31.719,+12.228,+0.983
1629780120,+3.47,+31.719,+12.321,+0.983
1629780180,+3.47,+31.701,+12.420,+0.983
1629780240,+3.47,+31.693,+12.455,+0.984
1629780300,+3.47,+31.701,+12.367,+0.982
1629780360,+3.47,+31.675,+12.346,+0.982
1629780420,+3.47,+31.684,+12.319,+0.983
1629780480,+3.47,+31.666,+12.218,+0.981
1629780540,+3.47,+31.658,+12.235,+0.982
1629780600,+3.47,+31.649,+12.215,+0.980
1629780660,+3.47,+31.658,+12.081,+0.981
1629780720,+3.47,+31.640,+12.131,+0.982
1629780780,+3.47,+31.632,+12.235,+0.982
1629780840,+3.47,+31.623,+12.275,+0.981
1629780900,+3.47,+31.623,+12.311,+0.982
1629780960,+3.47,+31.597,+12.367,+0.983
1629781020,+3.47,+31.632,+12.392,+0.982
1629781080,+3.47,+31.605,+12.440,+0.982
1629781140,+3.47,+31.588,+12.479,+0.982
1629781200,+3.47,+31.588,+12.528,+0.982
1629781260,+3.47,+31.597,+12.546,+0.983
1629781320,+3.47,+31.570,+12.525,+0.983
1629781380,+3.47,+31.570,+12.505,+0.982
1629781440,+3.47,+31.570,+12.533,+0.983
1629781500,+3.47,+31.570,+12.617,+0.981
1629781560,+3.47,+31.562,+12.662,+0.983
1629781620,+3.47,+31.553,+12.698,+0.982
1629781680,+3.48,+31.509,+12.716,+0.984
1629781740,+3.47,+31.518,+12.663,+0.984
1629781800,+3.48,+31.509,+12.639,+0.984
1629781860,+3.48,+31.492,+12.570,+0.982
1629781920,+3.48,+31.483,+12.543,+0.983
1629781980,+3.48,+31.483,+12.507,+0.983
1629782040,+3.48,+31.483,+12.506,+0.983
1629782100,+3.48,+31.475,+12.444,+0.983
1629782160,+3.48,+31.466,+12.439,+0.984
1629782220,+3.48,+31.448,+12.359,+0.982
1629782280,+3.48,+31.457,+12.309,+0.984
1629782340,+3.48,+31.448,+12.246,+0.983
1629782400,+3.48,+31.466,+12.167,+0.983
1629782460,+3.48,+31.431,+12.192,+0.982
1629782520,+3.48,+31.440,+12.175,+0.983
1629782580,+3.48,+31.431,+12.182,+0.984
1629782640,+3.48,+31.405,+12.125,+0.983
1629782700,+3.48,+31.414,+12.099,+0.984
1629782760,+3.48,+31.405,+12.026,+0.984
1629782820,+3.48,+31.405,+11.974,+0.984
1629782880,+3.48,+31.387,+11.953,+0.983
1629782940,+3.48,+31.396,+11.959,+0.983
1629783000,+3.48,+31.405,+11.915,+0.983
1629783060,+3.48,+31.379,+11.875,+0.983
1629783120,+3.48,+31.379,+11.804,+0.983
1629783180,+3.48,+31.379,+11.786,+0.983
1629783240,+3.48,+31.335,+11.787,+0.983
1629783300,+3.48,+31.344,+11.779,+0.984
1629783360,+3.48,+31.344,+11.754,+0.983
1629783420,+3.48,+31.326,+11.760,+0.985
1629783480,+3.48,+31.335,+11.676,+0.985
1629783540,+3.48,+31.318,+11.648,+0.983
1629783600,+3.48,+31.309,+11.610,+0.981
1629783660,+3.48,+31.309,+11.572,+0.982
1629783720,+3.48,+31.300,+11.595,+0.983
1629783780,+3.48,+31.300,+11.628,+0.984
1629783840,+3.48,+31.300,+11.596,+0.984
1629783900,+3.48,+31.292,+11.558,+0.983
1629783960,+3.48,+31.283,+11.505,+0.983
1629784020,+3.48,+31.266,+11.462,+0.983
1629784080,+3.48,+31.266,+11.389,+0.982
1629784140,+3.48,+31.257,+11.320,+0.982
1629784200,+3.48,+31.274,+11.243,+0.983
1629784260,+3.48,+31.222,+11.252,+0.984
1629784320,+3.48,+31.231,+11.266,+0.983
1629784380,+3.48,+31.231,+11.216,+0.982
1629784440,+3.48,+31.231,+11.220,+0.983
1629784500,+3.48,+31.213,+11.206,+0.984
1629784560,+3.48,+31.222,+11.117,+0.982
1629784620,+3.48,+31.222,+11.034,+0.983
1629784680,+3.48,+31.196,+10.903,+0.983
1629784740,+3.48,+31.205,+10.757,+0.982
1629784800,+3.48,+31.196,+10.723,+0.984
1629784860,+3.48,+31.187,+10.665,+0.983
1629784920,+3.48,+31.179,+10.637,+0.982
1629784980,+3.48,+31.179,+10.599,+0.982
1629785040,+3.48,+31.161,+10.576,+0.983
1629785100,+3.48,+31.152,+10.573,+0.983
1629785160,+3.48,+31.152,+10.747,+0.983
1629785220,+3.48,+31.144,+10.896,+0.984
1629785280,+3.48,+31.126,+10.931,+0.983
1629785340,+3.48,+31.144,+10.950,+0.982
1629785400,+3.48,+31.126,+10.948,+0.982
1629785460,+3.48,+31.135,+10.924,+0.984
1629785520,+3.48,+31.118,+10.922,+0.984
1629785580,+3.48,+31.118,+10.917,+0.984
1629785640,+3.48,+31.118,+10.893,+0.984
1629785700,+3.48,+31.109,+10.800,+0.982
1629785760,+3.48,+31.100,+10.783,+0.983
1629785820,+3.48,+31.100,+10.846,+0.983
1629785880,+3.48,+31.092,+10.886,+0.983
1629785940,+3.48,+31.065,+10.893,+0.984
1629786000,+3.48,+31.065,+10.844,+0.983
1629786060,+3.48,+31.065,+10.802,+0.983
1629786120,+3.48,+31.074,+10.729,+0.983
1629786180,+3.48,+31.057,+10.691,+0.983
1629786240,+3.48,+31.048,+10.674,+0.983
1629786300,+3.48,+31.048,+10.631,+0.983
1629786360,+3.48,+31.048,+10.564,+0.983
1629786420,+3.48,+31.048,+10.447,+0.983
1629786480,+3.48,+31.031,+10.379,+0.983
1629786540,+3.48,+31.031,+10.362,+0.984
1629786600,+3.48,+31.013,+10.373,+0.983
1629786660,+3.48,+31.005,+10.365,+0.983
1629786720,+3.48,+31.005,+10.313,+0.982
1629786780,+3.48,+31.013,+10.256,+0.983
1629786840,+3.48,+30.987,+10.163,+0.983
1629786900,+3.48,+30.996,+10.173,+0.984
1629786960,+3.48,+30.970,+10.154,+0.983
1629787020,+3.48,+30.970,+10.083,+0.983
1629787080,+3.48,+30.970,+10.021,+0.983
1629787140,+3.48,+30.953, +9.982,+0.983
1629787200,+3.48,+30.953, +9.955,+0.983
1629787260,+3.48,+30.961, +9.928,+0.983
1629787320,+3.48,+30.961, +9.878,+0.983
1629787380,+3.48,+30.953, +9.870,+0.983
1629787440,+3.48,+30.953, +9.912,+0.983
1629787500,+3.48,+30.918, +9.981,+0.983
1629787560,+3.48,+30.927,+10.081,+0.984
1629787620,+3.48,+30.927,+10.089,+0.984
1629787680,+3.48,+30.909,+10.042,+0.983
1629787740,+3.48,+30.900,+10.037,+0.984
1629787800,+3.48,+30.909,+10.001,+0.983
1629787860,+3.48,+30.909, +9.995,+0.984
1629787920,+3.48,+30.892, +9.966,+0.984
1629787980,+3.48,+30.874, +9.892,+0.984
1629788040,+3.48,+30.883, +9.674,+0.984
1629788100,+3.48,+30.874, +9.355,+0.982
1629788160,+3.48,+30.883, +9.253,+0.984
1629788220,+3.48,+30.874, +9.305,+0.983
1629788280,+3.48,+30.848, +9.358,+0.983
1629788340,+3.48,+30.857, +9.396,+0.983
1629788400,+3.48,+30.848, +9.454,+0.983
1629788460,+3.48,+30.840, +9.568,+0.983
1629788520,+3.48,+30.831, +9.605,+0.983
1629788580,+3.48,+30.831, +9.681,+0.984
1629788640,+3.48,+30.831, +9.795,+0.984
1629788700,+3.48,+30.822, +9.863,+0.984
1629788760,+3.48,+30.805, +9.903,+0.983
1629788820,+3.48,+30.796, +9.942,+0.982
1629788880,+3.48,+30.796, +9.949,+0.982
1629788940,+3.48,+30.788,+10.007,+0.983
1629789000,+3.48,+30.779,+10.021,+0.983
1629789060,+3.48,+30.770, +9.988,+0.984
1629789120,+3.48,+30.762, +9.857,+0.983
1629789180,+3.48,+30.762, +9.840,+0.984
1629789240,+3.48,+30.779, +9.843,+0.983
1629789300,+3.48,+30.779, +9.811,+0.983
1629789360,+3.48,+30.762, +9.866,+0.984
1629789420,+3.48,+30.770, +9.881,+0.983
1629789480,+3.48,+30.753, +9.938,+0.983
1629789540,+3.48,+30.753,+10.018,+0.983
1629789600,+3.48,+30.736,+10.019,+0.983
1629789660,+3.48,+30.727, +9.939,+0.984
1629789720,+3.48,+30.736, +9.846,+0.983
1629789780,+3.48,+30.736, +9.813,+0.983
1629789840,+3.48,+30.727, +9.781,+0.983
1629789900,+3.48,+30.710, +9.760,+0.984
1629789960,+3.48,+30.710, +9.681,+0.984
1629790020,+3.48,+30.692, +9.555,+0.984
1629790080,+3.48,+30.701, +9.462,+0.984
1629790140,+3.48,+30.701, +9.461,+0.983
1629790200,+3.48,+30.684, +9.407,+0.983
1629790260,+3.48,+30.675, +9.337,+0.983
1629790320,+3.48,+30.684, +9.307,+0.982
1629790380,+3.48,+30.675, +9.329,+0.984
1629790440,+3.48,+30.658, +9.325,+0.984
1629790500,+3.48,+30.658, +9.324,+0.984
1629790560,+3.48,+30.649, +9.321,+0.983
1629790620,+3.48,+30.632, +9.362,+0.984
1629790680,+3.48,+30.640, +9.318,+0.983
1629790740,+3.48,+30.632, +9.269,+0.984
1629790800,+3.48,+30.623, +9.286,+0.984
1629790860,+3.48,+30.623, +9.182,+0.983
1629790920,+3.48,+30.614, +9.126,+0.983
1629790980,+3.48,+30.606, +9.182,+0.983
1629791040,+3.48,+30.597, +9.294,+0.984
1629791100,+3.48,+30.606, +9.247,+0.983
1629791160,+3.48,+30.588, +9.287,+0.984
1629791220,+3.48,+30.606, +9.272,+0.982
1629791280,+3.48,+30.580, +9.306,+0.983
1629791340,+3.48,+30.571, +9.306,+0.984
1629791400,+3.48,+30.580, +9.280,+0.983
1629791460,+3.48,+30.554, +9.188,+0.984
1629791520,+3.48,+30.580, +9.079,+0.983
1629791580,+3.48,+30.545, +8.985,+0.984
1629791640,+3.48,+30.562, +8.887,+0.984
1629791700,+3.48,+30.536, +8.898,+0.985
1629791760,+3.48,+30.545, +8.850,+0.983
1629791820,+3.48,+30.545, +8.768,+0.983
1629791880,+3.48,+30.554, +8.697,+0.983
1629791940,+3.48,+30.536, +8.675,+0.982
1629792000,+3.48,+30.519, +8.675,+0.983
1629792060,+3.48,+30.528, +8.570,+0.982
1629792120,+3.48,+30.528, +8.543,+0.984
1629792180,+3.48,+30.502, +8.468,+0.984
1629792240,+3.48,+30.502, +8.365,+0.983
1629792300,+3.48,+30.476, +8.390,+0.983
1629792360,+3.48,+30.484, +8.366,+0.983
1629792420,+3.48,+30.484, +8.307,+0.983
1629792480,+3.48,+30.476, +8.258,+0.984
1629792540,+3.48,+30.493, +8.194,+0.982
1629792600,+3.48,+30.484, +8.183,+0.983
1629792660,+3.48,+30.476, +8.145,+0.983
1629792720,+3.48,+30.484, +8.121,+0.984
1629792780,+3.48,+30.493, +8.065,+0.984
1629792840,+3.48,+30.467, +8.073,+0.982
1629792900,+3.48,+30.458, +8.063,+0.983
1629792960,+3.48,+30.450, +8.009,+0.983
1629793020,+3.48,+30.441, +7.954,+0.983
1629793080,+3.48,+30.432, +7.901,+0.983
1629793140,+3.48,+30.441, +7.902,+0.984
1629793200,+3.48,+30.432, +7.835,+0.983
1629793260,+3.48,+30.441, +7.754,+0.983
1629793320,+3.48,+30.432, +7.623,+0.983
1629793380,+3.48,+30.424, +7.511,+0.983
1629793440,+3.48,+30.415, +7.419,+0.983
1629793500,+3.48,+30.424, +7.312,+0.983
1629793560,+3.48,+30.415, +7.259,+0.983
1629793620,+3.48,+30.398, +7.254,+0.983
1629793680,+3.48,+30.406, +7.279,+0.984
1629793740,+3.48,+30.406, +7.257,+0.983
1629793800,+3.48,+30.406, +7.290,+0.983
1629793860,+3.48,+30.380, +7.311,+0.983
1629793920,+3.48,+30.389, +7.334,+0.983
1629793980,+3.48,+30.380, +7.353,+0.983
1629794040,+3.48,+30.372, +7.384,+0.983
1629794100,+3.48,+30.355, +7.388,+0.984
1629794160,+3.48,+30.372, +7.298,+0.983
1629794220,+3.48,+30.372, +7.264,+0.983
1629794280,+3.48,+30.363, +7.236,+0.984
1629794340,+3.48,+30.346, +7.151,+0.982
1629794400,+3.48,+30.355, +7.055,+0.983
1629794460,+3.48,+30.346, +7.042,+0.983
1629794520,+3.48,+30.337, +6.961,+0.983
1629794580,+3.48,+30.346, +6.942,+0.983
1629794640,+3.48,+30.329, +6.905,+0.983
1629794700,+3.48,+30.337, +6.870,+0.983
1629794760,+3.48,+30.320, +6.879,+0.984
1629794820,+3.48,+30.320, +6.877,+0.983
1629794880,+3.48,+30.303, +6.853,+0.983
1629794940,+3.48,+30.303, +6.799,+0.983
1629795000,+3.48,+30.303, +6.724,+0.983
1629795060,+3.48,+30.311, +6.666,+0.983
1629795120,+3.48,+30.320, +6.522,+0.984
1629795180,+3.48,+30.320, +6.409,+0.983
1629795240,+3.48,+30.311, +6.364,+0.983
1629795300,+3.48,+30.303, +6.321,+0.983
1629795360,+3.48,+30.285, +6.297,+0.983
1629795420,+3.48,+30.277, +6.283,+0.983
1629795480,+3.48,+30.259, +6.205,+0.983
1629795540,+3.48,+30.268, +6.048,+0.983
1629795600,+3.48,+30.259, +5.858,+0.983
1629795660,+3.48,+30.259, +5.837,+0.983
1629795720,+3.48,+30.268, +5.880,+0.984
1629795780,+3.48,+30.259, +5.878,+0.984
1629795840,+3.48,+30.251, +5.847,+0.984
1629795900,+3.48,+30.268, +5.815,+0.984
1629795960,+3.48,+30.251, +5.814,+0.984
1629796020,+3.48,+30.242, +5.873,+0.984
1629796080,+3.48,+30.259, +5.819,+0.984
1629796140,+3.48,+30.242, +5.848,+0.983
1629796200,+3.48,+30.234, +5.798,+0.984
1629796260,+3.48,+30.216, +5.823,+0.983
1629796320,+3.48,+30.208, +5.817,+0.983
1629796380,+3.48,+30.216, +5.796,+0.984
1629796440,+3.48,+30.208, +5.754,+0.983
1629796500,+3.48,+30.216, +5.684,+0.983
1629796560,+3.48,+30.234, +5.631,+0.983
1629796620,+3.48,+30.216, +5.571,+0.984
1629796680,+3.48,+30.216, +5.541,+0.983
1629796740,+3.49,+30.199, +5.551,+0.983
1629796800,+3.49,+30.199, +5.535,+0.983
1629796860,+3.48,+30.208, +5.499,+0.984
1629796920,+3.48,+30.190, +5.467,+0.984
1629796980,+3.48,+30.182, +5.446,+0.983
1629797040,+3.49,+30.182, +5.456,+0.983
1629797100,+3.48,+30.173, +5.433,+0.983
1629797160,+3.48,+30.190, +5.367,+0.983
1629797220,+3.48,+30.164, +5.329,+0.984
1629797280,+3.49,+30.164, +5.295,+0.984
1629797340,+3.49,+30.173, +5.309,+0.984
1629797400,+3.49,+30.156, +5.301,+0.984
1629797460,+3.48,+30.164, +5.247,+0.984
1629797520,+3.49,+30.156, +5.207,+0.984
1629797580,+3.49,+30.164, +5.199,+0.983
1629797640,+3.49,+30.156, +5.133,+0.984
1629797700,+3.49,+30.138, +5.027,+0.984
1629797760,+3.49,+30.147, +4.960,+0.983
1629797820,+3.49,+30.138, +4.894,+0.984
1629797880,+3.49,+30.138, +4.812,+0.984
1629797940,+3.49,+30.113, +4.747,+0.984
1629798000,+3.49,+30.130, +4.663,+0.983
1629798060,+3.49,+30.130, +4.636,+0.984
1629798120,+3.49,+30.113, +4.790,+0.984
1629798180,+3.49,+30.130, +4.761,+0.984
1629798240,+3.49,+30.113, +4.726,+0.983
1629798300,+3.49,+30.121, +4.675,+0.984
1629798360,+3.49,+30.130, +4.616,+0.984
1629798420,+3.49,+30.104, +4.564,+0.984
1629798480,+3.49,+30.087, +4.452,+0.983
1629798540,+3.49,+30.087, +4.389,+0.984
1629798600,+3.49,+30.095, +4.447,+0.984
1629798660,+3.49,+30.095, +4.441,+0.984
1629798720,+3.49,+30.087, +4.376,+0.984
1629798780,+3.49,+30.078, +4.232,+0.984
1629798840,+3.49,+30.095, +4.132,+0.984
1629798900,+3.49,+30.078, +4.011,+0.984
1629798960,+3.49,+30.078, +3.904,+0.984
1629799020,+3.49,+30.087, +3.853,+0.984
1629799080,+3.49,+30.095, +3.802,+0.984
1629799140,+3.49,+30.078, +3.763,+0.984
1629799200,+3.49,+30.061, +3.728,+0.984
1629799260,+3.49,+30.078, +3.680,+0.984
1629799320,+3.49,+30.078, +3.640,+0.984
1629799380,+3.49,+30.061, +3.676,+0.985
1629799440,+3.49,+30.043, +3.716,+0.984
1629799500,+3.49,+30.052, +3.714,+0.984
1629799560,+3.49,+30.061, +3.771,+0.984
1629799620,+3.49,+30.043, +3.834,+0.985
1629799680,+3.49,+30.061, +3.832,+0.984
1629799740,+3.49,+30.052, +3.787,+0.984
1629799800,+3.49,+30.035, +3.810,+0.984
1629799860,+3.49,+30.052, +3.855,+0.984
1629799920,+3.49,+30.035, +3.860,+0.984
1629799980,+3.49,+30.026, +3.913,+0.984
1629800040,+3.49,+30.026, +3.911,+0.984
1629800100,+3.49,+30.035, +3.922,+0.984
1629800160,+3.49,+30.000, +3.976,+0.984
1629800220,+3.49,+30.000, +3.932,+0.984
1629800280,+3.49,+30.000, +3.924,+0.984
1629800340,+3.49,+30.009, +4.014,+0.984
1629800400,+3.49,+29.992, +4.037,+0.984
1629800460,+3.49,+29.992, +3.959,+0.984
1629800520,+3.49,+29.983, +3.967,+0.985
1629800580,+3.49,+29.992, +3.952,+0.984
1629800640,+3.49,+29.992, +3.956,+0.984
1629800700,+3.49,+29.983, +3.977,+0.984
1629800760,+3.49,+29.974, +3.956,+0.984
1629800820,+3.49,+29.974, +3.913,+0.984
1629800880,+3.49,+29.974, +3.959,+0.984
1629800940,+3.49,+29.974, +3.986,+0.984
1629801000,+3.49,+29.966, +3.976,+0.984
1629801060,+3.49,+29.974, +3.972,+0.984
1629801120,+3.49,+29.949, +3.977,+0.985
1629801180,+3.49,+29.966, +3.939,+0.984
1629801240,+3.49,+29.966, +3.937,+0.985
1629801300,+3.49,+29.957, +4.003,+0.985
1629801360,+3.49,+29.949, +4.013,+0.984
1629801420,+3.49,+29.957, +3.950,+0.984
1629801480,+3.49,+29.949, +3.865,+0.984
1629801540,+3.49,+29.940, +3.852,+0.985
1629801600,+3.49,+29.949, +3.818,+0.985
1629801660,+3.49,+29.949, +3.777,+0.984
1629801720,+3.49,+29.940, +3.728,+0.984
1629801780,+3.49,+29.940, +3.662,+0.985
1629801840,+3.49,+29.931, +3.598,+0.985
1629801900,+3.49,+29.923, +3.542,+0.984
1629801960,+3.49,+29.931, +3.580,+0.985
1629802020,+3.49,+29.923, +3.534,+0.984
1629802080,+3.49,+29.923, +3.540,+0.984
1629802140,+3.49,+29.914, +3.539,+0.984
1629802200,+3.49,+29.923, +3.565,+0.984
1629802260,+3.49,+29.914, +3.570,+0.984
1629802320,+3.49,+29.905, +3.559,+0.984
1629802380,+3.49,+29.914, +3.546,+0.985
1629802440,+3.49,+29.905, +3.546,+0.984
1629802500,+3.49,+29.905, +3.568,+0.985
1629802560,+3.49,+29.905, +3.596,+0.984
1629802620,+3.49,+29.871, +3.644,+0.985
1629802680,+3.49,+29.897, +3.594,+0.985
1629802740,+3.49,+29.888, +3.520,+0.984
1629802800,+3.49,+29.888, +3.474,+0.985
1629802860,+3.49,+29.871, +3.412,+0.984
1629802920,+3.49,+29.862, +3.376,+0.984
1629802980,+3.49,+29.888, +3.377,+0.985
1629803040,+3.49,+29.862, +3.320,+0.985
1629803100,+3.49,+29.871, +3.296,+0.985
1629803160,+3.49,+29.845, +3.401,+0.985
1629803220,+3.49,+29.862, +3.411,+0.985
1629803280,+3.49,+29.845, +3.395,+0.985
1629803340,+3.49,+29.854, +3.329,+0.985
1629803400,+3.49,+29.845, +3.252,+0.985
1629803460,+3.49,+29.828, +3.172,+0.985
1629803520,+3.49,+29.845, +3.204,+0.985
1629803580,+3.49,+29.836, +3.177,+0.985
1629803640,+3.49,+29.828, +3.110,+0.985
1629803700,+3.49,+29.836, +3.110,+0.985
1629803760,+3.49,+29.828, +3.088,+0.985
1629803820,+3.49,+29.845, +3.050,+0.985
1629803880,+3.49,+29.836, +2.983,+0.985
1629803940,+3.49,+29.819, +2.935,+0.986
1629804000,+3.49,+29.828, +2.844,+0.985
1629804060,+3.49,+29.828, +2.750,+0.986
1629804120,+3.49,+29.828, +2.693,+0.986
1629804180,+3.49,+29.811, +2.626,+0.986
1629804240,+3.49,+29.819, +2.542,+0.986
1629804300,+3.49,+29.802, +2.471,+0.986
1629804360,+3.49,+29.802, +2.412,+0.986
1629804420,+3.49,+29.802, +2.351,+0.985
1629804480,+3.49,+29.811, +2.282,+0.985
1629804540,+3.48,+29.811, +2.202,+0.985
1629804600,+3.48,+29.802, +2.175,+0.985
1629804660,+3.48,+29.776, +2.160,+0.985
1629804720,+3.48,+29.776, +2.160,+0.986
1629804780,+3.48,+29.785, +2.156,+0.985
1629804840,+3.48,+29.785, +2.314,+0.986
1629804900,+3.48,+29.793, +2.237,+0.985
1629804960,+3.48,+29.785, +2.239,+0.985
1629805020,+3.48,+29.785, +2.193,+0.986
1629805080,+3.48,+29.768, +2.220,+0.986
1629805140,+3.48,+29.768, +2.251,+0.986
1629805200,+3.48,+29.768, +2.250,+0.986
1629805260,+3.48,+29.768, +2.371,+0.986
1629805320,+3.48,+29.759, +2.386,+0.986
1629805380,+3.48,+29.776, +2.421,+0.986
1629805440,+3.48,+29.759, +2.480,+0.986
1629805500,+3.48,+29.750, +2.452,+0.986
1629805560,+3.48,+29.750, +2.370,+0.986
1629805620,+3.48,+29.742, +2.264,+0.986
1629805680,+3.48,+29.716, +2.280,+0.986
1629805740,+3.48,+29.724, +2.268,+0.986
1629805800,+3.48,+29.716, +2.255,+0.986
1629805860,+3.48,+29.716, +2.164,+0.986
1629805920,+3.48,+29.716, +2.064,+0.986
1629805980,+3.48,+29.733, +2.149,+0.986
1629806040,+3.48,+29.724, +2.119,+0.986
1629806100,+3.48,+29.707, +2.047,+0.986
1629806160,+3.48,+29.724, +1.999,+0.986
1629806220,+3.48,+29.716, +2.026,+0.986
1629806280,+3.48,+29.707, +2.058,+0.986
1629806340,+3.48,+29.716, +2.049,+0.986
1629806400,+3.48,+29.699, +2.012,+0.986
1629806460,+3.48,+29.707, +1.976,+0.986
1629806520,+3.48,+29.681, +1.908,+0.986
1629806580,+3.48,+29.699, +1.774,+0.986
1629806640,+3.48,+29.690, +1.708,+0.986
1629806700,+3.48,+29.699, +1.707,+0.986
1629806760,+3.48,+29.681, +1.645,+0.986
1629806820,+3.48,+29.690, +1.604,+0.986
1629806880,+3.48,+29.681, +1.618,+0.986
1629806940,+3.48,+29.673, +1.616,+0.986
1629807000,+3.48,+29.664, +1.599,+0.986
1629807060,+3.48,+29.656, +1.566,+0.986
1629807120,+3.48,+29.673, +1.574,+0.986
1629807180,+3.48,+29.673, +1.596,+0.986
1629807240,+3.48,+29.656, +1.562,+0.986
1629807300,+3.48,+29.656, +1.504,+0.986
1629807360,+3.48,+29.638, +1.422,+0.985
1629807420,+3.48,+29.638, +1.483,+0.986
1629807480,+3.48,+29.656, +1.465,+0.986
1629807540,+3.48,+29.630, +1.419,+0.985
1629807600,+3.48,+29.647, +1.364,+0.985
1629807660,+3.48,+29.638, +1.360,+0.985
1629807720,+3.48,+29.638, +1.357,+0.985
1629807780,+3.48,+29.647, +1.464,+0.985
1629807840,+3.48,+29.621, +1.433,+0.985
1629807900,+3.48,+29.630, +1.406,+0.985
1629807960,+3.48,+29.621, +1.347,+0.985
1629808020,+3.48,+29.630, +1.365,+0.985
1629808080,+3.48,+29.613, +1.356,+0.986
1629808140,+3.48,+29.621, +1.349,+0.985
1629808200,+3.48,+29.621, +1.331,+0.986
1629808260,+3.48,+29.621, +1.251,+0.985
1629808320,+3.48,+29.613, +1.196,+0.985
1629808380,+3.48,+29.613, +1.128,+0.985
1629808440,+3.48,+29.613, +1.086,+0.984
1629808500,+3.48,+29.595, +1.070,+0.984
1629808560,+3.48,+29.604, +1.042,+0.984
1629808620,+3.48,+29.604, +0.989,+0.983
1629808680,+3.48,+29.604, +0.955,+0.983
1629808740,+3.48,+29.604, +0.965,+0.983
1629808800,+3.48,+29.595, +0.982,+0.983
1629808860,+3.48,+29.595, +0.970,+0.983
1629808920,+3.48,+29.595, +0.945,+0.983
1629808980,+3.48,+29.587, +0.933,+0.983
1629809040,+3.48,+29.587, +0.951,+0.983
1629809100,+3.48,+29.587, +0.984,+0.983
1629809160,+3.48,+29.587, +0.985,+0.983
1629809220,+3.48,+29.595, +0.948,+0.983
1629809280,+3.48,+29.595, +0.912,+0.983
1629809340,+3.48,+29.578, +0.894,+0.983
1629809400,+3.48,+29.578, +0.868,+0.983
1629809460,+3.48,+29.587, +0.852,+0.982
1629809520,+3.48,+29.587, +1.127,+0.985
1629809580,+3.48,+29.595, +1.138,+0.985
1629809640,+3.48,+29.578, +1.108,+0.985
1629809700,+3.48,+29.587, +1.086,+0.984
1629809760,+3.48,+29.578, +1.063,+0.984
1629809820,+3.48,+29.561, +1.032,+0.984
1629809880,+3.48,+29.561, +1.034,+0.984
1629809940,+3.48,+29.569, +1.054,+0.984
1629810000,+3.48,+29.578, +1.026,+0.984
1629810060,+3.48,+29.578, +1.023,+0.984
1629810120,+3.48,+29.578, +0.994,+0.984
1629810180,+3.48,+29.544, +0.982,+0.984
1629810240,+3.48,+29.595, +0.981,+0.984
1629810300,+3.48,+29.587, +1.032,+0.984
1629810360,+3.48,+29.578, +1.097,+0.985
1629810420,+3.48,+29.578, +1.205,+0.985
1629810480,+3.48,+29.561, +1.222,+0.985
1629810540,+3.48,+29.569, +1.219,+0.985
1629810600,+3.48,+29.561, +1.182,+0.985
1629810660,+3.48,+29.569, +1.175,+0.985
1629810720,+3.48,+29.569, +1.183,+0.985
1629810780,+3.48,+29.578, +1.160,+0.985
1629810840,+3.48,+29.569, +1.123,+0.985
1629810900,+3.48,+29.569, +1.140,+0.985
1629810960,+3.48,+29.578, +1.119,+0.985
1629811020,+3.48,+29.587, +1.094,+0.985
1629811080,+3.48,+29.578, +1.088,+0.984
1629811140,+3.48,+29.587, +1.078,+0.984
1629811200,+3.48,+29.578, +1.024,+0.984
1629811260,+3.48,+29.595, +0.949,+0.984
1629811320,+3.48,+29.595, +0.906,+0.983
1629811380,+3.48,+29.587, +0.856,+0.983
1629811440,+3.48,+29.578, +0.812,+0.982
1629811500,+3.48,+29.587, +0.767,+0.982
1629811560,+3.48,+29.587, +0.713,+0.981
1629811620,+3.48,+29.587, +0.705,+0.981
1629811680,+3.48,+29.595, +0.643,+0.980
1629811740,+3.48,+29.595, +0.576,+0.979
1629811800,+3.48,+29.604, +0.558,+0.979
1629811860,+3.48,+29.595, +0.529,+0.979
1629811920,+3.48,+29.595, +0.499,+0.978
1629811980,+3.48,+29.604, +0.464,+0.978
1629812040,+3.48,+29.587, +0.513,+0.978
1629812100,+3.48,+29.595, +0.531,+0.978
1629812160,+3.48,+29.595, +0.575,+0.979
1629812220,+3.48,+29.595, +0.606,+0.980
1629812280,+3.48,+29.595, +0.643,+0.980
1629812340,+3.48,+29.604, +0.656,+0.980
1629812400,+3.48,+29.613, +0.704,+0.981
1629812460,+3.48,+29.604, +0.744,+0.981
1629812520,+3.48,+29.613, +0.846,+0.982
1629812580,+3.48,+29.613, +1.037,+0.984
1629812640,+3.48,+29.604, +1.365,+0.986
1629812700,+3.48,+29.587, +1.404,+0.986
1629812760,+3.48,+29.604, +1.380,+0.986
1629812820,+3.48,+29.604, +1.349,+0.985
1629812880,+3.48,+29.613, +1.314,+0.985
1629812940,+3.48,+29.613, +1.330,+0.985
1629813000,+3.48,+29.604, +1.384,+0.985
1629813060,+3.48,+29.595, +1.454,+0.986
1629813120,+3.48,+29.604, +1.481,+0.986
1629813180,+3.48,+29.613, +1.527,+0.986
1629813240,+3.48,+29.613, +1.866,+0.986
1629813300,+3.48,+29.595, +1.931,+0.986
1629813360,+3.48,+29.613, +1.883,+0.986
1629813420,+3.48,+29.613, +2.007,+0.986
1629813480,+3.48,+29.613, +1.979,+0.987
1629813540,+3.48,+29.604, +1.930,+0.986
1629813600,+3.48,+29.630, +1.889,+0.986
1629813660,+3.48,+29.595, +2.072,+0.987
1629813720,+3.48,+29.604, +2.066,+0.986
1629813780,+3.48,+29.621, +1.972,+0.987
1629813840,+3.48,+29.621, +1.890,+0.986
1629813900,+3.48,+29.613, +1.822,+0.986
1629813960,+3.48,+29.621, +1.776,+0.986
1629814020,+3.48,+29.604, +1.761,+0.986
1629814080,+3.48,+29.621, +1.599,+0.986
1629814140,+3.48,+29.621, +1.509,+0.986
1629814200,+3.48,+29.613, +1.492,+0.985
1629814260,+3.48,+29.621, +1.411,+0.985
1629814320,+3.48,+29.595, +1.470,+0.985
1629814380,+3.48,+29.621, +1.417,+0.985
1629814440,+3.48,+29.638, +1.361,+0.985
1629814500,+3.48,+29.621, +1.405,+0.985
1629814560,+3.48,+29.621, +1.443,+0.985
1629814620,+3.48,+29.630, +1.427,+0.985
1629814680,+3.48,+29.647, +1.525,+0.986
1629814740,+3.48,+29.613, +1.480,+0.985
1629814800,+3.48,+29.638, +1.485,+0.985
1629814860,+3.48,+29.656, +1.582,+0.985
1629814920,+3.48,+29.638, +1.729,+0.986
1629814980,+3.48,+29.647, +1.862,+0.986
1629815040,+3.48,+29.630, +2.091,+0.986
1629815100,+3.48,+29.638, +2.143,+0.986
1629815160,+3.48,+29.647, +2.217,+0.986
1629815220,+3.48,+29.647, +2.275,+0.986
1629815280,+3.48,+29.656, +2.545,+0.986
1629815340,+3.48,+29.656, +2.547,+0.986
1629815400,+3.48,+29.673, +2.522,+0.986
1629815460,+3.48,+29.656, +2.622,+0.986
1629815520,+3.48,+29.673, +2.566,+0.986
1629815580,+3.48,+29.656, +2.550,+0.986
1629815640,+3.48,+29.673, +2.585,+0.986
1629815700,+3.48,+29.673, +2.530,+0.986
1629815760,+3.48,+29.664, +2.486,+0.986
1629815820,+3.48,+29.673, +2.468,+0.986
1629815880,+3.48,+29.664, +2.545,+0.986
1629815940,+3.48,+29.673, +2.617,+0.986
1629816000,+3.48,+29.681, +2.617,+0.986
1629816060,+3.48,+29.699, +2.597,+0.986
1629816120,+3.48,+29.681, +2.599,+0.986
1629816180,+3.48,+29.690, +2.611,+0.986
1629816240,+3.48,+29.707, +2.629,+0.986
1629816300,+3.48,+29.716, +2.662,+0.986
1629816360,+3.48,+29.724, +2.679,+0.986
1629816420,+3.48,+29.742, +2.709,+0.985
1629816480,+3.48,+29.742, +2.830,+0.985
1629816540,+3.48,+29.750, +2.902,+0.985
1629816600,+3.48,+29.750, +2.916,+0.985
1629816660,+3.48,+29.759, +2.952,+0.985
1629816720,+3.48,+29.750, +2.972,+0.985
1629816780,+3.48,+29.759, +2.968,+0.985
1629816840,+3.48,+29.785, +2.971,+0.985
1629816900,+3.48,+29.776, +3.088,+0.985
1629816960,+3.48,+29.768, +3.211,+0.985
1629817020,+3.48,+29.785, +3.223,+0.985
1629817080,+3.48,+29.793, +3.246,+0.985
1629817140,+3.48,+29.802, +3.243,+0.985
1629817200,+3.48,+29.793, +3.277,+0.985
1629817260,+3.49,+29.811, +3.313,+0.985
1629817320,+3.49,+29.811, +3.334,+0.985
1629817380,+3.49,+29.828, +3.372,+0.985
1629817440,+3.49,+29.828, +3.422,+0.984
1629817500,+3.49,+29.819, +3.498,+0.985
1629817560,+3.49,+29.845, +3.526,+0.984
1629817620,+3.49,+29.828, +3.570,+0.985
1629817680,+3.49,+29.836, +3.614,+0.984
1629817740,+3.49,+29.845, +3.644,+0.984
1629817800,+3.49,+29.854, +3.790,+0.984
1629817860,+3.49,+29.862, +3.862,+0.984
1629817920,+3.49,+29.836, +3.953,+0.984
1629817980,+3.49,+29.836, +3.934,+0.984
1629818040,+3.49,+29.854, +3.890,+0.984
1629818100,+3.49,+29.862, +3.827,+0.984
1629818160,+3.49,+29.880, +3.840,+0.984
1629818220,+3.49,+29.880, +3.819,+0.984
1629818280,+3.49,+29.888, +3.777,+0.984
1629818340,+3.49,+29.888, +3.797,+0.984
1629818400,+3.49,+29.888, +3.808,+0.984
1629818460,+3.49,+29.880, +3.820,+0.984
1629818520,+3.49,+29.880, +3.916,+0.984
1629818580,+3.49,+29.888, +4.097,+0.984
1629818640,+3.49,+29.888, +4.115,+0.984
1629818700,+3.49,+29.931, +4.116,+0.983
1629818760,+3.49,+29.931, +4.129,+0.984
1629818820,+3.49,+29.940, +4.124,+0.983
1629818880,+3.49,+29.957, +4.176,+0.984
1629818940,+3.49,+29.949, +4.343,+0.983
1629819000,+3.49,+29.983, +4.345,+0.983
1629819060,+3.49,+29.992, +4.312,+0.984
1629819120,+3.49,+29.992, +4.267,+0.984
1629819180,+3.49,+30.000, +4.238,+0.983
1629819240,+3.49,+30.018, +4.230,+0.983
1629819300,+3.49,+30.009, +4.255,+0.984
1629819360,+3.49,+30.026, +4.251,+0.983
1629819420,+3.49,+30.018, +4.398,+0.983
1629819480,+3.49,+30.035, +4.381,+0.984
1629819540,+3.49,+30.035, +4.344,+0.983
1629819600,+3.49,+30.043, +4.310,+0.983
1629819660,+3.49,+30.026, +4.294,+0.983
1629819720,+3.49,+30.026, +4.247,+0.983
1629819780,+3.49,+30.026, +4.184,+0.984
1629819840,+3.49,+30.026, +4.163,+0.983
1629819900,+3.49,+30.018, +4.213,+0.983
1629819960,+3.49,+30.043, +4.540,+0.983
1629820020,+3.49,+30.026, +4.592,+0.983
1629820080,+3.49,+30.043, +4.512,+0.983
1629820140,+3.49,+30.035, +4.540,+0.983
1629820200,+3.49,+30.043, +4.499,+0.983
1629820260,+3.49,+30.043, +4.492,+0.983
1629820320,+3.49,+30.061, +4.434,+0.983
1629820380,+3.49,+30.069, +4.406,+0.983
1629820440,+3.49,+30.095, +4.376,+0.983
1629820500,+3.49,+30.095, +4.424,+0.983
1629820560,+3.49,+30.104, +4.470,+0.983
1629820620,+3.49,+30.113, +4.487,+0.983
1629820680,+3.49,+30.095, +4.500,+0.983
1629820740,+3.49,+30.078, +4.509,+0.983
1629820800,+3.49,+30.087, +4.469,+0.983
1629820860,+3.49,+30.061, +4.424,+0.983
1629820920,+3.49,+30.095, +4.406,+0.983
1629820980,+3.49,+30.104, +4.381,+0.983
1629821040,+3.49,+30.104, +4.454,+0.983
1629821100,+3.49,+30.121, +4.549,+0.983
1629821160,+3.49,+30.147, +4.815,+0.983
1629821220,+3.49,+30.138, +5.006,+0.984
1629821280,+3.49,+30.147, +5.059,+0.983
1629821340,+3.49,+30.173, +5.019,+0.983
1629821400,+3.49,+30.199, +4.985,+0.982
1629821460,+3.49,+30.199, +5.017,+0.983
1629821520,+3.49,+30.182, +5.061,+0.983
1629821580,+3.49,+30.182, +5.055,+0.983
1629821640,+3.49,+30.164, +5.011,+0.983
1629821700,+3.49,+30.182, +5.009,+0.983
1629821760,+3.49,+30.190, +4.976,+0.982
1629821820,+3.49,+30.182, +4.977,+0.982
1629821880,+3.49,+30.190, +4.987,+0.983
1629821940,+3.49,+30.199, +4.980,+0.983
1629822000,+3.49,+30.216, +4.970,+0.983
1629822060,+3.49,+30.216, +5.002,+0.983
1629822120,+3.49,+30.234, +5.134,+0.982
1629822180,+3.49,+30.242, +5.184,+0.983
1629822240,+3.49,+30.268, +5.239,+0.982
1629822300,+3.48,+30.259, +5.252,+0.982
1629822360,+3.49,+30.251, +5.258,+0.982
1629822420,+3.49,+30.251, +5.353,+0.983
1629822480,+3.49,+30.242, +5.284,+0.983
1629822540,+3.49,+30.251, +5.187,+0.982
1629822600,+3.49,+30.251, +5.225,+0.983
1629822660,+3.49,+30.268, +5.328,+0.982
1629822720,+3.49,+30.285, +5.364,+0.983
1629822780,+3.49,+30.285, +5.364,+0.983
1629822840,+3.49,+30.294, +5.387,+0.983
1629822900,+3.48,+30.268, +5.400,+0.982
1629822960,+3.49,+30.294, +5.387,+0.982
1629823020,+3.49,+30.311, +5.391,+0.982
1629823080,+3.48,+30.320, +5.432,+0.982
1629823140,+3.48,+30.329, +5.461,+0.982
1629823200,+3.48,+30.329, +5.513,+0.982
1629823260,+3.48,+30.337, +5.596,+0.982
1629823320,+3.48,+30.337, +5.636,+0.982
1629823380,+3.48,+30.355, +5.629,+0.982
1629823440,+3.48,+30.337, +5.636,+0.982
1629823500,+3.48,+30.346, +5.658,+0.982
1629823560,+3.48,+30.363, +5.699,+0.982
1629823620,+3.48,+30.363, +5.770,+0.982
1629823680,+3.48,+30.372, +5.797,+0.982
1629823740,+3.48,+30.389, +5.846,+0.983
1629823800,+3.48,+30.389, +5.889,+0.982
1629823860,+3.48,+30.406, +5.980,+0.982
1629823920,+3.48,+30.415, +6.113,+0.982
1629823980,+3.48,+30.441, +6.182,+0.982
1629824040,+3.48,+30.467, +6.210,+0.981
1629824100,+3.48,+30.441, +6.220,+0.982
1629824160,+3.48,+30.450, +6.193,+0.982
1629824220,+3.48,+30.458, +6.248,+0.982
1629824280,+3.48,+30.450, +6.212,+0.982
1629824340,+3.48,+30.493, +6.205,+0.982
1629824400,+3.48,+30.476, +6.336,+0.982
1629824460,+3.48,+30.484, +6.383,+0.982
1629824520,+3.48,+30.519, +6.379,+0.982
1629824580,+3.48,+30.510, +6.402,+0.981
1629824640,+3.48,+30.536, +6.448,+0.981
1629824700,+3.48,+30.545, +6.521,+0.982
1629824760,+3.48,+30.562, +6.544,+0.982
1629824820,+3.48,+30.536, +6.594,+0.982
1629824880,+3.48,+30.545, +6.570,+0.982
1629824940,+3.48,+30.545, +6.565,+0.981
1629825000,+3.48,+30.545, +6.535,+0.981
1629825060,+3.48,+30.536, +6.671,+0.981
1629825120,+3.48,+30.519, +6.860,+0.982
1629825180,+3.48,+30.545, +6.843,+0.982
1629825240,+3.48,+30.554, +6.777,+0.981
1629825300,+3.48,+30.588, +6.755,+0.982
1629825360,+3.48,+30.597, +6.855,+0.981
1629825420,+3.48,+30.562, +6.917,+0.981
1629825480,+3.48,+30.597, +6.950,+0.981
1629825540,+3.48,+30.597, +6.941,+0.981
1629825600,+3.48,+30.588, +6.932,+0.982
1629825660,+3.48,+30.588, +6.929,+0.981
1629825720,+3.48,+30.580, +6.919,+0.981
1629825780,+3.48,+30.571, +7.424,+0.982
1629825840,+3.48,+30.597, +7.488,+0.982
1629825900,+3.48,+30.614, +7.414,+0.981
1629825960,+3.48,+30.623, +7.337,+0.981
1629826020,+3.48,+30.640, +7.290,+0.982
1629826080,+3.48,+30.684, +7.226,+0.981
1629826140,+3.48,+30.684, +7.231,+0.981
1629826200,+3.48,+30.692, +7.198,+0.982
1629826260,+3.48,+30.666, +7.234,+0.981
1629826320,+3.48,+30.666, +7.256,+0.982
1629826380,+3.48,+30.658, +7.204,+0.982
1629826440,+3.48,+30.632, +7.135,+0.981
1629826500,+3.48,+30.614, +7.080,+0.982
1629826560,+3.48,+30.632, +7.001,+0.981
1629826620,+3.48,+30.658, +6.954,+0.981
1629826680,+3.48,+30.675, +7.001,+0.981
1629826740,+3.48,+30.692, +7.076,+0.982
1629826800,+3.48,+30.718, +7.154,+0.982
1629826860,+3.48,+30.753, +7.324,+0.983
1629826920,+3.48,+30.796, +7.477,+0.981
1629826980,+3.48,+30.796, +7.583,+0.981
1629827040,+3.48,+30.814, +7.743,+0.981
1629827100,+3.48,+30.822, +7.847,+0.982
1629827160,+3.48,+30.831, +7.911,+0.981
1629827220,+3.48,+30.822, +8.030,+0.981
1629827280,+3.48,+30.814, +8.041,+0.981
1629827340,+3.48,+30.831, +8.033,+0.981
1629827400,+3.48,+30.831, +8.013,+0.981
1629827460,+3.48,+30.831, +8.120,+0.981
1629827520,+3.48,+30.848, +8.134,+0.981
1629827580,+3.48,+30.848, +8.369,+0.981
1629827640,+3.48,+30.840, +8.672,+0.981
1629827700,+3.49,+30.874, +8.648,+0.980
1629827760,+3.49,+30.909, +8.567,+0.981
1629827820,+3.49,+30.927, +8.533,+0.980
1629827880,+3.49,+30.953, +8.548,+0.981
1629827940,+3.49,+30.970, +8.675,+0.981
1629828000,+3.49,+30.979, +8.724,+0.981
1629828060,+3.49,+30.953, +8.770,+0.981
1629828120,+3.49,+30.935, +8.741,+0.981
1629828180,+3.49,+30.944, +8.773,+0.981
1629828240,+3.49,+30.935, +8.769,+0.982
1629828300,+3.49,+30.918, +8.797,+0.982
1629828360,+3.49,+30.909, +9.064,+0.980
1629828420,+3.49,+30.900, +9.264,+0.982
1629828480,+3.49,+30.918, +9.494,+0.982
1629828540,+3.49,+30.909, +9.370,+0.981
1629828600,+3.49,+30.927, +9.235,+0.982
1629828660,+3.49,+30.935, +9.190,+0.981
1629828720,+3.49,+30.953, +9.172,+0.982
1629828780,+3.49,+30.970, +9.136,+0.982
1629828840,+3.49,+30.970, +9.154,+0.982
1629828900,+3.49,+30.979, +9.124,+0.981
1629828960,+3.49,+30.961, +9.109,+0.981
1629829020,+3.49,+30.996, +9.207,+0.981
1629829080,+3.49,+31.048, +9.350,+0.981
1629829140,+3.49,+31.074, +9.447,+0.981
1629829200,+3.49,+31.074, +9.477,+0.982
1629829260,+3.49,+31.074, +9.449,+0.980
1629829320,+3.49,+31.092, +9.565,+0.982
1629829380,+3.49,+31.118, +9.689,+0.981
1629829440,+3.49,+31.187, +9.962,+0.981
1629829500,+3.49,+31.239,+10.038,+0.981
1629829560,+3.49,+31.257,+10.020,+0.982
1629829620,+3.49,+31.266,+10.023,+0.981
1629829680,+3.49,+31.257,+10.013,+0.981
1629829740,+3.49,+31.248, +9.993,+0.982
1629829800,+3.49,+31.248,+10.092,+0.982
1629829860,+3.49,+31.239,+10.214,+0.981
1629829920,+3.49,+31.274,+10.225,+0.981
1629829980,+3.49,+31.257,+10.150,+0.980
1629830040,+3.49,+31.257,+10.209,+0.982
1629830100,+3.49,+31.274,+10.187,+0.982
1629830160,+3.49,+31.283,+10.195,+0.981
1629830220,+3.49,+31.257,+10.462,+0.981
1629830280,+3.49,+31.248,+10.739,+0.982
1629830340,+3.49,+31.266,+10.713,+0.981
1629830400,+3.49,+31.231,+10.638,+0.981
1629830460,+3.49,+31.222,+10.493,+0.982
1629830520,+3.49,+31.231,+10.392,+0.982
1629830580,+3.49,+31.239,+10.289,+0.979
1629830640,+3.49,+31.266,+10.863,+0.980
1629830700,+3.49,+31.318,+11.211,+0.981
1629830760,+3.49,+31.318,+11.194,+0.982
1629830820,+3.49,+31.318,+10.979,+0.980
1629830880,+3.49,+31.379,+11.047,+0.982
1629830940,+3.49,+31.379,+11.027,+0.981
1629831000,+3.49,+31.370,+11.094,+0.981
1629831060,+3.49,+31.379,+11.015,+0.982
1629831120,+3.49,+31.353,+11.036,+0.980
1629831180,+3.49,+31.344,+11.220,+0.980
1629831240,+3.49,+31.344,+11.172,+0.981
1629831300,+3.49,+31.318,+11.102,+0.981
1629831360,+3.49,+31.361,+11.431,+0.981
1629831420,+3.49,+31.370,+11.486,+0.981
1629831480,+3.49,+31.353,+11.440,+0.981
1629831540,+3.49,+31.396,+11.289,+0.981
1629831600,+3.49,+31.448,+11.315,+0.983
1629831660,+3.49,+31.501,+11.350,+0.980
1629831720,+3.49,+31.509,+11.373,+0.982
1629831780,+3.49,+31.518,+11.470,+0.981
1629831840,+3.49,+31.518,+11.669,+0.982
1629831900,+3.49,+31.536,+11.800,+0.980
1629831960,+3.49,+31.553,+11.792,+0.982
1629832020,+3.49,+31.544,+11.686,+0.980
1629832080,+3.49,+31.509,+11.989,+0.980
1629832140,+3.49,+31.527,+11.967,+0.981
1629832200,+3.49,+31.536,+11.844,+0.982
1629832260,+3.49,+31.492,+11.663,+0.981
1629832320,+3.49,+31.448,+11.578,+0.981
1629832380,+3.49,+31.414,+11.399,+0.981
1629832440,+3.49,+31.370,+11.232,+0.982
1629832500,+3.49,+31.370,+11.074,+0.981
1629832560,+3.49,+31.353,+11.465,+0.982
1629832620,+3.49,+31.387,+11.545,+0.982
1629832680,+3.49,+31.431,+11.570,+0.982
1629832740,+3.49,+31.501,+11.637,+0.981
1629832800,+3.49,+31.501,+11.649,+0.981
1629832860,+3.49,+31.518,+11.754,+0.982
1629832920,+3.49,+31.562,+11.725,+0.980
1629832980,+3.49,+31.562,+11.756,+0.981
1629833040,+3.49,+31.562,+11.805,+0.981
1629833100,+3.49,+31.579,+11.811,+0.979
1629833160,+3.49,+31.579,+11.864,+0.981
1629833220,+3.49,+31.588,+11.928,+0.981
1629833280,+3.49,+31.632,+12.041,+0.981
1629833340,+3.48,+31.693,+12.301,+0.982
1629833400,+3.48,+31.736,+12.609,+0.981
1629833460,+3.48,+31.771,+12.795,+0.980
1629833520,+3.48,+31.815,+12.786,+0.981
1629833580,+3.48,+31.815,+12.762,+0.981
1629833640,+3.48,+31.815,+12.840,+0.981
1629833700,+3.48,+31.771,+13.056,+0.981
1629833760,+3.48,+31.797,+13.067,+0.981
1629833820,+3.48,+31.789,+12.914,+0.981
1629833880,+3.48,+31.771,+12.850,+0.981
1629833940,+3.48,+31.754,+13.186,+0.980
1629834000,+3.48,+31.824,+13.307,+0.981
1629834060,+3.48,+31.867,+13.346,+0.980
1629834120,+3.48,+31.859,+13.323,+0.983
1629834180,+3.48,+31.841,+13.098,+0.981
1629834240,+3.48,+31.815,+12.907,+0.980
1629834300,+3.48,+31.815,+12.792,+0.980
1629834360,+3.48,+31.762,+12.672,+0.981
1629834420,+3.48,+31.736,+12.568,+0.981
1629834480,+3.48,+31.771,+12.705,+0.981
1629834540,+3.48,+31.832,+12.983,+0.981
1629834600,+3.48,+31.850,+13.012,+0.981
1629834660,+3.48,+31.876,+13.105,+0.981
1629834720,+3.48,+31.920,+13.360,+0.981
1629834780,+3.49,+32.007,+13.601,+0.981
1629834840,+3.49,+32.033,+13.654,+0.981
1629834900,+3.49,+32.060,+13.687,+0.981
1629834960,+3.49,+32.077,+13.687,+0.981
1629835020,+3.49,+32.060,+13.677,+0.980
1629835080,+3.49,+32.051,+13.649,+0.981
1629835140,+3.49,+32.086,+13.758,+0.981
1629835200,+3.49,+32.060,+13.952,+0.982
1629835260,+3.49,+32.086,+13.958,+0.980
1629835320,+3.49,+32.095,+13.947,+0.980
1629835380,+3.49,+32.103,+13.942,+0.982
1629835440,+3.49,+32.095,+13.777,+0.980
1629835500,+3.49,+32.086,+13.719,+0.982
1629835560,+3.49,+32.068,+13.660,+0.982
1629835620,+3.49,+32.060,+13.659,+0.981
1629835680,+3.49,+32.051,+13.626,+0.979
1629835740,+3.49,+32.007,+13.694,+0.981
1629835800,+3.49,+31.998,+13.660,+0.981
1629835860,+3.49,+32.007,+13.672,+0.980
1629835920,+3.49,+32.007,+13.814,+0.982
1629835980,+3.49,+31.981,+13.802,+0.981
1629836040,+3.49,+32.007,+13.826,+0.982
1629836100,+3.49,+32.051,+13.978,+0.982
1629836160,+3.49,+32.077,+14.058,+0.982
1629836220,+3.49,+32.068,+13.915,+0.981
1629836280,+3.49,+32.051,+13.949,+0.982
1629836340,+3.49,+32.095,+13.935,+0.981
1629836400,+3.49,+32.121,+13.997,+0.979
1629836460,+3.49,+32.139,+14.321,+0.982
1629836520,+3.49,+32.130,+14.416,+0.980
1629836580,+3.49,+32.156,+14.483,+0.981
1629836640,+3.49,+32.226,+14.707,+0.982
1629836700,+3.49,+32.270,+14.822,+0.981
1629836760,+3.49,+32.314,+15.213,+0.981
1629836820,+3.49,+32.287,+15.232,+0.981
1629836880,+3.49,+32.279,+15.101,+0.981
1629836940,+3.49,+32.270,+14.986,+0.982
1629837000,+3.49,+32.235,+14.887,+0.983
1629837060,+3.49,+32.217,+14.701,+0.980
1629837120,+3.49,+32.139,+14.607,+0.982
1629837180,+3.49,+32.112,+14.539,+0.979
1629837240,+3.49,+32.068,+14.382,+0.981
1629837300,+3.49,+32.025,+14.301,+0.982
1629837360,+3.49,+32.007,+14.148,+0.981
1629837420,+3.49,+31.990,+14.144,+0.984
1629837480,+3.49,+32.007,+14.092,+0.981
1629837540,+3.49,+32.060,+14.217,+0.979
1629837600,+3.49,+32.077,+14.354,+0.980
1629837660,+3.49,+32.121,+14.487,+0.980
1629837720,+3.49,+32.182,+14.976,+0.981
1629837780,+3.49,+32.252,+15.199,+0.981
1629837840,+3.49,+32.314,+15.451,+0.980
1629837900,+3.49,+32.366,+15.521,+0.982
1629837960,+3.49,+32.393,+15.391,+0.981
1629838020,+3.49,+32.428,+15.401,+0.981
1629838080,+3.49,+32.454,+15.449,+0.982
1629838140,+3.49,+32.463,+15.547,+0.981
1629838200,+3.49,+32.516,+15.839,+0.980
1629838260,+3.49,+32.533,+15.955,+0.980
1629838320,+3.49,+32.498,+16.105,+0.982
1629838380,+3.49,+32.533,+16.458,+0.980
1629838440,+3.49,+32.612,+16.513,+0.981
1629838500,+3.49,+32.621,+16.621,+0.982
1629838560,+3.49,+32.568,+16.421,+0.979
1629838620,+3.49,+32.516,+16.171,+0.981
1629838680,+3.49,+32.384,+15.804,+0.981
1629838740,+3.49,+32.393,+15.390,+0.978
1629838800,+3.49,+32.323,+15.275,+0.982
1629838860,+3.49,+32.366,+15.303,+0.981
1629838920,+3.49,+32.340,+15.520,+0.979
1629838980,+3.49,+32.305,+15.688,+0.982
1629839040,+3.49,+32.226,+15.582,+0.983
1629839100,+3.49,+32.235,+15.890,+0.984
1629839160,+3.49,+32.252,+15.708,+0.980
1629839220,+3.49,+32.314,+15.819,+0.980
1629839280,+3.49,+32.305,+15.731,+0.981
1629839340,+3.49,+32.340,+15.815,+0.982
1629839400,+3.49,+32.401,+15.844,+0.982
1629839460,+3.49,+32.472,+16.185,+0.981
1629839520,+3.49,+32.445,+16.213,+0.982
1629839580,+3.49,+32.375,+16.037,+0.982
1629839640,+3.49,+32.419,+16.050,+0.980
1629839700,+3.49,+32.516,+16.262,+0.982
1629839760,+3.49,+32.480,+16.346,+0.978
1629839820,+3.49,+32.463,+16.438,+0.979
1629839880,+3.49,+32.463,+16.619,+0.983
1629839940,+3.49,+32.454,+16.408,+0.981
1629840000,+3.49,+32.507,+16.504,+0.981
1629840060,+3.49,+32.621,+16.826,+0.982
1629840120,+3.49,+32.682,+16.872,+0.981
1629840180,+3.49,+32.682,+16.722,+0.980
1629840240,+3.49,+32.612,+16.734,+0.983
1629840300,+3.49,+32.630,+16.611,+0.983
1629840360,+3.49,+32.682,+16.649,+0.981
1629840420,+3.49,+32.682,+16.562,+0.979
1629840480,+3.49,+32.630,+16.564,+0.980
1629840540,+3.49,+32.542,+16.482,+0.981
1629840600,+3.49,+32.542,+16.545,+0.982
1629840660,+3.49,+32.586,+16.576,+0.984
1629840720,+3.49,+32.577,+16.582,+0.982
1629840780,+3.49,+32.586,+16.635,+0.982
1629840840,+3.49,+32.568,+17.139,+0.983
1629840900,+3.49,+32.603,+17.546,+0.983
1629840960,+3.49,+32.656,+17.474,+0.981
1629841020,+3.49,+32.674,+17.514,+0.983
1629841080,+3.49,+32.674,+17.612,+0.983
1629841140,+3.49,+32.709,+17.467,+0.981
1629841200,+3.49,+32.691,+17.324,+0.981
1629841260,+3.49,+32.647,+17.252,+0.981
1629841320,+3.49,+32.630,+17.160,+0.981
1629841380,+3.49,+32.674,+17.137,+0.977
1629841440,+3.49,+32.718,+17.294,+0.982
1629841500,+3.49,+32.691,+17.248,+0.981
1629841560,+3.49,+32.682,+17.166,+0.982
1629841620,+3.49,+32.709,+17.153,+0.981
1629841680,+3.49,+32.726,+17.084,+0.982
1629841740,+3.49,+32.770,+17.211,+0.979
1629841800,+3.49,+32.744,+17.295,+0.979
1629841860,+3.49,+32.709,+17.246,+0.979
1629841920,+3.49,+32.674,+17.299,+0.981
1629841980,+3.49,+32.665,+17.411,+0.980
1629842040,+3.49,+32.709,+17.657,+0.980
1629842100,+3.49,+32.744,+17.804,+0.981
1629842160,+3.49,+32.858,+17.997,+0.981
1629842220,+3.49,+32.841,+17.955,+0.981
1629842280,+3.49,+32.814,+17.745,+0.979
1629842340,+3.49,+32.770,+17.733,+0.982
1629842400,+3.49,+32.770,+17.583,+0.982
1629842460,+3.49,+32.700,+17.521,+0.982
1629842520,+3.49,+32.691,+17.347,+0.981
1629842580,+3.49,+32.674,+17.257,+0.979
1629842640,+3.49,+32.612,+17.196,+0.981
1629842700,+3.49,+32.612,+17.131,+0.981
1629842760,+3.49,+32.621,+17.059,+0.978
1629842820,+3.49,+32.559,+17.176,+0.981
1629842880,+3.49,+32.559,+17.174,+0.983
1629842940,+3.49,+32.551,+17.075,+0.981
1629843000,+3.49,+32.524,+16.953,+0.981
1629843060,+3.49,+32.542,+16.945,+0.981
1629843120,+3.49,+32.542,+16.959,+0.982
1629843180,+3.49,+32.542,+17.026,+0.980
1629843240,+3.49,+32.489,+17.171,+0.981
1629843300,+3.49,+32.542,+17.349,+0.982
1629843360,+3.49,+32.586,+17.482,+0.981
1629843420,+3.49,+32.595,+17.532,+0.982
1629843480,+3.49,+32.639,+17.630,+0.982
1629843540,+3.49,+32.726,+17.962,+0.983
1629843600,+3.49,+32.814,+18.145,+0.982
1629843660,+3.49,+32.858,+18.380,+0.984
1629843720,+3.49,+32.894,+18.654,+0.980
1629843780,+3.49,+32.867,+18.685,+0.982
1629843840,+3.49,+32.823,+18.432,+0.981
1629843900,+3.49,+32.779,+18.259,+0.980
1629843960,+3.49,+32.770,+18.124,+0.981
1629844020,+3.49,+32.735,+18.233,+0.982
1629844080,+3.49,+32.744,+18.399,+0.983
1629844140,+3.49,+32.770,+18.465,+0.983
1629844200,+3.49,+32.814,+18.418,+0.980
1629844260,+3.49,+32.850,+19.080,+0.983
1629844320,+3.49,+32.876,+19.094,+0.980
1629844380,+3.49,+32.920,+19.141,+0.982
1629844440,+3.49,+32.902,+18.985,+0.982
1629844500,+3.49,+32.902,+18.920,+0.983
1629844560,+3.49,+32.885,+18.673,+0.981
1629844620,+3.49,+32.894,+18.635,+0.981
1629844680,+3.49,+32.920,+18.632,+0.981
1629844740,+3.49,+32.938,+18.717,+0.983
1629844800,+3.49,+32.946,+18.609,+0.982
1629844860,+3.49,+32.938,+18.504,+0.981
1629844920,+3.49,+32.938,+18.606,+0.981
1629844980,+3.49,+32.946,+18.597,+0.980
1629845040,+3.49,+32.955,+18.641,+0.982
1629845100,+3.49,+32.955,+18.551,+0.981
1629845160,+3.49,+32.999,+18.609,+0.981
1629845220,+3.49,+32.867,+18.500,+0.983
1629845280,+3.49,+32.806,+18.317,+0.983
1629845340,+3.49,+32.814,+18.214,+0.982
1629845400,+3.49,+32.779,+18.189,+0.981
1629845460,+3.49,+32.841,+18.291,+0.980
1629845520,+3.49,+32.832,+18.505,+0.983
1629845580,+3.49,+32.885,+18.507,+0.981
1629845640,+3.49,+32.885,+18.573,+0.984
1629845700,+3.49,+32.885,+18.439,+0.981
1629845760,+3.49,+32.841,+18.349,+0.981
1629845820,+3.49,+32.850,+18.374,+0.983
1629845880,+3.49,+32.841,+18.265,+0.980
1629845940,+3.49,+32.929,+18.386,+0.982
1629846000,+3.49,+32.955,+18.462,+0.981
1629846060,+3.49,+32.991,+18.560,+0.984
1629846120,+3.49,+33.008,+18.789,+0.984
1629846180,+3.49,+32.964,+18.616,+0.983
1629846240,+3.49,+32.973,+18.703,+0.983
1629846300,+3.49,+32.991,+18.675,+0.980
1629846360,+3.49,+32.964,+18.599,+0.982
1629846420,+3.49,+32.920,+18.296,+0.979
1629846480,+3.49,+32.885,+18.402,+0.983
1629846540,+3.49,+32.955,+18.612,+0.983
1629846600,+3.49,+33.008,+18.722,+0.981
1629846660,+3.49,+32.999,+18.759,+0.980
1629846720,+3.49,+33.008,+18.915,+0.983
1629846780,+3.49,+33.017,+18.843,+0.983
1629846840,+3.49,+33.035,+18.681,+0.981
1629846900,+3.49,+32.982,+18.500,+0.981
1629846960,+3.49,+32.982,+18.488,+0.982
1629847020,+3.49,+33.017,+18.471,+0.984
1629847080,+3.49,+32.973,+18.402,+0.984
1629847140,+3.49,+32.955,+18.218,+0.981
1629847200,+3.49,+32.964,+18.154,+0.981
1629847260,+3.49,+32.964,+18.087,+0.980
1629847320,+3.49,+33.017,+18.315,+0.982
1629847380,+3.49,+33.026,+18.362,+0.982
1629847440,+3.49,+33.017,+18.186,+0.979
1629847500,+3.49,+32.955,+18.182,+0.982
1629847560,+3.49,+32.946,+18.135,+0.984
1629847620,+3.49,+32.938,+17.852,+0.981
1629847680,+3.49,+32.982,+17.873,+0.978
1629847740,+3.49,+33.017,+18.349,+0.983
1629847800,+3.49,+33.087,+18.812,+0.982
1629847860,+3.49,+33.035,+18.618,+0.978
1629847920,+3.49,+33.052,+18.748,+0.979
1629847980,+3.49,+33.035,+18.954,+0.984
1629848040,+3.49,+33.070,+19.019,+0.982
1629848100,+3.49,+33.132,+19.102,+0.981
1629848160,+3.49,+33.167,+19.413,+0.983
1629848220,+3.49,+33.220,+19.385,+0.982
1629848280,+3.49,+33.158,+19.252,+0.981
1629848340,+3.49,+33.158,+18.946,+0.980
1629848400,+3.49,+33.087,+18.783,+0.982
1629848460,+3.49,+33.061,+18.498,+0.981
1629848520,+3.49,+33.043,+18.335,+0.979
1629848580,+3.49,+33.026,+18.440,+0.981
1629848640,+3.49,+33.008,+18.360,+0.981
1629848700,+3.49,+33.008,+18.447,+0.982
1629848760,+3.49,+33.017,+18.350,+0.981
1629848820,+3.49,+33.026,+18.258,+0.982
1629848880,+3.49,+33.035,+18.448,+0.980
1629848940,+3.49,+33.079,+18.540,+0.980
1629849000,+3.49,+33.087,+18.472,+0.981
1629849060,+3.49,+33.061,+18.346,+0.979
1629849120,+3.49,+33.052,+18.363,+0.980
1629849180,+3.49,+33.043,+18.347,+0.982
1629849240,+3.49,+33.052,+18.257,+0.979
1629849300,+3.49,+33.035,+18.419,+0.981
1629849360,+3.49,+33.043,+18.491,+0.981
1629849420,+3.49,+33.035,+18.400,+0.980
1629849480,+3.49,+33.026,+18.423,+0.981
1629849540,+3.49,+33.052,+18.368,+0.980
1629849600,+3.49,+33.061,+18.482,+0.981
1629849660,+3.49,+33.026,+18.521,+0.982
1629849720,+3.49,+33.043,+18.490,+0.980
1629849780,+3.49,+33.026,+18.352,+0.982
1629849840,+3.49,+32.973,+18.104,+0.981
1629849900,+3.49,+32.955,+17.920,+0.979
1629849960,+3.49,+32.929,+17.839,+0.980
1629850020,+3.49,+32.920,+17.751,+0.981
1629850080,+3.49,+32.902,+17.599,+0.980
1629850140,+3.49,+32.911,+17.646,+0.982
1629850200,+3.49,+32.938,+18.030,+0.982
1629850260,+3.49,+32.955,+18.303,+0.984
1629850320,+3.49,+32.955,+18.304,+0.982
1629850380,+3.49,+32.955,+18.205,+0.981
1629850440,+3.49,+32.964,+18.237,+0.982
1629850500,+3.49,+33.035,+18.181,+0.981
1629850560,+3.49,+33.043,+18.243,+0.981
1629850620,+3.49,+33.035,+18.461,+0.984
1629850680,+3.49,+33.008,+18.343,+0.981
1629850740,+3.49,+32.982,+18.324,+0.982
1629850800,+3.49,+33.008,+18.270,+0.981
1629850860,+3.49,+33.008,+18.211,+0.981
1629850920,+3.49,+32.973,+18.376,+0.980
1629850980,+3.49,+32.964,+18.346,+0.982
1629851040,+3.49,+32.946,+18.238,+0.982
1629851100,+3.49,+32.955,+18.037,+0.982
1629851160,+3.49,+32.946,+17.736,+0.980
1629851220,+3.49,+32.946,+17.681,+0.984
1629851280,+3.49,+32.920,+17.665,+0.980
1629851340,+3.49,+32.894,+17.681,+0.981
1629851400,+3.49,+32.885,+17.674,+0.983
1629851460,+3.49,+32.885,+17.463,+0.981
1629851520,+3.49,+32.894,+17.459,+0.981
1629851580,+3.49,+32.902,+17.524,+0.984
1629851640,+3.49,+32.885,+17.325,+0.981
1629851700,+3.49,+32.911,+17.205,+0.980
1629851760,+3.49,+32.929,+17.292,+0.982
1629851820,+3.49,+32.911,+17.441,+0.982
1629851880,+3.49,+32.929,+17.447,+0.981
1629851940,+3.49,+32.902,+17.469,+0.983
1629852000,+3.49,+32.920,+17.396,+0.982
1629852060,+3.49,+32.911,+17.248,+0.980
1629852120,+3.49,+32.911,+17.246,+0.981
1629852180,+3.49,+32.929,+17.246,+0.985
1629852240,+3.49,+32.920,+17.187,+0.982
1629852300,+3.49,+32.920,+17.180,+0.980
1629852360,+3.49,+32.920,+17.334,+0.983
1629852420,+3.49,+32.929,+17.369,+0.982
1629852480,+3.49,+32.955,+17.328,+0.982
1629852540,+3.49,+32.955,+17.555,+0.982
1629852600,+3.49,+32.946,+17.665,+0.983
1629852660,+3.49,+32.946,+17.486,+0.979
1629852720,+3.49,+32.929,+17.487,+0.982
1629852780,+3.49,+32.920,+17.904,+0.982
1629852840,+3.49,+32.911,+17.920,+0.981
1629852900,+3.49,+32.920,+17.877,+0.981
1629852960,+3.49,+32.920,+17.853,+0.981
1629853020,+3.49,+32.902,+17.852,+0.981
1629853080,+3.49,+32.885,+17.832,+0.982
1629853140,+3.49,+32.894,+17.724,+0.981
1629853200,+3.49,+32.885,+17.695,+0.982
1629853260,+3.49,+32.894,+17.703,+0.982
1629853320,+3.49,+32.911,+17.778,+0.983
1629853380,+3.49,+32.920,+17.728,+0.986
1629853440,+3.49,+32.955,+17.581,+0.982
1629853500,+3.49,+32.946,+17.579,+0.984
1629853560,+3.49,+32.911,+17.304,+0.980
1629853620,+3.49,+32.911,+17.349,+0.983
1629853680,+3.49,+32.894,+17.315,+0.983
1629853740,+3.49,+32.885,+17.308,+0.982
