7450-387970
OS REV: 1.05 Sensor Cal: 1615486469
Time (sec),  BV (Volts),  T (deg C),  DO (mg/l),  Q ()
1630631400,+3.49,+33.335,+13.317,+0.982
1630631460,+3.49,+33.343,+13.289,+0.982
1630631520,+3.49,+33.370,+13.261,+0.981
1630631580,+3.49,+33.370,+13.200,+0.980
1630631640,+3.49,+33.379,+13.202,+0.983
1630631700,+3.49,+33.388,+13.183,+0.982
1630631760,+3.49,+33.361,+13.134,+0.982
1630631820,+3.49,+33.361,+13.090,+0.981
1630631880,+3.49,+33.361,+13.084,+0.981
1630631940,+3.49,+33.370,+13.132,+0.982
1630632000,+3.49,+33.370,+13.200,+0.982
1630632060,+3.49,+33.396,+13.243,+0.980
1630632120,+3.49,+33.414,+13.330,+0.981
1630632180,+3.49,+33.414,+13.311,+0.982
1630632240,+3.49,+33.405,+13.287,+0.981
1630632300,+3.49,+33.405,+13.320,+0.983
1630632360,+3.49,+33.405,+13.316,+0.981
1630632420,+3.49,+33.405,+13.288,+0.982
1630632480,+3.49,+33.405,+13.238,+0.981
1630632540,+3.49,+33.405,+13.157,+0.981
1630632600,+3.49,+33.396,+13.141,+0.981
1630632660,+3.49,+33.388,+13.107,+0.981
1630632720,+3.49,+33.388,+13.127,+0.981
1630632780,+3.49,+33.388,+13.194,+0.982
1630632840,+3.49,+33.352,+13.330,+0.981
1630632900,+3.49,+33.352,+13.414,+0.981
1630632960,+3.49,+33.343,+13.424,+0.981
1630633020,+3.49,+33.335,+13.382,+0.982
1630633080,+3.49,+33.290,+13.468,+0.982
1630633140,+3.49,+33.237,+13.692,+0.981
1630633200,+3.49,+33.246,+13.764,+0.981
1630633260,+3.49,+33.255,+13.794,+0.981
1630633320,+3.49,+33.246,+13.859,+0.980
1630633380,+3.49,+33.255,+13.879,+0.982
1630633440,+3.49,+33.246,+13.846,+0.982
1630633500,+3.49,+33.246,+13.740,+0.980
1630633560,+3.49,+33.237,+13.659,+0.981
1630633620,+3.49,+33.220,+13.556,+0.980
1630633680,+3.49,+33.211,+13.543,+0.982
1630633740,+3.49,+33.220,+13.434,+0.981
1630633800,+3.49,+33.202,+13.433,+0.982
1630633860,+3.49,+33.193,+13.382,+0.979
1630633920,+3.49,+33.202,+13.318,+0.982
1630633980,+3.49,+33.167,+13.247,+0.981
1630634040,+3.49,+33.158,+13.316,+0.983
1630634100,+3.49,+33.140,+13.413,+0.983
1630634160,+3.49,+33.140,+13.490,+0.982
1630634220,+3.49,+33.132,+13.454,+0.981
1630634280,+3.49,+33.132,+13.558,+0.982
1630634340,+3.49,+33.123,+13.730,+0.983
1630634400,+3.49,+33.087,+13.831,+0.983
1630634460,+3.49,+33.087,+13.963,+0.984
1630634520,+3.49,+33.079,+13.998,+0.982
1630634580,+3.49,+33.070,+14.141,+0.983
1630634640,+3.49,+33.070,+14.185,+0.983
1630634700,+3.49,+33.070,+14.138,+0.982
1630634760,+3.49,+33.061,+14.164,+0.981
1630634820,+3.49,+33.043,+14.180,+0.983
1630634880,+3.49,+33.026,+14.049,+0.980
1630634940,+3.49,+33.026,+14.104,+0.980
1630635000,+3.49,+33.008,+14.345,+0.982
1630635060,+3.49,+33.017,+14.443,+0.984
1630635120,+3.49,+32.999,+14.425,+0.984
1630635180,+3.49,+32.982,+14.343,+0.983
1630635240,+3.49,+32.973,+14.287,+0.983
1630635300,+3.49,+32.964,+14.172,+0.983
1630635360,+3.49,+32.955,+14.079,+0.982
1630635420,+3.49,+32.955,+14.050,+0.982
1630635480,+3.49,+32.920,+14.095,+0.982
1630635540,+3.49,+32.920,+14.140,+0.982
1630635600,+3.49,+32.920,+14.205,+0.982
1630635660,+3.49,+32.911,+14.297,+0.983
1630635720,+3.49,+32.894,+14.360,+0.984
1630635780,+3.49,+32.876,+14.323,+0.982
1630635840,+3.49,+32.894,+14.243,+0.981
1630635900,+3.49,+32.867,+14.230,+0.982
1630635960,+3.49,+32.858,+14.209,+0.982
1630636020,+3.49,+32.867,+14.142,+0.982
1630636080,+3.49,+32.850,+14.056,+0.981
1630636140,+3.49,+32.850,+14.043,+0.983
1630636200,+3.49,+32.841,+13.903,+0.981
1630636260,+3.49,+32.832,+13.863,+0.983
1630636320,+3.49,+32.832,+13.825,+0.983
1630636380,+3.49,+32.806,+13.806,+0.983
1630636440,+3.49,+32.788,+13.711,+0.982
1630636500,+3.49,+32.779,+13.719,+0.984
1630636560,+3.49,+32.762,+13.692,+0.983
1630636620,+3.49,+32.770,+13.649,+0.983
1630636680,+3.49,+32.744,+13.580,+0.982
1630636740,+3.49,+32.744,+13.543,+0.983
1630636800,+3.49,+32.735,+13.531,+0.983
1630636860,+3.49,+32.744,+13.529,+0.982
1630636920,+3.49,+32.744,+13.500,+0.983
1630636980,+3.49,+32.709,+13.488,+0.983
1630637040,+3.49,+32.709,+13.537,+0.983
1630637100,+3.49,+32.682,+13.548,+0.983
1630637160,+3.49,+32.674,+13.554,+0.984
1630637220,+3.49,+32.665,+13.522,+0.983
1630637280,+3.49,+32.656,+13.518,+0.984
1630637340,+3.49,+32.656,+13.457,+0.983
1630637400,+3.49,+32.647,+13.388,+0.983
1630637460,+3.49,+32.630,+13.281,+0.983
1630637520,+3.49,+32.612,+13.227,+0.984
1630637580,+3.49,+32.612,+13.126,+0.984
1630637640,+3.49,+32.603,+13.031,+0.984
1630637700,+3.49,+32.595,+12.937,+0.983
1630637760,+3.49,+32.568,+12.887,+0.982
1630637820,+3.49,+32.586,+12.855,+0.984
1630637880,+3.49,+32.568,+12.770,+0.985
1630637940,+3.49,+32.559,+12.593,+0.982
1630638000,+3.49,+32.568,+12.545,+0.984
1630638060,+3.49,+32.559,+12.436,+0.983
1630638120,+3.49,+32.516,+12.366,+0.983
1630638180,+3.49,+32.516,+12.353,+0.982
1630638240,+3.49,+32.524,+12.397,+0.984
1630638300,+3.49,+32.516,+12.409,+0.983
1630638360,+3.49,+32.498,+12.425,+0.983
1630638420,+3.49,+32.480,+12.381,+0.983
1630638480,+3.49,+32.480,+12.250,+0.982
1630638540,+3.49,+32.480,+12.196,+0.982
1630638600,+3.49,+32.472,+12.232,+0.982
1630638660,+3.49,+32.454,+12.336,+0.984
1630638720,+3.49,+32.445,+12.382,+0.983
1630638780,+3.49,+32.428,+12.463,+0.984
1630638840,+3.49,+32.428,+12.539,+0.983
1630638900,+3.49,+32.428,+12.627,+0.983
1630638960,+3.49,+32.410,+12.666,+0.983
1630639020,+3.49,+32.401,+12.669,+0.983
1630639080,+3.49,+32.393,+12.663,+0.984
1630639140,+3.49,+32.384,+12.684,+0.982
1630639200,+3.49,+32.384,+12.752,+0.983
1630639260,+3.49,+32.375,+12.856,+0.982
1630639320,+3.49,+32.366,+12.931,+0.984
1630639380,+3.49,+32.366,+12.942,+0.984
1630639440,+3.49,+32.358,+12.921,+0.983
1630639500,+3.49,+32.340,+12.903,+0.985
1630639560,+3.49,+32.340,+12.810,+0.983
1630639620,+3.49,+32.323,+12.765,+0.982
1630639680,+3.49,+32.323,+12.759,+0.983
1630639740,+3.50,+32.305,+12.765,+0.984
1630639800,+3.50,+32.305,+12.724,+0.983
1630639860,+3.49,+32.287,+12.762,+0.984
1630639920,+3.49,+32.296,+12.737,+0.983
1630639980,+3.50,+32.287,+12.786,+0.985
1630640040,+3.49,+32.270,+12.769,+0.983
1630640100,+3.50,+32.270,+12.769,+0.985
1630640160,+3.50,+32.261,+12.871,+0.985
1630640220,+3.49,+32.261,+12.799,+0.983
1630640280,+3.50,+32.235,+12.710,+0.982
1630640340,+3.50,+32.244,+12.656,+0.983
1630640400,+3.50,+32.244,+12.580,+0.983
1630640460,+3.50,+32.235,+12.526,+0.983
1630640520,+3.50,+32.217,+12.511,+0.984
1630640580,+3.50,+32.226,+12.428,+0.983
1630640640,+3.50,+32.209,+12.426,+0.984
1630640700,+3.50,+32.217,+12.375,+0.982
1630640760,+3.49,+32.191,+12.410,+0.984
1630640820,+3.50,+32.191,+12.344,+0.983
1630640880,+3.50,+32.191,+12.251,+0.982
1630640940,+3.50,+32.174,+12.198,+0.984
1630641000,+3.50,+32.165,+12.100,+0.983
1630641060,+3.50,+32.165,+12.044,+0.985
1630641120,+3.50,+32.156,+12.012,+0.984
1630641180,+3.50,+32.156,+12.000,+0.983
1630641240,+3.50,+32.130,+11.977,+0.983
1630641300,+3.50,+32.130,+11.948,+0.983
1630641360,+3.50,+32.130,+11.946,+0.983
1630641420,+3.50,+32.130,+11.973,+0.984
1630641480,+3.50,+32.130,+11.904,+0.981
1630641540,+3.50,+32.095,+11.919,+0.982
1630641600,+3.50,+32.103,+11.887,+0.982
1630641660,+3.49,+32.103,+11.919,+0.984
1630641720,+3.50,+32.095,+11.899,+0.984
1630641780,+3.50,+32.086,+11.873,+0.984
1630641840,+3.50,+32.086,+11.872,+0.984
1630641900,+3.50,+32.077,+11.847,+0.983
1630641960,+3.50,+32.060,+11.823,+0.983
1630642020,+3.50,+32.060,+11.753,+0.983
1630642080,+3.50,+32.051,+11.724,+0.983
1630642140,+3.50,+32.051,+11.704,+0.983
1630642200,+3.50,+32.060,+11.702,+0.984
1630642260,+3.50,+32.051,+11.658,+0.983
1630642320,+3.49,+32.025,+11.691,+0.984
1630642380,+3.49,+32.033,+11.636,+0.982
1630642440,+3.49,+32.016,+11.630,+0.984
1630642500,+3.49,+32.007,+11.628,+0.983
1630642560,+3.49,+32.007,+11.651,+0.984
1630642620,+3.49,+31.998,+11.692,+0.983
1630642680,+3.49,+31.963,+11.754,+0.984
1630642740,+3.49,+31.972,+11.679,+0.982
1630642800,+3.49,+31.955,+11.672,+0.984
1630642860,+3.49,+31.963,+11.701,+0.984
1630642920,+3.49,+31.963,+11.744,+0.982
1630642980,+3.49,+31.963,+11.857,+0.984
1630643040,+3.49,+31.955,+11.950,+0.984
1630643100,+3.49,+31.937,+12.021,+0.984
1630643160,+3.49,+31.928,+12.033,+0.984
1630643220,+3.49,+31.928,+12.032,+0.984
1630643280,+3.49,+31.937,+11.961,+0.982
1630643340,+3.49,+31.911,+11.946,+0.983
1630643400,+3.49,+31.911,+11.967,+0.985
1630643460,+3.49,+31.902,+11.943,+0.984
1630643520,+3.49,+31.894,+11.933,+0.984
1630643580,+3.49,+31.885,+11.930,+0.985
1630643640,+3.49,+31.885,+11.936,+0.985
1630643700,+3.49,+31.885,+11.908,+0.983
1630643760,+3.49,+31.876,+11.936,+0.985
1630643820,+3.49,+31.867,+11.892,+0.984
1630643880,+3.49,+31.859,+11.920,+0.984
1630643940,+3.49,+31.859,+11.924,+0.984
1630644000,+3.49,+31.832,+11.941,+0.984
1630644060,+3.49,+31.832,+11.968,+0.984
1630644120,+3.49,+31.832,+11.988,+0.984
1630644180,+3.49,+31.841,+11.991,+0.983
1630644240,+3.49,+31.824,+12.011,+0.984
1630644300,+3.49,+31.806,+11.985,+0.984
1630644360,+3.49,+31.815,+11.954,+0.984
1630644420,+3.49,+31.815,+11.963,+0.984
1630644480,+3.49,+31.806,+11.923,+0.982
1630644540,+3.49,+31.789,+11.974,+0.984
1630644600,+3.49,+31.806,+11.934,+0.984
1630644660,+3.49,+31.771,+11.953,+0.984
1630644720,+3.49,+31.771,+11.926,+0.985
1630644780,+3.49,+31.762,+11.906,+0.983
1630644840,+3.49,+31.780,+11.985,+0.984
1630644900,+3.49,+31.745,+12.080,+0.984
1630644960,+3.49,+31.745,+12.177,+0.984
1630645020,+3.49,+31.736,+12.261,+0.984
1630645080,+3.49,+31.754,+12.261,+0.983
1630645140,+3.49,+31.745,+12.231,+0.984
1630645200,+3.49,+31.719,+12.181,+0.983
1630645260,+3.49,+31.701,+12.120,+0.984
1630645320,+3.49,+31.701,+12.127,+0.985
1630645380,+3.49,+31.693,+12.161,+0.985
1630645440,+3.49,+31.693,+12.135,+0.985
1630645500,+3.49,+31.675,+12.116,+0.984
1630645560,+3.49,+31.684,+12.025,+0.984
1630645620,+3.49,+31.675,+11.880,+0.983
1630645680,+3.49,+31.666,+11.871,+0.984
1630645740,+3.49,+31.666,+11.821,+0.984
1630645800,+3.49,+31.649,+11.768,+0.984
1630645860,+3.49,+31.658,+11.746,+0.984
1630645920,+3.49,+31.649,+11.727,+0.984
1630645980,+3.49,+31.649,+11.752,+0.984
1630646040,+3.49,+31.640,+11.731,+0.983
1630646100,+3.49,+31.632,+11.729,+0.985
1630646160,+3.49,+31.623,+11.656,+0.985
1630646220,+3.49,+31.614,+11.620,+0.984
1630646280,+3.49,+31.623,+11.621,+0.984
1630646340,+3.49,+31.597,+11.675,+0.983
1630646400,+3.49,+31.597,+11.750,+0.984
1630646460,+3.49,+31.579,+11.857,+0.985
1630646520,+3.49,+31.579,+11.907,+0.986
1630646580,+3.49,+31.579,+11.863,+0.985
1630646640,+3.49,+31.579,+11.830,+0.983
1630646700,+3.49,+31.570,+11.807,+0.983
1630646760,+3.49,+31.553,+11.779,+0.984
1630646820,+3.49,+31.570,+11.736,+0.985
1630646880,+3.49,+31.562,+11.735,+0.984
1630646940,+3.49,+31.562,+11.743,+0.984
1630647000,+3.49,+31.544,+11.731,+0.985
1630647060,+3.49,+31.544,+11.674,+0.985
1630647120,+3.49,+31.527,+11.605,+0.984
1630647180,+3.49,+31.544,+11.513,+0.983
1630647240,+3.49,+31.518,+11.468,+0.984
1630647300,+3.49,+31.509,+11.407,+0.984
1630647360,+3.49,+31.518,+11.332,+0.984
1630647420,+3.49,+31.492,+11.311,+0.985
1630647480,+3.49,+31.492,+11.280,+0.984
1630647540,+3.49,+31.492,+11.242,+0.983
1630647600,+3.49,+31.492,+11.229,+0.983
1630647660,+3.49,+31.475,+11.263,+0.984
1630647720,+3.49,+31.475,+11.299,+0.985
1630647780,+3.49,+31.475,+11.264,+0.983
1630647840,+3.49,+31.466,+11.296,+0.984
1630647900,+3.49,+31.457,+11.326,+0.984
1630647960,+3.49,+31.440,+11.367,+0.985
1630648020,+3.49,+31.440,+11.379,+0.984
1630648080,+3.49,+31.440,+11.339,+0.984
1630648140,+3.49,+31.440,+11.297,+0.984
1630648200,+3.49,+31.431,+11.289,+0.984
1630648260,+3.49,+31.422,+11.257,+0.984
1630648320,+3.49,+31.422,+11.223,+0.984
1630648380,+3.49,+31.414,+11.222,+0.985
1630648440,+3.49,+31.405,+11.226,+0.985
1630648500,+3.49,+31.387,+11.232,+0.984
1630648560,+3.49,+31.387,+11.206,+0.984
1630648620,+3.49,+31.405,+11.146,+0.983
1630648680,+3.49,+31.379,+11.132,+0.984
1630648740,+3.49,+31.379,+11.081,+0.985
1630648800,+3.49,+31.370,+11.027,+0.985
1630648860,+3.49,+31.370,+11.000,+0.985
1630648920,+3.49,+31.353,+10.983,+0.984
1630648980,+3.49,+31.361,+10.953,+0.984
1630649040,+3.49,+31.335,+10.983,+0.984
1630649100,+3.49,+31.353,+10.978,+0.984
1630649160,+3.49,+31.326,+10.995,+0.985
1630649220,+3.49,+31.326,+10.998,+0.985
1630649280,+3.49,+31.335,+10.949,+0.984
1630649340,+3.49,+31.300,+10.922,+0.984
1630649400,+3.49,+31.318,+10.855,+0.984
1630649460,+3.49,+31.309,+10.800,+0.983
1630649520,+3.49,+31.300,+10.820,+0.984
1630649580,+3.49,+31.309,+10.802,+0.984
1630649640,+3.49,+31.309,+10.760,+0.984
1630649700,+3.49,+31.274,+10.735,+0.984
1630649760,+3.49,+31.300,+10.729,+0.984
1630649820,+3.49,+31.292,+10.893,+0.983
1630649880,+3.49,+31.283,+10.841,+0.984
1630649940,+3.49,+31.274,+10.758,+0.983
1630650000,+3.49,+31.266,+10.702,+0.984
1630650060,+3.49,+31.257,+10.650,+0.984
1630650120,+3.49,+31.274,+10.622,+0.984
1630650180,+3.49,+31.248,+10.656,+0.984
1630650240,+3.49,+31.257,+10.640,+0.985
1630650300,+3.49,+31.248,+10.594,+0.984
1630650360,+3.49,+31.239,+10.586,+0.984
1630650420,+3.50,+31.231,+10.656,+0.984
1630650480,+3.49,+31.205,+10.698,+0.983
1630650540,+3.49,+31.213,+10.723,+0.984
1630650600,+3.50,+31.205,+10.773,+0.984
1630650660,+3.49,+31.213,+10.851,+0.985
1630650720,+3.49,+31.196,+10.918,+0.985
1630650780,+3.49,+31.205,+10.860,+0.983
1630650840,+3.49,+31.187,+10.823,+0.985
1630650900,+3.49,+31.187,+10.755,+0.984
1630650960,+3.49,+31.170,+10.772,+0.984
1630651020,+3.49,+31.170,+10.778,+0.985
1630651080,+3.49,+31.170,+10.766,+0.984
1630651140,+3.49,+31.152,+10.799,+0.984
1630651200,+3.49,+31.170,+10.864,+0.985
1630651260,+3.49,+31.161,+10.844,+0.985
1630651320,+3.49,+31.161,+10.752,+0.984
1630651380,+3.49,+31.152,+10.699,+0.984
1630651440,+3.50,+31.135,+10.656,+0.984
1630651500,+3.49,+31.135,+10.642,+0.984
1630651560,+3.49,+31.126,+10.670,+0.985
1630651620,+3.50,+31.135,+10.623,+0.984
1630651680,+3.49,+31.135,+10.596,+0.983
1630651740,+3.49,+31.118,+10.649,+0.985
1630651800,+3.49,+31.092,+10.635,+0.985
1630651860,+3.49,+31.100,+10.544,+0.985
1630651920,+3.49,+31.100,+10.438,+0.984
1630651980,+3.50,+31.100,+10.438,+0.984
1630652040,+3.49,+31.074,+10.508,+0.984
1630652100,+3.50,+31.065,+10.551,+0.985
1630652160,+3.49,+31.065,+10.588,+0.986
1630652220,+3.50,+31.065,+10.596,+0.984
1630652280,+3.50,+31.065,+10.599,+0.984
1630652340,+3.50,+31.057,+10.592,+0.985
1630652400,+3.50,+31.074,+10.573,+0.985
1630652460,+3.50,+31.057,+10.546,+0.985
1630652520,+3.50,+31.039,+10.534,+0.984
1630652580,+3.49,+31.039,+10.601,+0.985
1630652640,+3.50,+31.031,+10.652,+0.985
1630652700,+3.50,+31.031,+10.620,+0.984
1630652760,+3.49,+31.031,+10.572,+0.985
1630652820,+3.50,+31.031,+10.508,+0.984
1630652880,+3.50,+31.031,+10.505,+0.984
1630652940,+3.50,+31.031,+10.531,+0.985
1630653000,+3.50,+31.022,+10.486,+0.983
1630653060,+3.49,+31.005,+10.481,+0.985
1630653120,+3.50,+31.013,+10.417,+0.985
1630653180,+3.49,+30.987,+10.372,+0.984
1630653240,+3.49,+30.979,+10.355,+0.985
1630653300,+3.49,+31.005,+10.299,+0.983
1630653360,+3.50,+30.996,+10.294,+0.985
1630653420,+3.50,+30.979,+10.169,+0.984
1630653480,+3.50,+30.979,+10.069,+0.984
1630653540,+3.49,+30.970, +9.934,+0.984
1630653600,+3.50,+30.970, +9.833,+0.983
1630653660,+3.50,+30.970, +9.843,+0.984
1630653720,+3.49,+30.961, +9.858,+0.985
1630653780,+3.50,+30.953, +9.865,+0.983
1630653840,+3.49,+30.935, +9.934,+0.985
1630653900,+3.49,+30.935, +9.878,+0.983
1630653960,+3.49,+30.935, +9.849,+0.984
1630654020,+3.49,+30.927, +9.785,+0.984
1630654080,+3.49,+30.944, +9.730,+0.984
1630654140,+3.49,+30.918, +9.712,+0.985
1630654200,+3.49,+30.927, +9.661,+0.985
1630654260,+3.49,+30.909, +9.630,+0.985
1630654320,+3.49,+30.918, +9.597,+0.984
1630654380,+3.49,+30.900, +9.560,+0.984
1630654440,+3.49,+30.892, +9.545,+0.984
1630654500,+3.49,+30.892, +9.580,+0.984
1630654560,+3.49,+30.900, +9.771,+0.985
1630654620,+3.49,+30.900, +9.799,+0.985
1630654680,+3.49,+30.892, +9.725,+0.983
1630654740,+3.49,+30.866, +9.656,+0.984
1630654800,+3.49,+30.874, +9.627,+0.984
1630654860,+3.49,+30.857, +9.640,+0.984
1630654920,+3.49,+30.874, +9.635,+0.985
1630654980,+3.49,+30.874, +9.558,+0.985
1630655040,+3.49,+30.866, +9.501,+0.984
1630655100,+3.49,+30.857, +9.530,+0.984
1630655160,+3.49,+30.848, +9.525,+0.985
1630655220,+3.49,+30.848, +9.449,+0.984
1630655280,+3.49,+30.840, +9.391,+0.984
1630655340,+3.49,+30.840, +9.348,+0.984
1630655400,+3.49,+30.831, +9.320,+0.985
1630655460,+3.49,+30.822, +9.321,+0.984
1630655520,+3.49,+30.814, +9.364,+0.984
1630655580,+3.49,+30.831, +9.375,+0.984
1630655640,+3.49,+30.814, +9.340,+0.984
1630655700,+3.49,+30.822, +9.305,+0.985
1630655760,+3.49,+30.814, +9.249,+0.984
1630655820,+3.49,+30.805, +9.191,+0.984
1630655880,+3.49,+30.796, +9.218,+0.984
1630655940,+3.49,+30.796, +9.249,+0.985
1630656000,+3.49,+30.788, +9.252,+0.984
1630656060,+3.49,+30.779, +9.287,+0.984
1630656120,+3.49,+30.796, +9.318,+0.984
1630656180,+3.49,+30.762, +9.336,+0.985
1630656240,+3.49,+30.770, +9.290,+0.984
1630656300,+3.49,+30.762, +9.215,+0.983
1630656360,+3.49,+30.770, +9.162,+0.984
1630656420,+3.49,+30.762, +9.164,+0.983
1630656480,+3.49,+30.762, +9.197,+0.983
1630656540,+3.49,+30.753, +9.266,+0.983
1630656600,+3.49,+30.753, +9.340,+0.985
1630656660,+3.49,+30.736, +9.356,+0.983
1630656720,+3.49,+30.727, +9.365,+0.985
1630656780,+3.49,+30.727, +9.313,+0.984
1630656840,+3.49,+30.736, +9.277,+0.984
1630656900,+3.49,+30.718, +9.229,+0.984
1630656960,+3.49,+30.710, +9.207,+0.984
1630657020,+3.49,+30.710, +9.218,+0.985
1630657080,+3.49,+30.710, +9.236,+0.984
1630657140,+3.49,+30.692, +9.232,+0.984
1630657200,+3.49,+30.692, +9.246,+0.985
1630657260,+3.49,+30.692, +9.181,+0.984
1630657320,+3.49,+30.692, +9.161,+0.984
1630657380,+3.49,+30.684, +9.132,+0.984
1630657440,+3.49,+30.692, +9.151,+0.984
1630657500,+3.49,+30.684, +9.233,+0.984
1630657560,+3.49,+30.675, +9.288,+0.985
1630657620,+3.49,+30.666, +9.269,+0.983
1630657680,+3.49,+30.684, +9.225,+0.985
1630657740,+3.49,+30.666, +9.160,+0.984
1630657800,+3.49,+30.658, +9.101,+0.984
1630657860,+3.49,+30.658, +9.046,+0.984
1630657920,+3.49,+30.640, +9.020,+0.984
1630657980,+3.49,+30.658, +8.965,+0.983
1630658040,+3.49,+30.632, +8.937,+0.984
1630658100,+3.49,+30.632, +8.815,+0.983
1630658160,+3.49,+30.640, +8.670,+0.983
1630658220,+3.49,+30.632, +8.592,+0.985
1630658280,+3.49,+30.640, +8.513,+0.984
1630658340,+3.49,+30.623, +8.499,+0.984
1630658400,+3.49,+30.623, +8.509,+0.984
1630658460,+3.49,+30.632, +8.531,+0.984
1630658520,+3.49,+30.606, +8.605,+0.984
1630658580,+3.49,+30.614, +8.568,+0.983
1630658640,+3.49,+30.597, +8.513,+0.984
1630658700,+3.49,+30.614, +8.432,+0.984
1630658760,+3.49,+30.597, +8.368,+0.984
1630658820,+3.49,+30.588, +8.349,+0.984
1630658880,+3.49,+30.597, +8.362,+0.983
1630658940,+3.49,+30.580, +8.405,+0.985
1630659000,+3.49,+30.597, +8.387,+0.984
1630659060,+3.49,+30.580, +8.493,+0.984
1630659120,+3.49,+30.580, +8.565,+0.985
1630659180,+3.49,+30.562, +8.625,+0.984
1630659240,+3.49,+30.580, +8.593,+0.984
1630659300,+3.49,+30.545, +8.596,+0.984
1630659360,+3.49,+30.562, +8.564,+0.984
1630659420,+3.49,+30.545, +8.544,+0.985
1630659480,+3.49,+30.545, +8.494,+0.985
1630659540,+3.49,+30.545, +8.454,+0.984
1630659600,+3.49,+30.545, +8.406,+0.984
1630659660,+3.49,+30.528, +8.368,+0.984
1630659720,+3.49,+30.519, +8.378,+0.984
1630659780,+3.49,+30.510, +8.408,+0.984
1630659840,+3.49,+30.528, +8.422,+0.984
1630659900,+3.49,+30.528, +8.432,+0.984
1630659960,+3.49,+30.519, +8.406,+0.984
1630660020,+3.49,+30.510, +8.715,+0.984
1630660080,+3.49,+30.502, +8.781,+0.984
1630660140,+3.49,+30.502, +8.745,+0.984
1630660200,+3.49,+30.493, +8.727,+0.984
1630660260,+3.49,+30.493, +8.678,+0.984
1630660320,+3.49,+30.493, +8.605,+0.983
1630660380,+3.49,+30.476, +8.589,+0.984
1630660440,+3.49,+30.476, +8.553,+0.985
1630660500,+3.49,+30.484, +8.490,+0.985
1630660560,+3.49,+30.467, +8.463,+0.984
1630660620,+3.49,+30.458, +8.453,+0.984
1630660680,+3.49,+30.467, +8.433,+0.984
1630660740,+3.49,+30.467, +8.478,+0.984
1630660800,+3.49,+30.458, +8.465,+0.984
1630660860,+3.49,+30.458, +8.432,+0.983
1630660920,+3.49,+30.441, +8.374,+0.984
1630660980,+3.49,+30.450, +8.311,+0.984
1630661040,+3.49,+30.467, +8.252,+0.983
1630661100,+3.49,+30.450, +8.226,+0.984
1630661160,+3.49,+30.441, +8.195,+0.983
1630661220,+3.49,+30.450, +8.209,+0.984
1630661280,+3.49,+30.441, +8.159,+0.984
1630661340,+3.49,+30.424, +8.105,+0.984
1630661400,+3.49,+30.424, +8.078,+0.983
1630661460,+3.49,+30.424, +8.032,+0.984
1630661520,+3.49,+30.424, +7.932,+0.984
1630661580,+3.49,+30.415, +7.858,+0.983
1630661640,+3.49,+30.415, +7.789,+0.983
1630661700,+3.49,+30.406, +7.753,+0.983
1630661760,+3.49,+30.415, +7.747,+0.984
1630661820,+3.49,+30.406, +7.839,+0.984
1630661880,+3.49,+30.389, +7.916,+0.983
1630661940,+3.49,+30.398, +7.969,+0.984
1630662000,+3.49,+30.389, +7.943,+0.983
1630662060,+3.49,+30.372, +7.889,+0.984
1630662120,+3.49,+30.372, +7.851,+0.984
1630662180,+3.49,+30.363, +7.819,+0.984
1630662240,+3.49,+30.380, +7.790,+0.984
1630662300,+3.49,+30.363, +7.670,+0.983
1630662360,+3.49,+30.355, +7.565,+0.984
1630662420,+3.49,+30.363, +7.474,+0.983
1630662480,+3.49,+30.346, +7.470,+0.984
1630662540,+3.49,+30.346, +7.427,+0.984
1630662600,+3.49,+30.346, +7.365,+0.983
1630662660,+3.49,+30.346, +7.317,+0.984
1630662720,+3.49,+30.337, +7.273,+0.984
1630662780,+3.49,+30.346, +7.224,+0.984
1630662840,+3.49,+30.346, +7.223,+0.984
1630662900,+3.49,+30.329, +7.246,+0.985
1630662960,+3.49,+30.320, +7.230,+0.984
1630663020,+3.49,+30.311, +7.204,+0.984
1630663080,+3.49,+30.303, +7.208,+0.984
1630663140,+3.49,+30.303, +7.191,+0.984
1630663200,+3.49,+30.311, +7.217,+0.984
1630663260,+3.49,+30.294, +7.257,+0.983
1630663320,+3.49,+30.294, +7.287,+0.983
1630663380,+3.49,+30.285, +7.428,+0.984
1630663440,+3.49,+30.285, +7.417,+0.983
1630663500,+3.49,+30.285, +7.401,+0.984
1630663560,+3.49,+30.277, +7.376,+0.984
1630663620,+3.49,+30.277, +7.463,+0.984
1630663680,+3.49,+30.268, +7.551,+0.984
1630663740,+3.49,+30.277, +7.554,+0.984
1630663800,+3.49,+30.277, +7.533,+0.984
1630663860,+3.49,+30.259, +7.500,+0.983
1630663920,+3.49,+30.268, +7.442,+0.983
1630663980,+3.49,+30.259, +7.418,+0.984
1630664040,+3.49,+30.242, +7.387,+0.984
1630664100,+3.49,+30.251, +7.295,+0.984
1630664160,+3.49,+30.259, +7.312,+0.984
1630664220,+3.49,+30.251, +7.330,+0.984
1630664280,+3.49,+30.242, +7.278,+0.984
1630664340,+3.49,+30.234, +7.254,+0.983
1630664400,+3.49,+30.242, +7.198,+0.983
1630664460,+3.49,+30.234, +7.126,+0.984
1630664520,+3.49,+30.234, +7.087,+0.983
1630664580,+3.49,+30.225, +7.019,+0.984
1630664640,+3.49,+30.225, +6.993,+0.984
1630664700,+3.49,+30.225, +7.006,+0.983
1630664760,+3.49,+30.208, +6.978,+0.983
1630664820,+3.49,+30.208, +6.918,+0.983
1630664880,+3.49,+30.199, +6.884,+0.984
1630664940,+3.49,+30.208, +6.840,+0.984
1630665000,+3.49,+30.199, +6.819,+0.984
1630665060,+3.49,+30.199, +6.675,+0.983
1630665120,+3.49,+30.190, +6.581,+0.983
1630665180,+3.49,+30.190, +6.528,+0.984
1630665240,+3.49,+30.182, +6.463,+0.983
1630665300,+3.49,+30.190, +6.443,+0.983
1630665360,+3.49,+30.190, +6.389,+0.983
1630665420,+3.49,+30.173, +6.319,+0.983
1630665480,+3.49,+30.182, +6.260,+0.984
1630665540,+3.49,+30.164, +6.205,+0.983
1630665600,+3.49,+30.173, +6.163,+0.984
1630665660,+3.49,+30.164, +6.165,+0.983
1630665720,+3.49,+30.182, +6.201,+0.984
1630665780,+3.49,+30.164, +6.233,+0.984
1630665840,+3.49,+30.156, +6.245,+0.984
1630665900,+3.49,+30.156, +6.309,+0.983
1630665960,+3.49,+30.147, +6.402,+0.983
1630666020,+3.49,+30.138, +6.448,+0.983
1630666080,+3.49,+30.138, +6.472,+0.984
1630666140,+3.49,+30.138, +6.476,+0.983
1630666200,+3.49,+30.130, +6.480,+0.983
1630666260,+3.49,+30.130, +6.461,+0.983
1630666320,+3.49,+30.147, +6.474,+0.983
1630666380,+3.49,+30.147, +6.469,+0.983
1630666440,+3.49,+30.121, +6.436,+0.983
1630666500,+3.49,+30.121, +6.333,+0.983
1630666560,+3.49,+30.121, +6.273,+0.983
1630666620,+3.49,+30.113, +6.209,+0.983
1630666680,+3.49,+30.113, +6.189,+0.984
1630666740,+3.49,+30.121, +6.147,+0.984
1630666800,+3.49,+30.104, +6.135,+0.984
1630666860,+3.49,+30.121, +6.084,+0.984
1630666920,+3.49,+30.104, +6.023,+0.983
1630666980,+3.49,+30.087, +6.058,+0.983
1630667040,+3.49,+30.087, +6.153,+0.984
1630667100,+3.49,+30.078, +6.121,+0.983
1630667160,+3.49,+30.069, +6.108,+0.984
1630667220,+3.49,+30.069, +6.043,+0.983
1630667280,+3.49,+30.069, +5.957,+0.983
1630667340,+3.49,+30.069, +5.912,+0.984
1630667400,+3.49,+30.061, +5.766,+0.984
1630667460,+3.49,+30.078, +5.727,+0.984
1630667520,+3.49,+30.061, +5.804,+0.983
1630667580,+3.49,+30.052, +5.860,+0.984
1630667640,+3.49,+30.043, +5.879,+0.984
1630667700,+3.49,+30.043, +5.872,+0.984
1630667760,+3.49,+30.052, +5.838,+0.983
1630667820,+3.49,+30.043, +5.808,+0.983
1630667880,+3.49,+30.043, +5.741,+0.983
1630667940,+3.49,+30.043, +5.703,+0.983
1630668000,+3.49,+30.043, +5.628,+0.983
1630668060,+3.49,+30.052, +5.558,+0.984
1630668120,+3.49,+30.026, +5.533,+0.984
1630668180,+3.49,+30.043, +5.474,+0.983
1630668240,+3.49,+30.026, +5.454,+0.983
1630668300,+3.49,+30.009, +5.451,+0.984
1630668360,+3.49,+30.018, +5.443,+0.983
1630668420,+3.49,+30.018, +5.373,+0.983
1630668480,+3.49,+30.018, +5.300,+0.983
1630668540,+3.49,+30.035, +5.236,+0.983
1630668600,+3.49,+30.018, +5.185,+0.983
1630668660,+3.49,+30.009, +5.154,+0.983
1630668720,+3.49,+30.009, +5.098,+0.983
1630668780,+3.49,+30.009, +5.045,+0.983
1630668840,+3.49,+30.009, +4.984,+0.983
1630668900,+3.49,+30.009, +4.930,+0.983
1630668960,+3.49,+30.000, +5.228,+0.984
1630669020,+3.49,+30.009, +5.436,+0.983
1630669080,+3.49,+29.992, +5.441,+0.984
1630669140,+3.49,+29.983, +5.358,+0.983
1630669200,+3.49,+29.992, +5.299,+0.984
1630669260,+3.49,+29.966, +5.173,+0.983
1630669320,+3.49,+29.983, +5.127,+0.984
1630669380,+3.49,+29.974, +5.222,+0.983
1630669440,+3.49,+29.966, +5.317,+0.983
1630669500,+3.49,+29.966, +5.525,+0.984
1630669560,+3.49,+29.966, +5.544,+0.983
1630669620,+3.49,+29.974, +5.499,+0.983
1630669680,+3.49,+29.966, +5.435,+0.984
1630669740,+3.49,+29.957, +5.389,+0.984
1630669800,+3.49,+29.940, +5.235,+0.984
1630669860,+3.49,+29.957, +5.096,+0.983
1630669920,+3.49,+29.931, +5.083,+0.984
1630669980,+3.49,+29.931, +5.058,+0.984
1630670040,+3.49,+29.931, +5.046,+0.984
1630670100,+3.49,+29.931, +5.050,+0.984
1630670160,+3.49,+29.931, +5.034,+0.984
1630670220,+3.49,+29.931, +4.988,+0.984
1630670280,+3.49,+29.949, +4.968,+0.984
1630670340,+3.49,+29.931, +4.946,+0.984
1630670400,+3.49,+29.931, +4.909,+0.984
1630670460,+3.49,+29.931, +4.813,+0.984
1630670520,+3.49,+29.914, +4.747,+0.984
1630670580,+3.49,+29.914, +4.780,+0.984
1630670640,+3.49,+29.897, +4.857,+0.984
1630670700,+3.49,+29.905, +4.927,+0.984
1630670760,+3.49,+29.888, +4.979,+0.983
1630670820,+3.49,+29.871, +4.920,+0.984
1630670880,+3.49,+29.871, +4.879,+0.984
1630670940,+3.49,+29.888, +4.939,+0.984
1630671000,+3.49,+29.888, +5.008,+0.984
1630671060,+3.49,+29.880, +5.016,+0.984
1630671120,+3.49,+29.871, +5.005,+0.984
1630671180,+3.49,+29.862, +5.225,+0.984
1630671240,+3.49,+29.880, +5.230,+0.984
1630671300,+3.49,+29.880, +5.189,+0.984
1630671360,+3.49,+29.871, +5.160,+0.984
1630671420,+3.49,+29.880, +5.138,+0.984
1630671480,+3.49,+29.854, +5.115,+0.984
1630671540,+3.49,+29.871, +5.090,+0.984
1630671600,+3.49,+29.871, +5.069,+0.984
1630671660,+3.49,+29.854, +5.048,+0.984
1630671720,+3.49,+29.862, +4.987,+0.984
1630671780,+3.49,+29.854, +4.936,+0.984
1630671840,+3.49,+29.845, +4.864,+0.984
1630671900,+3.49,+29.854, +4.794,+0.984
1630671960,+3.49,+29.854, +4.769,+0.984
1630672020,+3.49,+29.854, +4.757,+0.984
1630672080,+3.49,+29.836, +4.721,+0.984
1630672140,+3.49,+29.836, +4.610,+0.984
1630672200,+3.49,+29.845, +4.582,+0.984
1630672260,+3.49,+29.828, +4.631,+0.984
1630672320,+3.49,+29.836, +4.778,+0.984
1630672380,+3.49,+29.828, +4.785,+0.984
1630672440,+3.49,+29.836, +4.808,+0.984
1630672500,+3.49,+29.828, +5.021,+0.984
1630672560,+3.49,+29.828, +5.017,+0.984
1630672620,+3.49,+29.828, +5.005,+0.985
1630672680,+3.49,+29.819, +5.007,+0.984
1630672740,+3.49,+29.845, +4.946,+0.985
1630672800,+3.49,+29.819, +4.977,+0.984
1630672860,+3.49,+29.828, +4.957,+0.984
1630672920,+3.49,+29.819, +4.881,+0.984
1630672980,+3.49,+29.811, +4.774,+0.984
1630673040,+3.49,+29.811, +4.907,+0.984
1630673100,+3.49,+29.828, +4.893,+0.984
1630673160,+3.49,+29.811, +4.859,+0.985
1630673220,+3.49,+29.802, +4.815,+0.984
1630673280,+3.49,+29.793, +4.797,+0.984
1630673340,+3.49,+29.811, +4.732,+0.984
1630673400,+3.49,+29.793, +4.678,+0.984
1630673460,+3.49,+29.811, +4.668,+0.984
1630673520,+3.49,+29.819, +4.676,+0.984
1630673580,+3.49,+29.811, +4.648,+0.984
1630673640,+3.49,+29.811, +4.581,+0.985
1630673700,+3.49,+29.802, +4.535,+0.984
1630673760,+3.49,+29.811, +4.516,+0.984
1630673820,+3.49,+29.811, +4.478,+0.984
1630673880,+3.49,+29.793, +4.451,+0.984
1630673940,+3.49,+29.802, +4.414,+0.984
1630674000,+3.49,+29.802, +4.344,+0.984
1630674060,+3.49,+29.802, +4.301,+0.984
1630674120,+3.49,+29.819, +4.313,+0.984
1630674180,+3.49,+29.819, +4.352,+0.984
1630674240,+3.49,+29.811, +4.361,+0.985
1630674300,+3.49,+29.811, +4.329,+0.984
1630674360,+3.49,+29.793, +4.300,+0.984
1630674420,+3.49,+29.811, +4.287,+0.984
1630674480,+3.49,+29.802, +4.266,+0.984
1630674540,+3.49,+29.811, +4.193,+0.984
1630674600,+3.49,+29.811, +4.110,+0.985
1630674660,+3.49,+29.793, +4.032,+0.985
1630674720,+3.49,+29.811, +3.983,+0.985
1630674780,+3.49,+29.793, +3.975,+0.985
1630674840,+3.49,+29.793, +3.998,+0.984
1630674900,+3.49,+29.802, +3.989,+0.985
1630674960,+3.49,+29.793, +3.960,+0.985
1630675020,+3.49,+29.793, +3.928,+0.984
1630675080,+3.49,+29.793, +3.906,+0.984
1630675140,+3.49,+29.793, +3.877,+0.984
1630675200,+3.49,+29.811, +3.862,+0.984
1630675260,+3.49,+29.785, +3.943,+0.985
1630675320,+3.49,+29.811, +4.254,+0.984
1630675380,+3.49,+29.819, +4.407,+0.984
1630675440,+3.49,+29.802, +4.468,+0.984
1630675500,+3.49,+29.811, +4.476,+0.985
1630675560,+3.49,+29.811, +4.524,+0.984
1630675620,+3.49,+29.811, +4.598,+0.984
1630675680,+3.49,+29.819, +4.650,+0.984
1630675740,+3.49,+29.819, +4.700,+0.984
1630675800,+3.49,+29.845, +4.766,+0.984
1630675860,+3.49,+29.836, +4.841,+0.984
1630675920,+3.49,+29.854, +4.892,+0.984
1630675980,+3.49,+29.854, +4.918,+0.984
1630676040,+3.49,+29.845, +4.879,+0.984
1630676100,+3.49,+29.854, +4.870,+0.984
1630676160,+3.49,+29.854, +4.888,+0.983
1630676220,+3.49,+29.845, +4.925,+0.983
1630676280,+3.49,+29.845, +4.845,+0.984
1630676340,+3.49,+29.836, +4.771,+0.985
1630676400,+3.49,+29.836, +4.811,+0.984
1630676460,+3.49,+29.854, +4.872,+0.984
1630676520,+3.49,+29.845, +4.954,+0.984
1630676580,+3.49,+29.871, +5.022,+0.984
1630676640,+3.49,+29.862, +5.079,+0.983
1630676700,+3.49,+29.871, +5.111,+0.984
1630676760,+3.49,+29.871, +5.094,+0.984
1630676820,+3.49,+29.871, +5.086,+0.983
1630676880,+3.49,+29.862, +5.153,+0.984
1630676940,+3.49,+29.880, +5.204,+0.984
1630677000,+3.49,+29.880, +5.272,+0.984
1630677060,+3.49,+29.897, +5.338,+0.983
1630677120,+3.49,+29.905, +5.399,+0.983
1630677180,+3.49,+29.888, +5.437,+0.984
1630677240,+3.49,+29.897, +5.471,+0.983
1630677300,+3.49,+29.897, +5.538,+0.983
1630677360,+3.49,+29.923, +5.563,+0.982
1630677420,+3.49,+29.923, +5.533,+0.983
1630677480,+3.49,+29.914, +5.535,+0.983
1630677540,+3.49,+29.923, +5.555,+0.983
1630677600,+3.49,+29.940, +5.510,+0.983
1630677660,+3.49,+29.931, +5.479,+0.983
1630677720,+3.49,+29.931, +5.432,+0.983
1630677780,+3.49,+29.931, +5.391,+0.982
1630677840,+3.49,+29.940, +5.249,+0.983
1630677900,+3.49,+29.931, +5.094,+0.982
1630677960,+3.49,+29.931, +4.966,+0.983
1630678020,+3.49,+29.957, +4.944,+0.983
1630678080,+3.49,+29.966, +4.985,+0.983
1630678140,+3.49,+29.957, +5.012,+0.983
1630678200,+3.49,+29.957, +5.002,+0.983
1630678260,+3.49,+29.949, +5.042,+0.983
1630678320,+3.49,+29.966, +5.050,+0.982
1630678380,+3.49,+29.966, +5.110,+0.983
1630678440,+3.49,+29.983, +5.177,+0.983
1630678500,+3.49,+30.009, +5.208,+0.983
1630678560,+3.49,+29.974, +5.152,+0.982
1630678620,+3.49,+29.992, +5.118,+0.983
1630678680,+3.49,+30.009, +5.068,+0.982
1630678740,+3.49,+29.983, +5.119,+0.983
1630678800,+3.49,+29.992, +5.171,+0.983
1630678860,+3.49,+30.018, +5.171,+0.982
1630678920,+3.49,+30.009, +5.165,+0.982
1630678980,+3.49,+30.009, +5.162,+0.982
1630679040,+3.49,+30.009, +5.149,+0.983
1630679100,+3.49,+30.018, +5.145,+0.983
1630679160,+3.49,+30.018, +5.118,+0.983
1630679220,+3.49,+30.018, +5.100,+0.983
1630679280,+3.49,+30.026, +5.128,+0.983
1630679340,+3.49,+30.026, +4.874,+0.983
1630679400,+3.49,+30.043, +4.895,+0.983
1630679460,+3.49,+30.035, +4.963,+0.983
1630679520,+3.49,+30.043, +4.975,+0.983
1630679580,+3.49,+30.069, +5.085,+0.982
1630679640,+3.49,+30.078, +5.146,+0.982
1630679700,+3.49,+30.052, +5.173,+0.983
1630679760,+3.49,+30.043, +4.932,+0.983
1630679820,+3.49,+30.043, +4.936,+0.983
1630679880,+3.49,+30.061, +5.015,+0.983
1630679940,+3.49,+30.069, +5.002,+0.983
1630680000,+3.49,+30.078, +4.807,+0.984
1630680060,+3.49,+30.043, +4.672,+0.983
1630680120,+3.49,+30.061, +4.817,+0.983
1630680180,+3.49,+30.061, +4.931,+0.983
1630680240,+3.49,+30.078, +5.119,+0.983
1630680300,+3.49,+30.113, +5.319,+0.983
1630680360,+3.49,+30.104, +5.543,+0.982
1630680420,+3.49,+30.138, +5.683,+0.983
1630680480,+3.49,+30.130, +5.500,+0.983
1630680540,+3.49,+30.130, +5.396,+0.983
1630680600,+3.49,+30.104, +5.577,+0.983
1630680660,+3.49,+30.095, +5.434,+0.983
1630680720,+3.49,+30.095, +5.659,+0.983
1630680780,+3.49,+30.138, +5.871,+0.983
1630680840,+3.49,+30.130, +6.125,+0.983
1630680900,+3.49,+30.156, +6.380,+0.982
1630680960,+3.49,+30.173, +6.702,+0.983
1630681020,+3.49,+30.164, +6.898,+0.983
1630681080,+3.49,+30.199, +7.122,+0.982
1630681140,+3.49,+30.208, +7.266,+0.983
1630681200,+3.49,+30.216, +7.326,+0.983
1630681260,+3.49,+30.190, +7.133,+0.983
1630681320,+3.49,+30.173, +6.831,+0.982
1630681380,+3.49,+30.130, +6.701,+0.983
1630681440,+3.49,+30.182, +7.005,+0.983
1630681500,+3.49,+30.190, +7.222,+0.983
1630681560,+3.49,+30.182, +7.359,+0.983
1630681620,+3.49,+30.216, +7.553,+0.983
1630681680,+3.49,+30.225, +7.767,+0.982
1630681740,+3.49,+30.234, +7.932,+0.983
1630681800,+3.49,+30.242, +7.960,+0.982
1630681860,+3.49,+30.251, +7.967,+0.982
1630681920,+3.49,+30.294, +7.998,+0.982
1630681980,+3.49,+30.311, +8.060,+0.981
1630682040,+3.49,+30.320, +8.165,+0.982
1630682100,+3.49,+30.346, +8.302,+0.983
1630682160,+3.49,+30.337, +8.403,+0.982
1630682220,+3.49,+30.355, +8.473,+0.982
1630682280,+3.49,+30.355, +8.530,+0.983
1630682340,+3.49,+30.363, +8.426,+0.982
1630682400,+3.49,+30.398, +8.530,+0.982
1630682460,+3.49,+30.406, +8.711,+0.984
1630682520,+3.49,+30.424, +8.766,+0.982
1630682580,+3.49,+30.432, +8.860,+0.982
1630682640,+3.49,+30.432, +8.938,+0.983
1630682700,+3.49,+30.415, +8.656,+0.982
1630682760,+3.48,+30.441, +8.627,+0.983
1630682820,+3.49,+30.450, +8.633,+0.982
1630682880,+3.48,+30.441, +8.592,+0.982
1630682940,+3.49,+30.450, +8.652,+0.982
1630683000,+3.48,+30.467, +8.694,+0.982
1630683060,+3.49,+30.424, +8.473,+0.983
1630683120,+3.49,+30.424, +8.546,+0.982
1630683180,+3.49,+30.415, +8.676,+0.982
1630683240,+3.49,+30.432, +8.730,+0.982
1630683300,+3.49,+30.467, +8.767,+0.982
1630683360,+3.49,+30.450, +8.811,+0.983
1630683420,+3.49,+30.458, +8.829,+0.983
1630683480,+3.49,+30.467, +8.786,+0.983
1630683540,+3.49,+30.476, +8.753,+0.982
1630683600,+3.48,+30.502, +8.771,+0.982
1630683660,+3.49,+30.467, +8.648,+0.983
1630683720,+3.49,+30.476, +8.522,+0.981
1630683780,+3.48,+30.493, +8.598,+0.982
1630683840,+3.48,+30.493, +8.729,+0.983
1630683900,+3.48,+30.502, +8.744,+0.982
1630683960,+3.48,+30.510, +8.827,+0.982
1630684020,+3.49,+30.510, +8.834,+0.983
1630684080,+3.48,+30.545, +8.853,+0.983
1630684140,+3.49,+30.545, +8.852,+0.982
1630684200,+3.48,+30.545, +8.852,+0.982
1630684260,+3.48,+30.554, +8.947,+0.982
1630684320,+3.48,+30.571, +8.876,+0.983
1630684380,+3.48,+30.597, +8.883,+0.982
1630684440,+3.48,+30.588, +8.984,+0.983
1630684500,+3.48,+30.614, +9.090,+0.982
1630684560,+3.48,+30.623, +9.211,+0.983
1630684620,+3.48,+30.649, +9.290,+0.982
1630684680,+3.48,+30.658, +9.336,+0.982
1630684740,+3.48,+30.640, +9.391,+0.983
1630684800,+3.48,+30.649, +9.435,+0.982
1630684860,+3.48,+30.597, +9.487,+0.982
1630684920,+3.48,+30.597, +9.050,+0.982
1630684980,+3.48,+30.554, +8.973,+0.982
1630685040,+3.48,+30.571, +8.975,+0.982
1630685100,+3.48,+30.571, +9.037,+0.983
1630685160,+3.48,+30.571, +9.105,+0.982
1630685220,+3.48,+30.588, +9.227,+0.984
1630685280,+3.48,+30.597, +9.116,+0.983
1630685340,+3.48,+30.588, +9.219,+0.982
1630685400,+3.48,+30.606, +9.220,+0.983
1630685460,+3.48,+30.623, +9.202,+0.983
1630685520,+3.48,+30.649, +9.386,+0.983
1630685580,+3.48,+30.632, +9.166,+0.982
1630685640,+3.48,+30.640, +9.204,+0.984
1630685700,+3.48,+30.658, +9.376,+0.982
1630685760,+3.48,+30.658, +9.555,+0.984
1630685820,+3.48,+30.684, +9.624,+0.983
1630685880,+3.48,+30.675, +9.766,+0.983
1630685940,+3.48,+30.675, +9.906,+0.984
1630686000,+3.48,+30.684, +9.988,+0.984
1630686060,+3.48,+30.684, +9.962,+0.982
1630686120,+3.48,+30.692, +9.751,+0.983
1630686180,+3.48,+30.710, +9.775,+0.982
1630686240,+3.48,+30.727, +9.782,+0.983
1630686300,+3.48,+30.718, +9.849,+0.982
1630686360,+3.48,+30.744, +9.906,+0.983
1630686420,+3.48,+30.744, +9.954,+0.983
1630686480,+3.48,+30.762,+10.022,+0.982
1630686540,+3.48,+30.788,+10.083,+0.983
1630686600,+3.48,+30.814,+10.147,+0.984
1630686660,+3.48,+30.822,+10.226,+0.984
1630686720,+3.48,+30.814,+10.127,+0.983
1630686780,+3.48,+30.822,+10.174,+0.983
1630686840,+3.48,+30.848,+10.265,+0.984
1630686900,+3.48,+30.857,+10.290,+0.984
1630686960,+3.49,+30.866,+10.303,+0.984
1630687020,+3.49,+30.892,+10.210,+0.983
1630687080,+3.48,+30.892,+10.164,+0.983
1630687140,+3.49,+30.874,+10.206,+0.984
1630687200,+3.49,+30.909,+10.227,+0.984
1630687260,+3.49,+30.927,+10.270,+0.983
1630687320,+3.49,+30.953,+10.303,+0.983
1630687380,+3.49,+30.961,+10.313,+0.983
1630687440,+3.49,+30.961,+10.181,+0.983
1630687500,+3.49,+31.005,+10.140,+0.983
1630687560,+3.49,+30.987,+10.145,+0.982
1630687620,+3.49,+31.005,+10.232,+0.982
1630687680,+3.49,+30.987,+10.306,+0.984
1630687740,+3.49,+30.970,+10.340,+0.983
1630687800,+3.49,+30.970,+10.370,+0.982
1630687860,+3.49,+30.996,+10.429,+0.983
1630687920,+3.49,+30.996,+10.489,+0.983
1630687980,+3.49,+31.022,+10.588,+0.983
1630688040,+3.49,+31.013,+10.688,+0.983
1630688100,+3.49,+31.039,+10.689,+0.983
1630688160,+3.49,+31.039,+10.406,+0.983
1630688220,+3.49,+31.057,+10.319,+0.983
1630688280,+3.49,+31.065,+10.256,+0.983
1630688340,+3.49,+31.065,+10.379,+0.982
1630688400,+3.49,+31.083,+10.486,+0.983
1630688460,+3.49,+31.074,+10.558,+0.982
1630688520,+3.49,+31.092,+10.679,+0.984
1630688580,+3.49,+31.109,+10.746,+0.983
1630688640,+3.49,+31.092,+10.740,+0.983
1630688700,+3.49,+31.100,+10.598,+0.983
1630688760,+3.49,+31.109,+10.721,+0.982
1630688820,+3.49,+31.144,+10.749,+0.982
1630688880,+3.49,+31.152,+10.786,+0.984
1630688940,+3.49,+31.144,+10.721,+0.983
1630689000,+3.49,+31.196,+10.693,+0.983
1630689060,+3.49,+31.187,+10.629,+0.982
1630689120,+3.49,+31.205,+10.541,+0.983
1630689180,+3.49,+31.231,+10.569,+0.983
1630689240,+3.49,+31.213,+10.719,+0.982
1630689300,+3.49,+31.213,+10.676,+0.983
1630689360,+3.49,+31.213,+10.668,+0.982
1630689420,+3.49,+31.213,+10.824,+0.981
1630689480,+3.49,+31.222,+10.914,+0.984
1630689540,+3.49,+31.248,+10.979,+0.982
1630689600,+3.49,+31.239,+10.767,+0.984
1630689660,+3.49,+31.239,+10.655,+0.982
1630689720,+3.49,+31.222,+10.569,+0.983
1630689780,+3.49,+31.248,+10.648,+0.984
1630689840,+3.49,+31.239,+10.806,+0.983
1630689900,+3.49,+31.248,+10.936,+0.982
1630689960,+3.49,+31.248,+10.643,+0.982
1630690020,+3.49,+31.222,+10.524,+0.983
1630690080,+3.49,+31.231,+10.624,+0.981
1630690140,+3.49,+31.266,+10.749,+0.982
1630690200,+3.49,+31.292,+10.883,+0.982
1630690260,+3.49,+31.309,+11.036,+0.983
1630690320,+3.49,+31.335,+11.195,+0.983
1630690380,+3.49,+31.344,+11.219,+0.983
1630690440,+3.49,+31.361,+11.179,+0.981
1630690500,+3.49,+31.387,+11.259,+0.982
1630690560,+3.49,+31.387,+11.208,+0.983
1630690620,+3.49,+31.396,+11.422,+0.984
1630690680,+3.49,+31.405,+11.429,+0.983
1630690740,+3.49,+31.405,+11.484,+0.983
1630690800,+3.49,+31.422,+11.563,+0.982
1630690860,+3.49,+31.414,+11.601,+0.983
1630690920,+3.49,+31.431,+11.259,+0.982
1630690980,+3.49,+31.414,+11.048,+0.982
1630691040,+3.49,+31.431,+11.309,+0.981
1630691100,+3.49,+31.448,+11.508,+0.982
1630691160,+3.49,+31.483,+11.630,+0.982
1630691220,+3.49,+31.509,+11.732,+0.982
1630691280,+3.49,+31.518,+11.788,+0.982
1630691340,+3.49,+31.536,+11.916,+0.984
1630691400,+3.49,+31.544,+11.835,+0.983
1630691460,+3.49,+31.553,+11.762,+0.981
1630691520,+3.48,+31.597,+11.775,+0.981
1630691580,+3.48,+31.597,+11.806,+0.983
1630691640,+3.48,+31.614,+11.805,+0.981
1630691700,+3.48,+31.614,+11.842,+0.982
1630691760,+3.48,+31.623,+11.829,+0.982
1630691820,+3.48,+31.640,+11.861,+0.982
1630691880,+3.48,+31.658,+11.946,+0.982
1630691940,+3.48,+31.684,+12.000,+0.983
1630692000,+3.48,+31.701,+12.096,+0.982
1630692060,+3.48,+31.701,+12.135,+0.982
1630692120,+3.48,+31.693,+11.930,+0.981
1630692180,+3.48,+31.701,+12.049,+0.982
1630692240,+3.48,+31.701,+12.108,+0.981
1630692300,+3.48,+31.710,+12.124,+0.982
1630692360,+3.48,+31.710,+11.936,+0.982
1630692420,+3.48,+31.684,+11.802,+0.982
1630692480,+3.48,+31.728,+11.802,+0.983
1630692540,+3.48,+31.745,+11.834,+0.982
1630692600,+3.48,+31.797,+11.889,+0.982
1630692660,+3.48,+31.815,+11.938,+0.981
1630692720,+3.48,+31.832,+12.062,+0.983
1630692780,+3.48,+31.841,+12.125,+0.981
1630692840,+3.48,+31.841,+12.254,+0.983
1630692900,+3.48,+31.832,+12.301,+0.983
1630692960,+3.48,+31.832,+12.373,+0.982
1630693020,+3.48,+31.859,+12.426,+0.982
1630693080,+3.48,+31.876,+12.427,+0.981
1630693140,+3.48,+31.920,+12.445,+0.982
1630693200,+3.48,+31.920,+12.436,+0.981
1630693260,+3.48,+31.937,+12.511,+0.982
1630693320,+3.48,+31.955,+12.450,+0.982
1630693380,+3.48,+31.955,+12.446,+0.981
1630693440,+3.48,+31.946,+12.389,+0.981
1630693500,+3.48,+31.946,+12.355,+0.982
1630693560,+3.48,+31.946,+12.369,+0.981
1630693620,+3.48,+31.946,+12.206,+0.981
1630693680,+3.48,+31.928,+12.102,+0.981
1630693740,+3.48,+31.867,+12.023,+0.983
1630693800,+3.48,+31.928,+12.017,+0.982
1630693860,+3.48,+31.937,+12.056,+0.982
1630693920,+3.48,+31.972,+12.134,+0.982
1630693980,+3.49,+31.981,+12.273,+0.982
1630694040,+3.48,+31.981,+12.404,+0.982
1630694100,+3.48,+31.998,+12.451,+0.982
1630694160,+3.49,+32.051,+12.435,+0.982
1630694220,+3.49,+32.060,+12.427,+0.981
1630694280,+3.49,+32.086,+12.503,+0.981
1630694340,+3.49,+32.112,+12.613,+0.982
1630694400,+3.49,+32.139,+12.613,+0.981
1630694460,+3.49,+32.147,+12.655,+0.981
1630694520,+3.49,+32.139,+12.731,+0.982
1630694580,+3.49,+32.165,+12.719,+0.982
1630694640,+3.49,+32.217,+12.707,+0.983
1630694700,+3.49,+32.261,+12.618,+0.981
1630694760,+3.49,+32.261,+12.610,+0.983
1630694820,+3.49,+32.279,+12.532,+0.982
1630694880,+3.49,+32.287,+12.588,+0.983
1630694940,+3.49,+32.296,+12.643,+0.982
1630695000,+3.49,+32.296,+12.617,+0.981
1630695060,+3.49,+32.252,+12.511,+0.981
1630695120,+3.49,+32.209,+12.160,+0.981
1630695180,+3.49,+32.217,+11.847,+0.982
1630695240,+3.49,+32.182,+11.884,+0.982
1630695300,+3.49,+32.174,+12.083,+0.982
1630695360,+3.49,+32.174,+12.212,+0.981
1630695420,+3.49,+32.200,+12.339,+0.981
1630695480,+3.49,+32.156,+12.474,+0.982
1630695540,+3.49,+32.174,+12.607,+0.983
1630695600,+3.49,+32.147,+12.744,+0.983
1630695660,+3.49,+32.156,+12.879,+0.982
1630695720,+3.49,+32.182,+12.947,+0.983
1630695780,+3.49,+32.226,+12.976,+0.981
1630695840,+3.49,+32.270,+13.043,+0.983
1630695900,+3.49,+32.279,+13.009,+0.981
1630695960,+3.49,+32.314,+13.068,+0.982
1630696020,+3.49,+32.296,+12.937,+0.980
1630696080,+3.49,+32.314,+12.919,+0.981
1630696140,+3.49,+32.314,+12.922,+0.982
1630696200,+3.49,+32.331,+12.988,+0.982
1630696260,+3.49,+32.358,+13.015,+0.981
1630696320,+3.49,+32.463,+13.044,+0.980
1630696380,+3.49,+32.498,+13.139,+0.981
1630696440,+3.49,+32.524,+12.851,+0.981
1630696500,+3.49,+32.516,+12.618,+0.981
1630696560,+3.49,+32.489,+12.456,+0.982
1630696620,+3.49,+32.463,+12.254,+0.981
1630696680,+3.49,+32.480,+12.391,+0.980
1630696740,+3.49,+32.498,+12.532,+0.982
1630696800,+3.49,+32.489,+12.266,+0.981
1630696860,+3.49,+32.524,+12.048,+0.981
1630696920,+3.49,+32.542,+11.933,+0.981
1630696980,+3.49,+32.489,+11.782,+0.981
1630697040,+3.49,+32.498,+11.754,+0.983
1630697100,+3.49,+32.533,+11.988,+0.980
1630697160,+3.49,+32.542,+12.295,+0.982
1630697220,+3.49,+32.586,+12.366,+0.980
1630697280,+3.49,+32.595,+12.468,+0.981
1630697340,+3.48,+32.691,+12.521,+0.980
1630697400,+3.48,+32.718,+12.439,+0.980
1630697460,+3.48,+32.718,+12.415,+0.981
1630697520,+3.48,+32.850,+12.382,+0.981
1630697580,+3.48,+32.850,+12.570,+0.981
1630697640,+3.48,+32.788,+12.578,+0.981
1630697700,+3.48,+32.744,+12.856,+0.981
1630697760,+3.49,+32.674,+12.982,+0.980
1630697820,+3.48,+32.735,+13.179,+0.980
1630697880,+3.48,+32.753,+13.370,+0.981
1630697940,+3.48,+32.753,+13.111,+0.981
1630698000,+3.48,+32.735,+13.072,+0.980
1630698060,+3.48,+32.709,+13.155,+0.980
1630698120,+3.49,+32.674,+13.312,+0.981
1630698180,+3.49,+32.709,+13.463,+0.981
1630698240,+3.49,+32.726,+13.465,+0.979
1630698300,+3.48,+32.788,+13.585,+0.980
1630698360,+3.48,+32.841,+13.672,+0.981
1630698420,+3.48,+32.867,+13.725,+0.980
1630698480,+3.48,+32.885,+13.793,+0.979
1630698540,+3.48,+32.929,+13.963,+0.981
1630698600,+3.48,+32.991,+14.046,+0.979
1630698660,+3.48,+33.017,+13.993,+0.980
1630698720,+3.48,+32.999,+13.981,+0.979
1630698780,+3.48,+32.946,+14.043,+0.980
1630698840,+3.48,+32.946,+14.057,+0.981
1630698900,+3.48,+32.929,+14.078,+0.980
1630698960,+3.48,+32.894,+14.170,+0.980
1630699020,+3.48,+32.885,+14.234,+0.980
1630699080,+3.48,+32.841,+14.243,+0.981
1630699140,+3.48,+32.814,+14.247,+0.979
1630699200,+3.48,+32.797,+14.263,+0.980
1630699260,+3.48,+32.788,+13.856,+0.980
1630699320,+3.49,+32.762,+13.575,+0.981
1630699380,+3.48,+32.797,+13.553,+0.982
1630699440,+3.48,+32.823,+13.734,+0.981
1630699500,+3.48,+32.876,+13.906,+0.981
1630699560,+3.48,+32.946,+14.024,+0.980
1630699620,+3.48,+32.999,+14.224,+0.982
1630699680,+3.48,+33.035,+14.270,+0.979
1630699740,+3.49,+33.096,+14.338,+0.982
1630699800,+3.49,+33.140,+14.336,+0.981
1630699860,+3.49,+33.114,+14.379,+0.980
1630699920,+3.49,+33.114,+14.451,+0.980
1630699980,+3.48,+33.070,+14.351,+0.979
1630700040,+3.48,+32.991,+14.206,+0.980
1630700100,+3.48,+32.964,+14.181,+0.981
1630700160,+3.48,+32.911,+14.202,+0.980
1630700220,+3.48,+32.894,+13.742,+0.979
1630700280,+3.49,+32.885,+13.905,+0.981
1630700340,+3.49,+32.876,+13.941,+0.979
1630700400,+3.48,+32.876,+14.156,+0.981
1630700460,+3.48,+32.991,+14.249,+0.980
1630700520,+3.48,+33.026,+14.367,+0.980
1630700580,+3.49,+33.087,+14.396,+0.980
1630700640,+3.49,+33.123,+14.301,+0.981
1630700700,+3.49,+33.105,+14.246,+0.981
1630700760,+3.49,+33.114,+14.335,+0.979
1630700820,+3.49,+33.149,+14.466,+0.979
1630700880,+3.49,+33.211,+14.626,+0.981
1630700940,+3.49,+33.290,+14.651,+0.978
1630701000,+3.49,+33.326,+14.734,+0.980
1630701060,+3.49,+33.352,+14.718,+0.980
1630701120,+3.49,+33.335,+14.764,+0.978
1630701180,+3.49,+33.388,+14.844,+0.979
1630701240,+3.49,+33.432,+14.852,+0.980
1630701300,+3.49,+33.432,+14.828,+0.979
1630701360,+3.49,+33.432,+14.792,+0.979
1630701420,+3.49,+33.423,+14.699,+0.980
1630701480,+3.49,+33.370,+14.273,+0.979
1630701540,+3.49,+33.335,+13.875,+0.978
1630701600,+3.49,+33.246,+13.649,+0.980
1630701660,+3.49,+33.237,+13.521,+0.980
1630701720,+3.49,+33.220,+13.378,+0.980
1630701780,+3.49,+33.176,+13.442,+0.979
1630701840,+3.49,+33.184,+13.519,+0.980
1630701900,+3.49,+33.158,+13.839,+0.982
1630701960,+3.49,+33.202,+14.084,+0.981
1630702020,+3.49,+33.220,+14.238,+0.979
1630702080,+3.49,+33.264,+14.415,+0.981
1630702140,+3.49,+33.290,+14.512,+0.979
1630702200,+3.49,+33.308,+14.701,+0.981
1630702260,+3.49,+33.361,+14.795,+0.980
1630702320,+3.49,+33.414,+14.827,+0.979
1630702380,+3.49,+33.520,+14.807,+0.980
1630702440,+3.49,+33.547,+14.738,+0.979
1630702500,+3.49,+33.547,+14.777,+0.980
1630702560,+3.49,+33.564,+14.719,+0.979
1630702620,+3.49,+33.520,+14.644,+0.979
1630702680,+3.49,+33.494,+14.689,+0.980
1630702740,+3.49,+33.449,+14.727,+0.979
1630702800,+3.49,+33.458,+14.789,+0.979
1630702860,+3.49,+33.432,+14.789,+0.979
1630702920,+3.49,+33.352,+14.835,+0.980
1630702980,+3.49,+33.326,+14.844,+0.979
1630703040,+3.49,+33.370,+14.901,+0.981
1630703100,+3.49,+33.388,+14.911,+0.979
1630703160,+3.49,+33.414,+14.951,+0.979
1630703220,+3.49,+33.467,+15.002,+0.978
1630703280,+3.49,+33.538,+15.095,+0.980
1630703340,+3.49,+33.547,+15.089,+0.980
1630703400,+3.49,+33.494,+15.171,+0.979
1630703460,+3.49,+33.538,+15.147,+0.978
1630703520,+3.49,+33.538,+15.159,+0.980
1630703580,+3.49,+33.520,+15.103,+0.978
1630703640,+3.49,+33.529,+15.183,+0.979
1630703700,+3.49,+33.529,+15.139,+0.978
1630703760,+3.49,+33.494,+15.240,+0.981
1630703820,+3.49,+33.494,+15.260,+0.979
1630703880,+3.49,+33.529,+15.293,+0.979
1630703940,+3.49,+33.520,+15.270,+0.979
1630704000,+3.49,+33.520,+15.397,+0.981
1630704060,+3.49,+33.564,+15.363,+0.978
1630704120,+3.49,+33.618,+15.373,+0.979
1630704180,+3.49,+33.644,+15.317,+0.979
1630704240,+3.49,+33.591,+15.330,+0.979
1630704300,+3.49,+33.556,+15.364,+0.980
1630704360,+3.49,+33.573,+15.349,+0.978
1630704420,+3.49,+33.609,+15.375,+0.979
1630704480,+3.49,+33.626,+15.387,+0.979
1630704540,+3.49,+33.618,+15.321,+0.978
1630704600,+3.49,+33.635,+15.358,+0.978
1630704660,+3.49,+33.706,+15.405,+0.979
1630704720,+3.49,+33.733,+15.351,+0.978
1630704780,+3.49,+33.786,+15.336,+0.978
1630704840,+3.49,+33.777,+15.321,+0.978
1630704900,+3.49,+33.768,+15.371,+0.980
1630704960,+3.49,+33.715,+15.340,+0.980
1630705020,+3.49,+33.706,+15.337,+0.977
1630705080,+3.49,+33.680,+15.337,+0.978
1630705140,+3.49,+33.662,+15.426,+0.979
1630705200,+3.49,+33.715,+15.396,+0.979
1630705260,+3.49,+33.662,+15.453,+0.981
1630705320,+3.49,+33.688,+15.520,+0.979
1630705380,+3.49,+33.724,+15.497,+0.978
1630705440,+3.49,+33.697,+15.528,+0.981
1630705500,+3.49,+33.618,+15.366,+0.980
1630705560,+3.49,+33.564,+15.381,+0.979
1630705620,+3.49,+33.573,+15.406,+0.979
1630705680,+3.49,+33.618,+15.541,+0.981
1630705740,+3.49,+33.626,+15.574,+0.982
1630705800,+3.49,+33.582,+15.509,+0.978
1630705860,+3.49,+33.547,+15.515,+0.979
1630705920,+3.49,+33.573,+15.524,+0.979
1630705980,+3.49,+33.582,+15.510,+0.979
1630706040,+3.49,+33.556,+15.462,+0.978
1630706100,+3.49,+33.618,+15.627,+0.982
1630706160,+3.49,+33.653,+15.590,+0.980
1630706220,+3.49,+33.697,+15.588,+0.978
1630706280,+3.49,+33.706,+15.545,+0.978
1630706340,+3.49,+33.724,+15.582,+0.979
1630706400,+3.49,+33.742,+15.621,+0.981
1630706460,+3.49,+33.777,+15.564,+0.979
1630706520,+3.49,+33.821,+15.495,+0.978
1630706580,+3.49,+33.821,+15.601,+0.982
1630706640,+3.49,+33.812,+15.515,+0.979
1630706700,+3.49,+33.786,+15.538,+0.978
1630706760,+3.49,+33.830,+15.578,+0.979
1630706820,+3.49,+33.839,+15.542,+0.981
1630706880,+3.49,+33.786,+15.485,+0.978
1630706940,+3.49,+33.786,+15.476,+0.979
1630707000,+3.49,+33.786,+15.474,+0.978
1630707060,+3.49,+33.804,+15.470,+0.978
1630707120,+3.49,+33.830,+15.343,+0.978
1630707180,+3.49,+33.848,+15.150,+0.977
1630707240,+3.49,+33.866,+15.030,+0.978
1630707300,+3.49,+33.848,+14.907,+0.978
1630707360,+3.49,+33.857,+14.872,+0.980
1630707420,+3.49,+33.839,+14.813,+0.978
1630707480,+3.49,+33.866,+14.782,+0.982
1630707540,+3.49,+33.830,+14.597,+0.980
1630707600,+3.49,+33.839,+14.618,+0.981
1630707660,+3.49,+33.830,+14.556,+0.978
1630707720,+3.49,+33.839,+14.585,+0.980
1630707780,+3.49,+33.830,+14.779,+0.978
1630707840,+3.49,+33.830,+14.932,+0.979
1630707900,+3.49,+33.857,+15.071,+0.981
1630707960,+3.49,+33.866,+15.075,+0.977
1630708020,+3.49,+33.866,+15.229,+0.978
1630708080,+3.49,+33.892,+15.411,+0.980
1630708140,+3.49,+33.883,+15.422,+0.979
1630708200,+3.49,+33.892,+15.250,+0.978
1630708260,+3.49,+33.883,+15.210,+0.979
1630708320,+3.49,+33.883,+15.233,+0.979
1630708380,+3.49,+33.857,+15.134,+0.979
1630708440,+3.49,+33.892,+15.068,+0.979
1630708500,+3.49,+33.883,+15.024,+0.980
1630708560,+3.49,+33.874,+14.793,+0.977
1630708620,+3.49,+33.839,+14.915,+0.979
1630708680,+3.49,+33.830,+14.960,+0.980
1630708740,+3.49,+33.821,+14.882,+0.980
1630708800,+3.49,+33.848,+14.698,+0.979
1630708860,+3.49,+33.839,+14.632,+0.981
1630708920,+3.49,+33.839,+14.672,+0.979
1630708980,+3.49,+33.830,+14.657,+0.978
1630709040,+3.49,+33.795,+14.585,+0.979
1630709100,+3.49,+33.768,+14.523,+0.980
1630709160,+3.49,+33.759,+14.463,+0.980
1630709220,+3.49,+33.724,+14.385,+0.978
1630709280,+3.49,+33.733,+14.353,+0.979
1630709340,+3.49,+33.733,+14.299,+0.980
1630709400,+3.49,+33.750,+14.239,+0.980
1630709460,+3.49,+33.724,+14.235,+0.980
1630709520,+3.49,+33.733,+14.140,+0.980
1630709580,+3.49,+33.706,+14.085,+0.981
1630709640,+3.49,+33.733,+14.032,+0.980
1630709700,+3.49,+33.759,+13.946,+0.980
1630709760,+3.49,+33.733,+13.897,+0.979
1630709820,+3.49,+33.742,+13.920,+0.980
1630709880,+3.49,+33.768,+13.891,+0.979
1630709940,+3.49,+33.795,+13.883,+0.981
1630710000,+3.49,+33.804,+13.683,+0.978
1630710060,+3.49,+33.812,+13.634,+0.980
1630710120,+3.49,+33.804,+13.618,+0.980
1630710180,+3.49,+33.830,+13.642,+0.980
1630710240,+3.49,+33.874,+13.732,+0.980
1630710300,+3.49,+33.874,+13.609,+0.979
1630710360,+3.49,+33.910,+13.611,+0.977
1630710420,+3.49,+33.901,+13.631,+0.978
1630710480,+3.49,+33.874,+13.713,+0.980
1630710540,+3.49,+33.857,+13.780,+0.979
1630710600,+3.49,+33.830,+13.822,+0.978
1630710660,+3.49,+33.839,+13.878,+0.980
1630710720,+3.49,+33.839,+13.840,+0.978
1630710780,+3.49,+33.857,+13.857,+0.981
1630710840,+3.49,+33.839,+13.838,+0.979
1630710900,+3.49,+33.830,+13.946,+0.980
1630710960,+3.49,+33.812,+13.976,+0.980
1630711020,+3.49,+33.804,+14.079,+0.979
1630711080,+3.49,+33.812,+14.173,+0.980
1630711140,+3.49,+33.804,+14.240,+0.980
1630711200,+3.49,+33.821,+14.211,+0.978
1630711260,+3.49,+33.795,+14.294,+0.981
1630711320,+3.49,+33.768,+14.316,+0.980
1630711380,+3.49,+33.733,+14.335,+0.978
1630711440,+3.49,+33.697,+14.358,+0.980
1630711500,+3.49,+33.653,+14.355,+0.980
1630711560,+3.49,+33.626,+14.353,+0.979
1630711620,+3.49,+33.609,+14.404,+0.980
1630711680,+3.49,+33.600,+14.408,+0.980
1630711740,+3.49,+33.564,+14.418,+0.980
1630711800,+3.49,+33.529,+14.399,+0.980
1630711860,+3.49,+33.503,+14.297,+0.979
1630711920,+3.49,+33.467,+14.324,+0.980
1630711980,+3.49,+33.485,+14.277,+0.980
1630712040,+3.49,+33.476,+14.204,+0.980
1630712100,+3.49,+33.494,+14.182,+0.981
1630712160,+3.49,+33.520,+14.083,+0.979
1630712220,+3.49,+33.538,+14.097,+0.981
1630712280,+3.49,+33.573,+14.092,+0.981
1630712340,+3.49,+33.626,+14.097,+0.981
1630712400,+3.49,+33.653,+14.012,+0.979
1630712460,+3.49,+33.662,+13.903,+0.981
1630712520,+3.49,+33.688,+13.863,+0.980
1630712580,+3.49,+33.706,+13.903,+0.981
1630712640,+3.49,+33.928,+13.984,+0.980
1630712700,+3.49,+33.937,+13.779,+0.980
1630712760,+3.49,+33.866,+13.963,+0.980
1630712820,+3.49,+33.839,+14.051,+0.977
1630712880,+3.49,+33.795,+14.193,+0.979
1630712940,+3.49,+33.768,+14.247,+0.979
1630713000,+3.49,+33.759,+14.306,+0.982
1630713060,+3.49,+33.750,+14.274,+0.979
1630713120,+3.49,+33.750,+14.303,+0.980
1630713180,+3.49,+33.768,+14.224,+0.979
1630713240,+3.49,+33.883,+13.952,+0.978
1630713300,+3.49,+33.954,+13.654,+0.980
1630713360,+3.49,+33.945,+13.496,+0.981
1630713420,+3.49,+33.945,+13.437,+0.979
1630713480,+3.49,+33.937,+13.427,+0.979
1630713540,+3.49,+33.919,+13.442,+0.978
1630713600,+3.49,+33.901,+13.558,+0.979
1630713660,+3.49,+33.945,+13.606,+0.979
1630713720,+3.49,+33.981,+13.615,+0.981
1630713780,+3.49,+33.999,+13.518,+0.978
1630713840,+3.49,+33.981,+13.575,+0.978
1630713900,+3.49,+33.937,+13.818,+0.979
1630713960,+3.49,+33.928,+13.834,+0.979
1630714020,+3.49,+33.919,+13.818,+0.980
1630714080,+3.49,+33.901,+13.752,+0.978
1630714140,+3.49,+33.919,+13.798,+0.980
1630714200,+3.49,+33.866,+13.826,+0.981
1630714260,+3.49,+33.883,+13.863,+0.979
1630714320,+3.49,+33.910,+13.728,+0.978
1630714380,+3.49,+33.919,+13.606,+0.978
1630714440,+3.49,+33.901,+13.570,+0.978
1630714500,+3.49,+33.848,+13.739,+0.979
1630714560,+3.49,+33.848,+13.795,+0.979
1630714620,+3.49,+33.812,+13.843,+0.979
1630714680,+3.49,+33.821,+13.822,+0.981
1630714740,+3.49,+33.857,+13.703,+0.980
1630714800,+3.49,+33.892,+13.582,+0.978
1630714860,+3.49,+33.928,+13.442,+0.978
1630714920,+3.49,+33.910,+13.347,+0.982
1630714980,+3.49,+33.901,+13.192,+0.978
1630715040,+3.49,+33.866,+13.124,+0.979
1630715100,+3.49,+33.857,+13.130,+0.979
1630715160,+3.49,+33.857,+13.143,+0.980
1630715220,+3.49,+33.866,+13.194,+0.980
1630715280,+3.49,+33.901,+13.338,+0.979
1630715340,+3.49,+33.883,+13.342,+0.978
1630715400,+3.49,+33.874,+13.372,+0.980
1630715460,+3.49,+33.892,+13.341,+0.978
1630715520,+3.49,+33.901,+13.354,+0.979
1630715580,+3.49,+33.901,+13.335,+0.979
1630715640,+3.49,+33.919,+13.370,+0.981
1630715700,+3.49,+33.928,+13.274,+0.979
1630715760,+3.49,+33.901,+13.218,+0.978
1630715820,+3.49,+33.857,+13.221,+0.979
1630715880,+3.49,+33.848,+13.231,+0.980
1630715940,+3.49,+33.839,+13.161,+0.980
1630716000,+3.49,+33.839,+13.151,+0.980
1630716060,+3.49,+33.839,+13.165,+0.980
1630716120,+3.49,+33.821,+13.156,+0.979
1630716180,+3.49,+33.812,+13.125,+0.979
1630716240,+3.49,+33.821,+13.031,+0.980
1630716300,+3.49,+33.804,+12.968,+0.980
1630716360,+3.49,+33.795,+12.914,+0.979
1630716420,+3.49,+33.812,+12.832,+0.979
1630716480,+3.49,+33.821,+12.721,+0.979
1630716540,+3.49,+33.830,+12.569,+0.979
1630716600,+3.49,+33.857,+12.487,+0.978
1630716660,+3.49,+33.857,+12.472,+0.981
1630716720,+3.49,+33.857,+12.359,+0.979
1630716780,+3.49,+33.848,+12.291,+0.979
1630716840,+3.49,+33.821,+12.313,+0.980
1630716900,+3.49,+33.821,+12.337,+0.979
1630716960,+3.49,+33.821,+12.328,+0.979
1630717020,+3.49,+33.804,+12.326,+0.980
1630717080,+3.49,+33.812,+12.295,+0.980
1630717140,+3.49,+33.786,+12.155,+0.979
1630717200,+3.49,+33.786,+12.078,+0.979
1630717260,+3.49,+33.768,+12.087,+0.979
1630717320,+3.49,+33.759,+12.074,+0.978
1630717380,+3.49,+33.742,+12.010,+0.981
1630717440,+3.49,+33.733,+11.727,+0.980
1630717500,+3.49,+33.733,+11.545,+0.979
1630717560,+3.49,+33.706,+11.497,+0.980
1630717620,+3.49,+33.688,+11.561,+0.978
1630717680,+3.49,+33.662,+11.678,+0.979
1630717740,+3.49,+33.653,+11.652,+0.979
