7450-387970
OS REV: 1.05 Sensor Cal: 1615486469
Time (sec),  BV (Volts),  T (deg C),  DO (mg/l),  Q ()
1631495400,+3.47,+29.613,+19.102,+0.985
1631495460,+3.47,+29.587,+19.025,+0.986
1631495520,+3.47,+29.587,+18.905,+0.986
1631495580,+3.47,+29.587,+18.742,+0.983
1631495640,+3.47,+29.578,+18.674,+0.983
1631495700,+3.47,+29.569,+18.656,+0.986
1631495760,+3.48,+29.561,+18.536,+0.986
1631495820,+3.48,+29.544,+18.422,+0.987
1631495880,+3.47,+29.544,+18.049,+0.983
1631495940,+3.48,+29.526,+17.865,+0.985
1631496000,+3.48,+29.518,+17.703,+0.987
1631496060,+3.48,+29.526,+17.409,+0.984
1631496120,+3.48,+29.466,+17.249,+0.985
1631496180,+3.48,+29.466,+17.068,+0.984
1631496240,+3.48,+29.440,+17.022,+0.986
1631496300,+3.48,+29.458,+16.925,+0.985
1631496360,+3.48,+29.432,+16.874,+0.985
1631496420,+3.48,+29.423,+16.822,+0.985
1631496480,+3.48,+29.432,+16.761,+0.984
1631496540,+3.48,+29.397,+16.702,+0.985
1631496600,+3.48,+29.397,+16.547,+0.985
1631496660,+3.48,+29.372,+16.413,+0.983
1631496720,+3.48,+29.372,+16.326,+0.983
1631496780,+3.48,+29.354,+16.265,+0.984
1631496840,+3.48,+29.346,+16.213,+0.983
1631496900,+3.48,+29.337,+16.205,+0.985
1631496960,+3.48,+29.346,+16.196,+0.986
1631497020,+3.48,+29.312,+16.179,+0.985
1631497080,+3.48,+29.303,+16.209,+0.986
1631497140,+3.48,+29.303,+16.103,+0.983
1631497200,+3.48,+29.277,+16.120,+0.984
1631497260,+3.48,+29.269,+16.104,+0.985
1631497320,+3.48,+29.277,+16.073,+0.986
1631497380,+3.48,+29.260,+16.319,+0.983
1631497440,+3.48,+29.226,+17.034,+0.982
1631497500,+3.48,+29.208,+17.563,+0.983
1631497560,+3.48,+29.191,+17.793,+0.983
1631497620,+3.48,+29.174,+17.912,+0.986
1631497680,+3.48,+29.157,+17.810,+0.982
1631497740,+3.48,+29.166,+17.723,+0.984
1631497800,+3.48,+29.148,+17.520,+0.983
1631497860,+3.48,+29.148,+17.335,+0.983
1631497920,+3.48,+29.123,+17.186,+0.984
1631497980,+3.48,+29.088,+17.049,+0.984
1631498040,+3.48,+29.114,+16.942,+0.985
1631498100,+3.48,+29.080,+16.841,+0.983
1631498160,+3.48,+29.080,+16.786,+0.983
1631498220,+3.48,+29.063,+16.749,+0.982
1631498280,+3.48,+29.071,+16.748,+0.984
1631498340,+3.48,+29.054,+16.649,+0.983
1631498400,+3.48,+29.045,+16.531,+0.982
1631498460,+3.48,+29.037,+16.354,+0.981
1631498520,+3.48,+29.011,+16.237,+0.983
1631498580,+3.48,+28.977,+16.005,+0.981
1631498640,+3.48,+28.951,+15.879,+0.983
1631498700,+3.48,+28.934,+15.769,+0.983
1631498760,+3.48,+28.900,+15.745,+0.983
1631498820,+3.48,+28.917,+15.728,+0.982
1631498880,+3.48,+28.900,+15.749,+0.982
1631498940,+3.48,+28.883,+15.767,+0.982
1631499000,+3.48,+28.883,+15.825,+0.982
1631499060,+3.48,+28.865,+15.848,+0.982
1631499120,+3.48,+28.874,+15.787,+0.982
1631499180,+3.48,+28.857,+15.722,+0.983
1631499240,+3.48,+28.848,+15.604,+0.982
1631499300,+3.48,+28.840,+15.544,+0.983
1631499360,+3.48,+28.823,+15.497,+0.982
1631499420,+3.48,+28.831,+15.455,+0.983
1631499480,+3.48,+28.814,+15.374,+0.982
1631499540,+3.48,+28.797,+15.333,+0.983
1631499600,+3.48,+28.805,+15.246,+0.983
1631499660,+3.48,+28.780,+15.183,+0.983
1631499720,+3.48,+28.771,+15.156,+0.984
1631499780,+3.48,+28.763,+15.119,+0.984
1631499840,+3.48,+28.763,+15.107,+0.985
1631499900,+3.48,+28.728,+15.063,+0.984
1631499960,+3.48,+28.728,+15.117,+0.985
1631500020,+3.48,+28.720,+15.073,+0.982
1631500080,+3.48,+28.703,+15.126,+0.982
1631500140,+3.48,+28.694,+15.173,+0.983
1631500200,+3.48,+28.686,+15.177,+0.982
1631500260,+3.48,+28.677,+15.263,+0.983
1631500320,+3.48,+28.668,+15.215,+0.981
1631500380,+3.48,+28.643,+15.244,+0.983
1631500440,+3.48,+28.634,+15.286,+0.984
1631500500,+3.48,+28.643,+15.283,+0.984
1631500560,+3.48,+28.626,+15.303,+0.983
1631500620,+3.48,+28.600,+15.338,+0.984
1631500680,+3.48,+28.591,+15.346,+0.984
1631500740,+3.48,+28.591,+15.319,+0.983
1631500800,+3.48,+28.566,+15.271,+0.983
1631500860,+3.48,+28.557,+15.268,+0.984
1631500920,+3.48,+28.549,+15.269,+0.983
1631500980,+3.48,+28.540,+15.382,+0.985
1631501040,+3.48,+28.523,+15.320,+0.984
1631501100,+3.48,+28.523,+15.234,+0.984
1631501160,+3.48,+28.506,+15.137,+0.984
1631501220,+3.48,+28.506,+15.014,+0.983
1631501280,+3.48,+28.480,+15.029,+0.984
1631501340,+3.48,+28.472,+14.960,+0.983
1631501400,+3.48,+28.472,+14.949,+0.984
1631501460,+3.48,+28.455,+14.919,+0.984
1631501520,+3.48,+28.438,+14.916,+0.984
1631501580,+3.48,+28.429,+14.911,+0.982
1631501640,+3.48,+28.429,+14.947,+0.982
1631501700,+3.48,+28.420,+14.973,+0.983
1631501760,+3.48,+28.395,+15.009,+0.984
1631501820,+3.48,+28.386,+14.977,+0.984
1631501880,+3.48,+28.378,+14.891,+0.982
1631501940,+3.48,+28.378,+14.863,+0.983
1631502000,+3.48,+28.352,+14.793,+0.982
1631502060,+3.48,+28.352,+14.742,+0.982
1631502120,+3.48,+28.352,+14.674,+0.982
1631502180,+3.48,+28.335,+14.711,+0.983
1631502240,+3.48,+28.318,+14.736,+0.982
1631502300,+3.48,+28.326,+14.758,+0.982
1631502360,+3.48,+28.292,+14.828,+0.984
1631502420,+3.48,+28.301,+14.808,+0.983
1631502480,+3.48,+28.301,+14.849,+0.983
1631502540,+3.48,+28.284,+14.806,+0.981
1631502600,+3.48,+28.267,+14.816,+0.982
1631502660,+3.48,+28.233,+14.763,+0.982
1631502720,+3.48,+28.250,+14.752,+0.982
1631502780,+3.48,+28.224,+14.780,+0.983
1631502840,+3.48,+28.233,+14.716,+0.982
1631502900,+3.48,+28.207,+14.694,+0.982
1631502960,+3.48,+28.207,+14.673,+0.983
1631503020,+3.48,+28.207,+14.655,+0.983
1631503080,+3.48,+28.190,+14.612,+0.982
1631503140,+3.48,+28.164,+14.569,+0.983
1631503200,+3.48,+28.156,+14.440,+0.981
1631503260,+3.48,+28.130,+14.399,+0.981
1631503320,+3.48,+28.130,+14.402,+0.983
1631503380,+3.48,+28.122,+14.313,+0.980
1631503440,+3.48,+28.130,+14.224,+0.981
1631503500,+3.48,+28.113,+14.060,+0.981
1631503560,+3.48,+28.096,+13.929,+0.980
1631503620,+3.48,+28.105,+13.827,+0.980
1631503680,+3.48,+28.079,+13.735,+0.980
1631503740,+3.48,+28.087,+13.435,+0.979
1631503800,+3.48,+28.062,+13.023,+0.977
1631503860,+3.48,+28.062,+12.808,+0.978
1631503920,+3.48,+28.062,+12.672,+0.978
1631503980,+3.48,+28.045,+12.669,+0.980
1631504040,+3.48,+28.019,+12.706,+0.981
1631504100,+3.48,+28.011,+12.680,+0.982
1631504160,+3.48,+28.011,+12.621,+0.982
1631504220,+3.48,+28.002,+12.582,+0.982
1631504280,+3.48,+27.994,+12.507,+0.981
1631504340,+3.48,+28.002,+12.439,+0.982
1631504400,+3.48,+27.985,+12.373,+0.981
1631504460,+3.48,+27.968,+12.344,+0.981
1631504520,+3.48,+27.968,+12.347,+0.981
1631504580,+3.48,+27.960,+12.332,+0.981
1631504640,+3.48,+27.943,+12.362,+0.983
1631504700,+3.48,+27.943,+12.357,+0.982
1631504760,+3.48,+27.917,+12.355,+0.981
1631504820,+3.48,+27.925,+12.384,+0.982
1631504880,+3.48,+27.917,+12.437,+0.983
1631504940,+3.48,+27.891,+12.428,+0.982
1631505000,+3.48,+27.900,+12.427,+0.983
1631505060,+3.48,+27.900,+12.416,+0.982
1631505120,+3.48,+27.891,+12.451,+0.983
1631505180,+3.48,+27.874,+12.438,+0.982
1631505240,+3.48,+27.866,+12.432,+0.983
1631505300,+3.48,+27.849,+12.396,+0.982
1631505360,+3.48,+27.832,+12.409,+0.984
1631505420,+3.48,+27.840,+12.323,+0.982
1631505480,+3.48,+27.832,+12.284,+0.983
1631505540,+3.48,+27.815,+12.214,+0.982
1631505600,+3.48,+27.815,+12.165,+0.982
1631505660,+3.48,+27.806,+12.130,+0.982
1631505720,+3.48,+27.789,+12.086,+0.982
1631505780,+3.48,+27.789,+12.046,+0.982
1631505840,+3.48,+27.781,+12.060,+0.984
1631505900,+3.48,+27.764,+11.997,+0.981
1631505960,+3.48,+27.755,+11.968,+0.983
1631506020,+3.48,+27.755,+11.877,+0.981
1631506080,+3.48,+27.738,+11.852,+0.983
1631506140,+3.48,+27.747,+11.773,+0.981
1631506200,+3.48,+27.713,+11.775,+0.982
1631506260,+3.48,+27.730,+11.699,+0.981
1631506320,+3.48,+27.713,+11.673,+0.981
1631506380,+3.48,+27.704,+11.617,+0.980
1631506440,+3.48,+27.704,+11.548,+0.980
1631506500,+3.48,+27.687,+11.496,+0.980
1631506560,+3.48,+27.678,+11.457,+0.980
1631506620,+3.48,+27.653,+11.433,+0.981
1631506680,+3.48,+27.653,+11.337,+0.980
1631506740,+3.48,+27.627,+11.299,+0.980
1631506800,+3.48,+27.636,+11.259,+0.980
1631506860,+3.48,+27.636,+11.216,+0.980
1631506920,+3.48,+27.627,+11.196,+0.979
1631506980,+3.48,+27.619,+11.193,+0.980
1631507040,+3.48,+27.610,+11.170,+0.980
1631507100,+3.48,+27.593,+11.158,+0.980
1631507160,+3.48,+27.593,+11.104,+0.979
1631507220,+3.48,+27.585,+11.093,+0.980
1631507280,+3.48,+27.568,+11.084,+0.980
1631507340,+3.48,+27.576,+11.009,+0.979
1631507400,+3.48,+27.568,+10.976,+0.980
1631507460,+3.48,+27.568,+10.911,+0.980
1631507520,+3.48,+27.551,+10.839,+0.979
1631507580,+3.48,+27.534,+10.771,+0.980
1631507640,+3.48,+27.559,+10.667,+0.979
1631507700,+3.48,+27.517,+10.570,+0.980
1631507760,+3.48,+27.525,+10.459,+0.980
1631507820,+3.48,+27.508,+10.353,+0.980
1631507880,+3.48,+27.508,+10.277,+0.980
1631507940,+3.48,+27.500,+10.193,+0.980
1631508000,+3.48,+27.483,+10.131,+0.980
1631508060,+3.48,+27.483,+10.071,+0.981
1631508120,+3.48,+27.474,+10.036,+0.980
1631508180,+3.48,+27.466,+10.029,+0.980
1631508240,+3.48,+27.457,+10.028,+0.980
1631508300,+3.48,+27.440,+10.053,+0.980
1631508360,+3.48,+27.440,+10.037,+0.979
1631508420,+3.48,+27.440,+10.035,+0.980
1631508480,+3.48,+27.415, +9.990,+0.979
1631508540,+3.48,+27.415, +9.978,+0.980
1631508600,+3.48,+27.415, +9.962,+0.979
1631508660,+3.48,+27.423, +9.974,+0.979
1631508720,+3.48,+27.398,+10.009,+0.979
1631508780,+3.48,+27.381,+10.046,+0.979
1631508840,+3.48,+27.389,+10.064,+0.979
1631508900,+3.48,+27.364,+10.041,+0.979
1631508960,+3.48,+27.364, +9.995,+0.979
1631509020,+3.48,+27.364, +9.917,+0.978
1631509080,+3.48,+27.347, +9.865,+0.979
1631509140,+3.48,+27.338, +9.825,+0.978
1631509200,+3.48,+27.330, +9.813,+0.979
1631509260,+3.48,+27.330, +9.734,+0.979
1631509320,+3.48,+27.330, +9.682,+0.979
1631509380,+3.48,+27.330, +9.626,+0.978
1631509440,+3.48,+27.313, +9.607,+0.978
1631509500,+3.48,+27.304, +9.605,+0.978
1631509560,+3.48,+27.304, +9.589,+0.978
1631509620,+3.48,+27.296, +9.598,+0.978
1631509680,+3.48,+27.287, +9.585,+0.977
1631509740,+3.48,+27.270, +9.575,+0.978
1631509800,+3.48,+27.287, +9.545,+0.978
1631509860,+3.48,+27.270, +9.557,+0.978
1631509920,+3.48,+27.287, +9.549,+0.979
1631509980,+3.48,+27.253, +9.577,+0.979
1631510040,+3.48,+27.253, +9.576,+0.979
1631510100,+3.48,+27.262, +9.568,+0.979
1631510160,+3.48,+27.262, +9.552,+0.979
1631510220,+3.48,+27.228, +9.565,+0.980
1631510280,+3.48,+27.253, +9.542,+0.979
1631510340,+3.48,+27.219, +9.549,+0.979
1631510400,+3.48,+27.219, +9.521,+0.978
1631510460,+3.48,+27.219, +9.500,+0.978
1631510520,+3.48,+27.202, +9.478,+0.979
1631510580,+3.48,+27.202, +9.399,+0.977
1631510640,+3.48,+27.194, +9.338,+0.978
1631510700,+3.48,+27.186, +9.306,+0.979
1631510760,+3.48,+27.177, +9.248,+0.978
1631510820,+3.48,+27.186, +9.252,+0.978
1631510880,+3.48,+27.169, +9.295,+0.978
1631510940,+3.48,+27.169, +9.313,+0.978
1631511000,+3.48,+27.160, +9.345,+0.978
1631511060,+3.48,+27.152, +9.321,+0.978
1631511120,+3.48,+27.152, +9.340,+0.979
1631511180,+3.48,+27.143, +9.341,+0.978
1631511240,+3.48,+27.135, +9.347,+0.978
1631511300,+3.48,+27.118, +9.365,+0.978
1631511360,+3.48,+27.135, +9.374,+0.978
1631511420,+3.48,+27.118, +9.378,+0.978
1631511480,+3.48,+27.109, +9.367,+0.978
1631511540,+3.48,+27.109, +9.345,+0.979
1631511600,+3.48,+27.101, +9.318,+0.978
1631511660,+3.48,+27.092, +9.296,+0.979
1631511720,+3.48,+27.101, +9.235,+0.977
1631511780,+3.48,+27.092, +9.217,+0.978
1631511840,+3.48,+27.084, +9.221,+0.978
1631511900,+3.48,+27.075, +9.237,+0.978
1631511960,+3.48,+27.084, +9.235,+0.977
1631512020,+3.48,+27.067, +9.221,+0.977
1631512080,+3.48,+27.058, +9.190,+0.977
1631512140,+3.48,+27.041, +9.146,+0.978
1631512200,+3.48,+27.058, +9.106,+0.978
1631512260,+3.48,+27.041, +9.039,+0.977
1631512320,+3.48,+27.050, +8.971,+0.977
1631512380,+3.48,+27.033, +8.901,+0.978
1631512440,+3.48,+27.033, +8.799,+0.977
1631512500,+3.48,+27.007, +8.737,+0.977
1631512560,+3.48,+27.007, +8.680,+0.977
1631512620,+3.48,+27.007, +8.649,+0.978
1631512680,+3.48,+26.999, +8.492,+0.975
1631512740,+3.48,+27.007, +8.306,+0.974
1631512800,+3.48,+26.999, +8.132,+0.973
1631512860,+3.48,+26.982, +8.046,+0.974
1631512920,+3.48,+26.982, +7.954,+0.973
1631512980,+3.48,+26.982, +7.898,+0.973
1631513040,+3.48,+26.973, +7.876,+0.973
1631513100,+3.48,+26.982, +7.865,+0.973
1631513160,+3.48,+26.982, +7.888,+0.974
1631513220,+3.48,+26.965, +7.916,+0.974
1631513280,+3.48,+26.965, +7.961,+0.975
1631513340,+3.48,+26.965, +7.957,+0.974
1631513400,+3.48,+26.948, +7.955,+0.974
1631513460,+3.48,+26.948, +7.936,+0.974
1631513520,+3.48,+26.956, +7.885,+0.974
1631513580,+3.48,+26.948, +7.855,+0.973
1631513640,+3.48,+26.939, +7.837,+0.973
1631513700,+3.48,+26.931, +7.794,+0.971
1631513760,+3.48,+26.923, +7.773,+0.972
1631513820,+3.48,+26.931, +7.736,+0.971
1631513880,+3.48,+26.931, +7.704,+0.970
1631513940,+3.48,+26.914, +7.687,+0.971
1631514000,+3.48,+26.914, +7.657,+0.971
1631514060,+3.48,+26.914, +7.599,+0.971
1631514120,+3.48,+26.897, +7.530,+0.970
1631514180,+3.48,+26.897, +7.458,+0.970
1631514240,+3.48,+26.880, +7.400,+0.971
1631514300,+3.48,+26.897, +7.349,+0.970
1631514360,+3.48,+26.872, +7.303,+0.969
1631514420,+3.48,+26.880, +7.271,+0.968
1631514480,+3.48,+26.872, +7.242,+0.967
1631514540,+3.48,+26.872, +7.238,+0.968
1631514600,+3.48,+26.855, +7.247,+0.968
1631514660,+3.48,+26.880, +7.267,+0.968
1631514720,+3.48,+26.855, +7.302,+0.968
1631514780,+3.48,+26.846, +7.334,+0.968
1631514840,+3.48,+26.838, +7.381,+0.969
1631514900,+3.48,+26.838, +7.430,+0.970
1631514960,+3.48,+26.838, +7.434,+0.969
1631515020,+3.48,+26.838, +7.457,+0.970
1631515080,+3.48,+26.821, +7.481,+0.970
1631515140,+3.48,+26.829, +7.527,+0.971
1631515200,+3.48,+26.821, +7.566,+0.971
1631515260,+3.48,+26.804, +7.625,+0.972
1631515320,+3.48,+26.804, +7.642,+0.973
1631515380,+3.48,+26.795, +7.644,+0.972
1631515440,+3.48,+26.795, +7.645,+0.972
1631515500,+3.48,+26.795, +7.617,+0.972
1631515560,+3.48,+26.787, +7.602,+0.973
1631515620,+3.48,+26.787, +7.589,+0.973
1631515680,+3.48,+26.778, +7.596,+0.972
1631515740,+3.48,+26.770, +7.561,+0.972
1631515800,+3.48,+26.753, +7.496,+0.971
1631515860,+3.48,+26.762, +7.447,+0.970
1631515920,+3.48,+26.762, +7.326,+0.969
1631515980,+3.48,+26.728, +7.231,+0.968
1631516040,+3.48,+26.736, +7.041,+0.967
1631516100,+3.48,+26.745, +6.882,+0.966
1631516160,+3.48,+26.753, +6.834,+0.966
1631516220,+3.48,+26.745, +6.778,+0.967
1631516280,+3.48,+26.736, +6.721,+0.968
1631516340,+3.48,+26.728, +6.651,+0.967
1631516400,+3.48,+26.719, +6.605,+0.968
1631516460,+3.48,+26.719, +6.538,+0.969
1631516520,+3.48,+26.719, +6.450,+0.969
1631516580,+3.48,+26.711, +6.384,+0.969
1631516640,+3.48,+26.719, +6.327,+0.969
1631516700,+3.48,+26.694, +6.247,+0.970
1631516760,+3.48,+26.694, +6.189,+0.970
1631516820,+3.48,+26.694, +6.158,+0.970
1631516880,+3.48,+26.677, +6.153,+0.971
1631516940,+3.48,+26.685, +6.142,+0.972
1631517000,+3.48,+26.685, +6.072,+0.971
1631517060,+3.48,+26.685, +6.017,+0.971
1631517120,+3.48,+26.694, +5.984,+0.971
1631517180,+3.48,+26.685, +5.930,+0.970
1631517240,+3.48,+26.660, +5.880,+0.970
1631517300,+3.48,+26.651, +5.824,+0.970
1631517360,+3.48,+26.660, +5.745,+0.970
1631517420,+3.48,+26.660, +5.682,+0.970
1631517480,+3.48,+26.651, +5.586,+0.969
1631517540,+3.48,+26.643, +5.527,+0.969
1631517600,+3.48,+26.643, +5.531,+0.969
1631517660,+3.48,+26.618, +5.511,+0.970
1631517720,+3.48,+26.618, +5.356,+0.969
1631517780,+3.48,+26.626, +5.209,+0.970
1631517840,+3.48,+26.609, +5.102,+0.970
1631517900,+3.48,+26.601, +5.035,+0.970
1631517960,+3.48,+26.601, +5.042,+0.970
1631518020,+3.48,+26.601, +5.065,+0.969
1631518080,+3.48,+26.592, +5.039,+0.968
1631518140,+3.48,+26.592, +5.054,+0.969
1631518200,+3.48,+26.575, +5.047,+0.969
1631518260,+3.48,+26.567, +5.022,+0.969
1631518320,+3.48,+26.584, +4.938,+0.968
1631518380,+3.48,+26.584, +4.896,+0.967
1631518440,+3.48,+26.558, +4.884,+0.965
1631518500,+3.48,+26.575, +4.891,+0.964
1631518560,+3.48,+26.567, +5.000,+0.964
1631518620,+3.48,+26.550, +5.152,+0.963
1631518680,+3.48,+26.550, +5.293,+0.962
1631518740,+3.48,+26.550, +5.461,+0.963
1631518800,+3.48,+26.541, +5.650,+0.965
1631518860,+3.48,+26.541, +5.743,+0.965
1631518920,+3.48,+26.533, +5.790,+0.965
1631518980,+3.48,+26.533, +5.839,+0.965
1631519040,+3.48,+26.516, +5.900,+0.967
1631519100,+3.48,+26.541, +5.938,+0.968
1631519160,+3.48,+26.524, +5.958,+0.968
1631519220,+3.48,+26.508, +5.970,+0.969
1631519280,+3.48,+26.524, +5.970,+0.968
1631519340,+3.48,+26.508, +5.963,+0.969
1631519400,+3.48,+26.508, +5.967,+0.970
1631519460,+3.48,+26.499, +5.835,+0.968
1631519520,+3.48,+26.499, +5.780,+0.970
1631519580,+3.48,+26.491, +5.625,+0.968
1631519640,+3.48,+26.482, +5.436,+0.967
1631519700,+3.48,+26.482, +5.294,+0.966
1631519760,+3.48,+26.474, +5.166,+0.966
1631519820,+3.48,+26.491, +5.043,+0.963
1631519880,+3.48,+26.474, +5.003,+0.962
1631519940,+3.48,+26.465, +4.947,+0.960
1631520000,+3.47,+26.474, +4.870,+0.958
1631520060,+3.48,+26.474, +4.804,+0.958
1631520120,+3.48,+26.465, +4.731,+0.956
1631520180,+3.47,+26.465, +4.643,+0.955
1631520240,+3.47,+26.457, +4.604,+0.956
1631520300,+3.47,+26.448, +4.542,+0.957
1631520360,+3.47,+26.440, +4.541,+0.960
1631520420,+3.47,+26.423, +4.534,+0.961
1631520480,+3.47,+26.440, +4.509,+0.961
1631520540,+3.47,+26.423, +4.488,+0.961
1631520600,+3.47,+26.423, +4.396,+0.962
1631520660,+3.47,+26.423, +4.355,+0.963
1631520720,+3.47,+26.406, +4.354,+0.963
1631520780,+3.47,+26.414, +4.366,+0.963
1631520840,+3.47,+26.406, +4.366,+0.962
1631520900,+3.47,+26.406, +4.401,+0.962
1631520960,+3.47,+26.398, +4.553,+0.960
1631521020,+3.47,+26.406, +4.733,+0.954
1631521080,+3.47,+26.406, +4.948,+0.952
1631521140,+3.47,+26.406, +5.132,+0.950
1631521200,+3.47,+26.398, +5.302,+0.951
1631521260,+3.47,+26.406, +5.429,+0.951
1631521320,+3.47,+26.389, +5.515,+0.952
1631521380,+3.47,+26.398, +5.539,+0.952
1631521440,+3.47,+26.398, +5.512,+0.952
1631521500,+3.47,+26.389, +5.448,+0.951
1631521560,+3.47,+26.398, +5.370,+0.950
1631521620,+3.47,+26.381, +5.272,+0.949
1631521680,+3.47,+26.364, +5.161,+0.949
1631521740,+3.47,+26.372, +5.025,+0.948
1631521800,+3.47,+26.381, +4.906,+0.947
1631521860,+3.47,+26.364, +4.817,+0.946
1631521920,+3.47,+26.355, +4.744,+0.943
1631521980,+3.47,+26.347, +4.685,+0.941
1631522040,+3.47,+26.372, +4.619,+0.941
1631522100,+3.47,+26.355, +4.575,+0.942
1631522160,+3.47,+26.355, +4.510,+0.942
1631522220,+3.47,+26.338, +4.439,+0.942
1631522280,+3.47,+26.347, +4.367,+0.944
1631522340,+3.47,+26.347, +4.280,+0.944
1631522400,+3.47,+26.338, +4.197,+0.946
1631522460,+3.47,+26.347, +4.122,+0.947
1631522520,+3.47,+26.338, +4.044,+0.949
1631522580,+3.47,+26.321, +3.969,+0.950
1631522640,+3.47,+26.321, +3.891,+0.952
1631522700,+3.47,+26.313, +3.826,+0.954
1631522760,+3.47,+26.330, +3.771,+0.956
1631522820,+3.47,+26.330, +3.715,+0.957
1631522880,+3.47,+26.321, +3.654,+0.958
1631522940,+3.47,+26.296, +3.590,+0.958
1631523000,+3.47,+26.305, +3.519,+0.959
1631523060,+3.47,+26.296, +3.988,+0.964
1631523120,+3.47,+26.305, +4.740,+0.964
1631523180,+3.47,+26.296, +5.292,+0.964
1631523240,+3.47,+26.288, +5.711,+0.965
1631523300,+3.47,+26.288, +5.968,+0.966
1631523360,+3.47,+26.288, +6.123,+0.966
1631523420,+3.47,+26.279, +6.228,+0.967
1631523480,+3.47,+26.296, +6.285,+0.967
1631523540,+3.47,+26.271, +6.279,+0.968
1631523600,+3.47,+26.288, +6.202,+0.968
1631523660,+3.47,+26.279, +6.125,+0.969
1631523720,+3.47,+26.271, +6.040,+0.970
1631523780,+3.47,+26.271, +5.952,+0.970
1631523840,+3.47,+26.279, +5.832,+0.970
1631523900,+3.47,+26.262, +5.660,+0.968
1631523960,+3.47,+26.262, +5.485,+0.967
1631524020,+3.47,+26.262, +5.306,+0.966
1631524080,+3.47,+26.279, +5.964,+0.966
1631524140,+3.47,+26.245, +6.475,+0.968
1631524200,+3.47,+26.262, +6.727,+0.969
1631524260,+3.47,+26.262, +6.856,+0.970
1631524320,+3.47,+26.254, +6.918,+0.971
1631524380,+3.47,+26.245, +6.885,+0.971
1631524440,+3.47,+26.245, +6.813,+0.971
1631524500,+3.47,+26.262, +6.710,+0.972
1631524560,+3.47,+26.245, +6.554,+0.971
1631524620,+3.47,+26.245, +6.419,+0.971
1631524680,+3.47,+26.229, +6.276,+0.971
1631524740,+3.47,+26.254, +6.130,+0.970
1631524800,+3.47,+26.237, +5.999,+0.970
1631524860,+3.47,+26.237, +5.836,+0.971
1631524920,+3.47,+26.220, +5.678,+0.970
1631524980,+3.47,+26.237, +5.514,+0.969
1631525040,+3.47,+26.220, +5.332,+0.968
1631525100,+3.47,+26.220, +5.185,+0.969
1631525160,+3.47,+26.229, +4.998,+0.968
1631525220,+3.47,+26.220, +4.773,+0.967
1631525280,+3.47,+26.212, +4.591,+0.967
1631525340,+3.47,+26.195, +4.426,+0.965
1631525400,+3.47,+26.220, +4.267,+0.965
1631525460,+3.47,+26.212, +4.115,+0.964
1631525520,+3.47,+26.212, +3.925,+0.962
1631525580,+3.47,+26.212, +3.747,+0.961
1631525640,+3.47,+26.203, +3.583,+0.960
1631525700,+3.47,+26.186, +3.433,+0.960
1631525760,+3.47,+26.203, +3.290,+0.960
1631525820,+3.47,+26.186, +3.163,+0.960
1631525880,+3.47,+26.178, +3.035,+0.960
1631525940,+3.47,+26.195, +2.923,+0.960
1631526000,+3.47,+26.186, +2.830,+0.960
1631526060,+3.47,+26.186, +2.716,+0.961
1631526120,+3.47,+26.178, +2.577,+0.961
1631526180,+3.47,+26.178, +2.474,+0.962
1631526240,+3.47,+26.161, +2.385,+0.963
1631526300,+3.47,+26.178, +2.309,+0.964
1631526360,+3.47,+26.169, +2.259,+0.965
1631526420,+3.47,+26.161, +2.205,+0.966
1631526480,+3.47,+26.144, +2.154,+0.967
1631526540,+3.47,+26.169, +2.123,+0.969
1631526600,+3.47,+26.161, +2.089,+0.970
1631526660,+3.47,+26.161, +2.070,+0.972
1631526720,+3.47,+26.161, +2.047,+0.973
1631526780,+3.47,+26.144, +2.043,+0.973
1631526840,+3.47,+26.144, +2.064,+0.973
1631526900,+3.47,+26.144, +2.073,+0.973
1631526960,+3.47,+26.136, +2.070,+0.973
1631527020,+3.47,+26.152, +2.117,+0.973
1631527080,+3.47,+26.144, +2.154,+0.973
1631527140,+3.47,+26.136, +2.149,+0.973
1631527200,+3.47,+26.136, +2.148,+0.974
1631527260,+3.47,+26.127, +2.133,+0.973
1631527320,+3.47,+26.136, +2.127,+0.973
1631527380,+3.47,+26.127, +2.115,+0.972
1631527440,+3.47,+26.119, +2.126,+0.973
1631527500,+3.47,+26.119, +2.157,+0.974
1631527560,+3.47,+26.110, +2.191,+0.973
1631527620,+3.47,+26.119, +2.224,+0.972
1631527680,+3.47,+26.119, +2.239,+0.973
1631527740,+3.47,+26.119, +2.233,+0.973
1631527800,+3.47,+26.127, +2.177,+0.974
1631527860,+3.47,+26.102, +2.135,+0.973
1631527920,+3.47,+26.102, +2.092,+0.972
1631527980,+3.47,+26.085, +2.034,+0.973
1631528040,+3.47,+26.093, +1.976,+0.973
1631528100,+3.47,+26.093, +1.934,+0.973
1631528160,+3.47,+26.076, +1.903,+0.973
1631528220,+3.47,+26.102, +1.864,+0.972
1631528280,+3.47,+26.102, +1.832,+0.972
1631528340,+3.47,+26.085, +1.803,+0.971
1631528400,+3.47,+26.076, +1.778,+0.971
1631528460,+3.47,+26.068, +1.758,+0.972
1631528520,+3.47,+26.068, +1.749,+0.973
1631528580,+3.47,+26.068, +1.740,+0.973
1631528640,+3.47,+26.068, +1.739,+0.973
1631528700,+3.47,+26.076, +1.743,+0.973
1631528760,+3.47,+26.060, +1.751,+0.973
1631528820,+3.47,+26.068, +1.760,+0.973
1631528880,+3.47,+26.060, +1.802,+0.975
1631528940,+3.47,+26.060, +1.820,+0.975
1631529000,+3.47,+26.068, +1.840,+0.974
1631529060,+3.47,+26.043, +1.852,+0.974
1631529120,+3.47,+26.068, +1.856,+0.974
1631529180,+3.47,+26.034, +1.859,+0.975
1631529240,+3.47,+26.043, +1.845,+0.975
1631529300,+3.47,+26.026, +1.865,+0.975
1631529360,+3.47,+26.051, +1.920,+0.974
1631529420,+3.47,+26.043, +1.971,+0.974
1631529480,+3.47,+26.043, +2.014,+0.973
1631529540,+3.47,+26.034, +2.025,+0.972
1631529600,+3.47,+26.026, +2.013,+0.971
1631529660,+3.47,+26.034, +1.980,+0.970
1631529720,+3.47,+26.043, +1.957,+0.969
1631529780,+3.47,+26.017, +1.930,+0.969
1631529840,+3.47,+26.026, +1.901,+0.968
1631529900,+3.47,+26.000, +1.869,+0.968
1631529960,+3.47,+26.000, +1.839,+0.969
1631530020,+3.47,+26.017, +1.797,+0.968
1631530080,+3.47,+26.009, +1.778,+0.968
1631530140,+3.47,+26.000, +1.762,+0.967
1631530200,+3.47,+26.017, +1.748,+0.966
1631530260,+3.47,+25.992, +1.739,+0.965
1631530320,+3.48,+25.984, +1.747,+0.966
1631530380,+3.47,+26.000, +1.727,+0.965
1631530440,+3.47,+26.000, +1.705,+0.965
1631530500,+3.47,+25.992, +1.708,+0.964
1631530560,+3.47,+25.984, +1.681,+0.962
1631530620,+3.47,+26.000, +1.628,+0.960
1631530680,+3.47,+25.967, +1.571,+0.958
1631530740,+3.48,+25.975, +1.524,+0.958
1631530800,+3.47,+25.967, +1.471,+0.958
1631530860,+3.48,+25.967, +1.415,+0.959
1631530920,+3.47,+25.967, +1.365,+0.960
1631530980,+3.48,+25.958, +1.327,+0.961
1631531040,+3.47,+25.975, +1.300,+0.962
1631531100,+3.47,+25.958, +1.302,+0.963
1631531160,+3.47,+25.950, +1.281,+0.964
1631531220,+3.48,+25.967, +1.277,+0.964
1631531280,+3.48,+25.950, +1.263,+0.963
1631531340,+3.47,+25.941, +1.208,+0.962
1631531400,+3.48,+25.950, +1.173,+0.962
1631531460,+3.48,+25.941, +1.143,+0.962
1631531520,+3.48,+25.950, +1.089,+0.962
1631531580,+3.47,+25.941, +1.039,+0.961
1631531640,+3.47,+25.950, +0.998,+0.961
1631531700,+3.47,+25.933, +0.951,+0.962
1631531760,+3.47,+25.924, +0.888,+0.963
1631531820,+3.48,+25.916, +0.821,+0.964
1631531880,+3.47,+25.916, +0.747,+0.964
1631531940,+3.48,+25.933, +0.677,+0.965
1631532000,+3.47,+25.916, +0.630,+0.966
1631532060,+3.47,+25.933, +0.589,+0.966
1631532120,+3.47,+25.933, +0.567,+0.967
1631532180,+3.48,+25.908, +0.531,+0.966
1631532240,+3.47,+25.916, +0.491,+0.966
1631532300,+3.48,+25.924, +0.469,+0.965
1631532360,+3.47,+25.899, +0.463,+0.965
1631532420,+3.47,+25.908, +0.454,+0.964
1631532480,+3.47,+25.924, +0.446,+0.965
1631532540,+3.47,+25.908, +0.446,+0.965
1631532600,+3.48,+25.899, +0.450,+0.964
1631532660,+3.48,+25.899, +0.427,+0.966
1631532720,+3.48,+25.908, +0.391,+0.966
1631532780,+3.48,+25.891, +0.374,+0.966
1631532840,+3.48,+25.899, +0.364,+0.966
1631532900,+3.47,+25.899, +0.350,+0.966
1631532960,+3.48,+25.899, +0.333,+0.966
1631533020,+3.47,+25.899, +0.318,+0.966
1631533080,+3.47,+25.899, +0.303,+0.966
1631533140,+3.47,+25.891, +0.293,+0.967
1631533200,+3.47,+25.882, +0.285,+0.967
1631533260,+3.47,+25.899, +0.270,+0.967
1631533320,+3.47,+25.882, +0.250,+0.967
1631533380,+3.47,+25.891, +0.256,+0.967
1631533440,+3.48,+25.857, +0.275,+0.967
1631533500,+3.47,+25.865, +0.300,+0.967
1631533560,+3.47,+25.865, +0.327,+0.967
1631533620,+3.47,+25.865, +0.369,+0.968
1631533680,+3.47,+25.874, +0.415,+0.967
1631533740,+3.47,+25.857, +0.453,+0.967
1631533800,+3.47,+25.849, +0.471,+0.967
1631533860,+3.48,+25.849, +0.472,+0.966
1631533920,+3.48,+25.840, +0.467,+0.966
1631533980,+3.47,+25.849, +0.458,+0.966
1631534040,+3.48,+25.849, +0.451,+0.966
1631534100,+3.47,+25.823, +0.440,+0.965
1631534160,+3.48,+25.832, +0.423,+0.966
1631534220,+3.48,+25.823, +0.422,+0.965
1631534280,+3.48,+25.832, +0.444,+0.965
1631534340,+3.47,+25.823, +0.451,+0.966
1631534400,+3.48,+25.823, +0.463,+0.966
1631534460,+3.47,+25.815, +0.464,+0.966
1631534520,+3.47,+25.823, +0.472,+0.966
1631534580,+3.47,+25.815, +0.506,+0.965
1631534640,+3.48,+25.815, +0.568,+0.964
1631534700,+3.47,+25.798, +0.620,+0.962
1631534760,+3.47,+25.815, +0.662,+0.960
1631534820,+3.48,+25.815, +1.218,+0.970
1631534880,+3.47,+25.806, +2.230,+0.976
1631534940,+3.48,+25.781, +2.596,+0.976
1631535000,+3.48,+25.806, +2.746,+0.977
1631535060,+3.47,+25.798, +2.819,+0.977
1631535120,+3.47,+25.789, +2.838,+0.978
1631535180,+3.47,+25.806, +2.830,+0.978
1631535240,+3.47,+25.798, +2.827,+0.978
1631535300,+3.48,+25.806, +2.885,+0.980
1631535360,+3.48,+25.781, +3.006,+0.981
1631535420,+3.48,+25.781, +3.084,+0.981
1631535480,+3.47,+25.789, +3.114,+0.981
1631535540,+3.47,+25.773, +3.113,+0.981
1631535600,+3.48,+25.789, +3.096,+0.981
1631535660,+3.48,+25.773, +3.069,+0.981
1631535720,+3.48,+25.781, +3.041,+0.981
1631535780,+3.47,+25.773, +3.008,+0.981
1631535840,+3.48,+25.764, +2.965,+0.980
1631535900,+3.48,+25.781, +2.914,+0.980
1631535960,+3.47,+25.773, +2.847,+0.980
1631536020,+3.48,+25.781, +2.777,+0.980
1631536080,+3.48,+25.781, +2.705,+0.979
1631536140,+3.47,+25.781, +2.642,+0.979
1631536200,+3.47,+25.773, +2.583,+0.979
1631536260,+3.47,+25.773, +2.520,+0.978
1631536320,+3.47,+25.773, +2.468,+0.978
1631536380,+3.47,+25.764, +2.411,+0.978
1631536440,+3.47,+25.764, +2.361,+0.978
1631536500,+3.47,+25.781, +2.321,+0.978
1631536560,+3.48,+25.773, +2.283,+0.977
1631536620,+3.47,+25.781, +2.246,+0.977
1631536680,+3.47,+25.773, +2.227,+0.977
1631536740,+3.47,+25.773, +2.213,+0.977
1631536800,+3.47,+25.747, +2.190,+0.976
1631536860,+3.47,+25.773, +2.164,+0.977
1631536920,+3.47,+25.764, +2.145,+0.977
1631536980,+3.47,+25.764, +2.116,+0.977
1631537040,+3.48,+25.756, +2.078,+0.976
1631537100,+3.47,+25.764, +2.033,+0.977
1631537160,+3.47,+25.747, +2.273,+0.978
1631537220,+3.47,+25.764, +2.789,+0.979
1631537280,+3.47,+25.747, +3.046,+0.979
1631537340,+3.47,+25.747, +3.177,+0.979
1631537400,+3.47,+25.756, +3.234,+0.979
1631537460,+3.47,+25.756, +3.257,+0.979
1631537520,+3.47,+25.756, +3.250,+0.979
1631537580,+3.47,+25.747, +3.250,+0.979
1631537640,+3.47,+25.747, +3.277,+0.978
1631537700,+3.47,+25.739, +3.303,+0.978
1631537760,+3.47,+25.747, +3.288,+0.978
1631537820,+3.47,+25.756, +3.268,+0.977
1631537880,+3.47,+25.747, +3.224,+0.977
1631537940,+3.47,+25.739, +3.165,+0.977
1631538000,+3.47,+25.756, +3.129,+0.977
1631538060,+3.47,+25.764, +3.084,+0.977
1631538120,+3.47,+25.764, +3.031,+0.977
1631538180,+3.47,+25.756, +3.186,+0.980
1631538240,+3.47,+25.764, +3.315,+0.980
1631538300,+3.47,+25.747, +3.397,+0.981
1631538360,+3.47,+25.764, +3.453,+0.981
1631538420,+3.47,+25.739, +3.513,+0.981
1631538480,+3.47,+25.764, +3.559,+0.980
1631538540,+3.47,+25.747, +3.613,+0.980
1631538600,+3.47,+25.764, +3.628,+0.980
1631538660,+3.47,+25.747, +3.641,+0.980
1631538720,+3.47,+25.756, +3.637,+0.980
1631538780,+3.47,+25.756, +3.626,+0.980
1631538840,+3.47,+25.747, +3.594,+0.979
1631538900,+3.47,+25.756, +3.554,+0.980
1631538960,+3.47,+25.764, +3.500,+0.980
1631539020,+3.47,+25.756, +3.432,+0.979
1631539080,+3.47,+25.747, +3.350,+0.979
1631539140,+3.47,+25.747, +3.273,+0.979
1631539200,+3.47,+25.747, +3.197,+0.978
1631539260,+3.47,+25.756, +3.132,+0.978
1631539320,+3.47,+25.747, +3.071,+0.978
1631539380,+3.47,+25.756, +2.997,+0.977
1631539440,+3.47,+25.756, +2.927,+0.977
1631539500,+3.47,+25.739, +2.863,+0.977
1631539560,+3.47,+25.739, +2.798,+0.977
1631539620,+3.47,+25.756, +2.746,+0.977
1631539680,+3.47,+25.730, +2.708,+0.978
1631539740,+3.47,+25.756, +2.665,+0.977
1631539800,+3.47,+25.747, +2.631,+0.978
1631539860,+3.47,+25.730, +2.603,+0.978
1631539920,+3.47,+25.756, +2.579,+0.978
1631539980,+3.47,+25.739, +2.563,+0.978
1631540040,+3.47,+25.739, +2.531,+0.979
1631540100,+3.47,+25.747, +2.509,+0.979
1631540160,+3.47,+25.764, +2.497,+0.979
1631540220,+3.47,+25.739, +2.494,+0.979
1631540280,+3.47,+25.747, +2.484,+0.979
1631540340,+3.47,+25.730, +2.482,+0.979
1631540400,+3.47,+25.747, +2.488,+0.980
1631540460,+3.47,+25.756, +2.493,+0.980
1631540520,+3.47,+25.739, +2.501,+0.980
1631540580,+3.47,+25.747, +2.499,+0.980
1631540640,+3.47,+25.747, +2.506,+0.980
1631540700,+3.47,+25.747, +2.559,+0.981
1631540760,+3.47,+25.747, +2.734,+0.981
1631540820,+3.47,+25.764, +2.893,+0.981
1631540880,+3.47,+25.747, +3.011,+0.982
1631540940,+3.47,+25.756, +3.114,+0.981
1631541000,+3.47,+25.756, +3.219,+0.982
1631541060,+3.47,+25.747, +3.293,+0.982
1631541120,+3.47,+25.756, +3.351,+0.982
1631541180,+3.47,+25.764, +3.402,+0.982
1631541240,+3.47,+25.764, +3.442,+0.982
1631541300,+3.47,+25.764, +3.479,+0.982
1631541360,+3.47,+25.764, +3.517,+0.982
1631541420,+3.47,+25.764, +3.549,+0.982
1631541480,+3.47,+25.773, +3.570,+0.981
1631541540,+3.47,+25.789, +3.579,+0.981
1631541600,+3.47,+25.781, +3.589,+0.981
1631541660,+3.47,+25.773, +3.596,+0.981
1631541720,+3.47,+25.764, +3.608,+0.981
1631541780,+3.47,+25.764, +3.623,+0.980
1631541840,+3.47,+25.773, +3.661,+0.980
1631541900,+3.47,+25.773, +3.701,+0.980
1631541960,+3.47,+25.781, +3.747,+0.980
1631542020,+3.47,+25.781, +3.782,+0.980
1631542080,+3.47,+25.789, +3.796,+0.980
1631542140,+3.47,+25.798, +3.800,+0.980
1631542200,+3.47,+25.798, +3.805,+0.980
1631542260,+3.47,+25.798, +3.812,+0.980
1631542320,+3.47,+25.773, +3.803,+0.980
1631542380,+3.47,+25.798, +3.792,+0.980
1631542440,+3.47,+25.798, +3.790,+0.980
1631542500,+3.47,+25.798, +3.771,+0.980
1631542560,+3.47,+25.806, +3.798,+0.980
1631542620,+3.47,+25.806, +3.835,+0.981
1631542680,+3.47,+25.789, +3.882,+0.980
1631542740,+3.47,+25.806, +3.939,+0.981
1631542800,+3.47,+25.789, +4.003,+0.981
1631542860,+3.47,+25.798, +4.054,+0.981
1631542920,+3.47,+25.806, +4.099,+0.981
1631542980,+3.47,+25.806, +4.150,+0.982
1631543040,+3.47,+25.815, +4.204,+0.982
1631543100,+3.47,+25.815, +4.258,+0.982
1631543160,+3.47,+25.815, +4.303,+0.982
1631543220,+3.47,+25.823, +4.342,+0.982
1631543280,+3.47,+25.840, +4.399,+0.982
1631543340,+3.47,+25.823, +4.329,+0.982
1631543400,+3.47,+25.815, +4.427,+0.982
1631543460,+3.47,+25.806, +4.606,+0.982
1631543520,+3.47,+25.806, +4.831,+0.982
1631543580,+3.47,+25.832, +5.061,+0.982
1631543640,+3.47,+25.823, +5.271,+0.981
1631543700,+3.47,+25.840, +5.444,+0.982
1631543760,+3.47,+25.832, +5.597,+0.982
1631543820,+3.47,+25.840, +5.747,+0.982
1631543880,+3.47,+25.849, +5.929,+0.982
1631543940,+3.47,+25.840, +6.096,+0.982
1631544000,+3.47,+25.857, +6.259,+0.982
1631544060,+3.47,+25.857, +6.417,+0.982
1631544120,+3.47,+25.849, +6.594,+0.982
1631544180,+3.47,+25.865, +6.739,+0.981
1631544240,+3.47,+25.874, +6.879,+0.981
1631544300,+3.47,+25.874, +7.049,+0.982
1631544360,+3.47,+25.882, +7.186,+0.981
1631544420,+3.47,+25.874, +7.349,+0.981
1631544480,+3.47,+25.916, +7.498,+0.981
1631544540,+3.47,+25.882, +7.700,+0.982
1631544600,+3.47,+25.916, +7.884,+0.981
1631544660,+3.47,+25.899, +8.102,+0.981
1631544720,+3.47,+25.916, +8.278,+0.981
1631544780,+3.47,+25.924, +8.428,+0.981
1631544840,+3.47,+25.924, +8.570,+0.980
1631544900,+3.47,+25.941, +8.714,+0.981
1631544960,+3.47,+25.941, +8.894,+0.980
1631545020,+3.47,+25.941, +9.123,+0.981
1631545080,+3.47,+25.950, +9.332,+0.980
1631545140,+3.47,+25.941, +9.565,+0.980
1631545200,+3.47,+25.967, +9.795,+0.980
1631545260,+3.47,+25.975,+10.079,+0.980
1631545320,+3.47,+25.992,+10.365,+0.980
1631545380,+3.47,+25.992,+10.702,+0.980
1631545440,+3.47,+26.000,+11.041,+0.981
1631545500,+3.47,+26.009,+11.377,+0.980
1631545560,+3.47,+26.017,+11.730,+0.980
1631545620,+3.47,+26.034,+12.082,+0.981
1631545680,+3.47,+26.026,+12.448,+0.982
1631545740,+3.47,+26.051,+13.101,+0.982
1631545800,+3.47,+26.060,+13.801,+0.982
1631545860,+3.47,+26.085,+14.437,+0.982
1631545920,+3.47,+26.110,+14.999,+0.983
1631545980,+3.47,+26.110,+15.531,+0.983
1631546040,+3.47,+26.136,+15.992,+0.982
1631546100,+3.47,+26.144,+16.469,+0.983
1631546160,+3.47,+26.152,+16.928,+0.983
1631546220,+3.47,+26.178,+17.425,+0.983
1631546280,+3.47,+26.186,+17.882,+0.983
1631546340,+3.47,+26.186,+18.390,+0.986
1631546400,+3.47,+26.212,+18.863,+0.984
1631546460,+3.47,+26.203,+18.791,+0.985
1631546520,+3.47,+26.195,+19.031,+0.985
1631546580,+3.47,+26.237,+19.481,+0.984
1631546640,+3.47,+26.229,+19.964,+0.986
1631546700,+3.47,+26.245,+20.361,+0.985
1631546760,+3.47,+26.271,+20.808,+0.986
1631546820,+3.47,+26.279,+21.228,+0.985
1631546880,+3.47,+26.288,+21.684,+0.986
1631546940,+3.47,+26.305,+22.114,+0.987
1631547000,+3.47,+26.313,+22.251,+0.985
1631547060,+3.47,+26.313,+22.217,+0.986
1631547120,+3.47,+26.330,+22.302,+0.987
1631547180,+3.47,+26.321,+22.510,+0.986
1631547240,+3.47,+26.330,+22.901,+0.987
1631547300,+3.47,+26.347,+23.216,+0.988
1631547360,+3.47,+26.355,+22.871,+0.984
1631547420,+3.47,+26.347,+22.795,+0.986
1631547480,+3.47,+26.355,+22.743,+0.986
1631547540,+3.47,+26.372,+22.602,+0.983
1631547600,+3.47,+26.372,+22.760,+0.987
1631547660,+3.47,+26.372,+22.685,+0.986
1631547720,+3.47,+26.381,+22.827,+0.987
1631547780,+3.47,+26.372,+22.722,+0.987
1631547840,+3.47,+26.381,+22.868,+0.987
1631547900,+3.47,+26.398,+23.048,+0.987
1631547960,+3.47,+26.398,+23.202,+0.987
1631548020,+3.47,+26.406,+23.208,+0.987
1631548080,+3.47,+26.389,+23.290,+0.987
1631548140,+3.47,+26.406,+23.347,+0.986
1631548200,+3.47,+26.414,+23.566,+0.986
1631548260,+3.47,+26.414,+23.751,+0.986
1631548320,+3.47,+26.448,+24.106,+0.988
1631548380,+3.47,+26.448,+24.189,+0.986
1631548440,+3.47,+26.457,+24.124,+0.988
1631548500,+3.47,+26.465,+23.754,+0.986
1631548560,+3.47,+26.474,+23.422,+0.988
1631548620,+3.47,+26.482,+22.857,+0.985
1631548680,+3.47,+26.474,+22.143,+0.986
1631548740,+3.47,+26.482,+21.493,+0.986
1631548800,+3.47,+26.499,+21.268,+0.985
1631548860,+3.47,+26.491,+21.168,+0.986
1631548920,+3.47,+26.499,+20.789,+0.986
1631548980,+3.47,+26.491,+20.562,+0.986
1631549040,+3.47,+26.508,+20.378,+0.987
1631549100,+3.47,+26.499,+20.189,+0.987
1631549160,+3.47,+26.474,+20.009,+0.986
1631549220,+3.47,+26.482,+19.783,+0.988
1631549280,+3.47,+26.482,+19.507,+0.986
1631549340,+3.47,+26.457,+19.321,+0.987
1631549400,+3.47,+26.457,+19.290,+0.986
1631549460,+3.47,+26.465,+19.565,+0.989
1631549520,+3.47,+26.465,+19.742,+0.990
1631549580,+3.47,+26.448,+19.680,+0.987
1631549640,+3.47,+26.465,+19.684,+0.988
1631549700,+3.47,+26.457,+19.659,+0.987
1631549760,+3.47,+26.465,+19.568,+0.987
1631549820,+3.47,+26.465,+19.483,+0.987
1631549880,+3.47,+26.457,+19.577,+0.986
1631549940,+3.47,+26.465,+19.499,+0.984
1631550000,+3.47,+26.482,+19.617,+0.987
1631550060,+3.47,+26.491,+19.577,+0.988
1631550120,+3.47,+26.491,+19.607,+0.986
1631550180,+3.47,+26.491,+19.571,+0.989
1631550240,+3.47,+26.499,+19.428,+0.986
1631550300,+3.47,+26.482,+19.427,+0.987
1631550360,+3.47,+26.491,+19.440,+0.986
1631550420,+3.47,+26.524,+19.717,+0.986
1631550480,+3.47,+26.524,+20.053,+0.986
1631550540,+3.47,+26.558,+20.486,+0.986
1631550600,+3.47,+26.550,+20.852,+0.987
1631550660,+3.47,+26.592,+21.144,+0.986
1631550720,+3.47,+26.601,+21.561,+0.987
1631550780,+3.47,+26.618,+21.879,+0.987
1631550840,+3.47,+26.626,+22.251,+0.987
1631550900,+3.47,+26.677,+22.447,+0.984
1631550960,+3.47,+26.668,+22.586,+0.987
1631551020,+3.47,+26.685,+23.081,+0.988
1631551080,+3.47,+26.702,+23.445,+0.987
1631551140,+3.47,+26.736,+23.691,+0.984
1631551200,+3.47,+26.745,+23.987,+0.985
1631551260,+3.47,+26.745,+23.951,+0.987
1631551320,+3.47,+26.736,+23.637,+0.987
1631551380,+3.47,+26.770,+23.440,+0.985
1631551440,+3.47,+26.787,+23.334,+0.986
1631551500,+3.47,+26.812,+23.574,+0.986
1631551560,+3.47,+26.812,+23.924,+0.985
1631551620,+3.47,+26.838,+24.121,+0.986
1631551680,+3.47,+26.838,+24.283,+0.987
1631551740,+3.47,+26.821,+24.332,+0.985
1631551800,+3.47,+26.838,+24.325,+0.983
1631551860,+3.47,+26.829,+24.345,+0.987
1631551920,+3.47,+26.829,+24.076,+0.985
1631551980,+3.47,+26.812,+23.980,+0.986
1631552040,+3.47,+26.829,+23.643,+0.984
1631552100,+3.47,+26.821,+22.918,+0.984
1631552160,+3.47,+26.812,+22.508,+0.986
1631552220,+3.47,+26.795,+22.525,+0.986
1631552280,+3.47,+26.829,+22.653,+0.985
1631552340,+3.47,+26.821,+22.867,+0.986
1631552400,+3.47,+26.846,+23.086,+0.986
1631552460,+3.47,+26.846,+23.524,+0.987
1631552520,+3.47,+26.880,+23.832,+0.986
1631552580,+3.47,+26.923,+24.023,+0.987
1631552640,+3.47,+26.973,+24.044,+0.988
1631552700,+3.47,+26.999,+24.114,+0.988
1631552760,+3.47,+27.058,+24.106,+0.988
1631552820,+3.47,+27.160,+24.245,+0.988
1631552880,+3.47,+27.228,+24.003,+0.988
1631552940,+3.47,+27.313,+23.803,+0.989
1631553000,+3.47,+27.372,+23.487,+0.986
1631553060,+3.47,+27.398,+23.300,+0.988
1631553120,+3.47,+27.381,+23.157,+0.988
1631553180,+3.47,+27.364,+22.988,+0.988
1631553240,+3.47,+27.321,+22.898,+0.989
1631553300,+3.47,+27.304,+22.635,+0.988
1631553360,+3.47,+27.270,+22.601,+0.987
1631553420,+3.47,+27.270,+22.502,+0.986
1631553480,+3.47,+27.262,+22.627,+0.987
1631553540,+3.47,+27.236,+22.943,+0.987
1631553600,+3.47,+27.228,+23.378,+0.988
1631553660,+3.47,+27.245,+23.976,+0.988
1631553720,+3.47,+27.245,+24.691,+0.990
1631553780,+3.47,+27.236,+25.175,+0.989
1631553840,+3.47,+27.253,+25.411,+0.985
1631553900,+3.47,+27.253,+25.823,+0.989
1631553960,+3.47,+27.262,+26.165,+0.990
1631554020,+3.47,+27.262,+26.360,+0.989
1631554080,+3.47,+27.245,+26.805,+0.992
1631554140,+3.47,+27.228,+26.891,+0.986
1631554200,+3.47,+27.194,+26.808,+0.986
1631554260,+3.47,+27.169,+26.989,+0.988
1631554320,+3.47,+27.160,+26.803,+0.985
1631554380,+3.47,+27.135,+27.030,+0.986
1631554440,+3.47,+27.152,+27.580,+0.990
1631554500,+3.47,+27.135,+27.439,+0.986
1631554560,+3.47,+27.126,+27.540,+0.985
1631554620,+3.47,+27.126,+27.288,+0.984
1631554680,+3.47,+27.118,+26.779,+0.988
1631554740,+3.47,+27.118,+26.084,+0.988
1631554800,+3.47,+27.109,+25.443,+0.987
1631554860,+3.47,+27.118,+24.920,+0.987
1631554920,+3.47,+27.118,+24.371,+0.986
1631554980,+3.47,+27.135,+23.833,+0.985
1631555040,+3.47,+27.143,+23.465,+0.987
1631555100,+3.47,+27.152,+22.935,+0.984
1631555160,+3.47,+27.177,+22.658,+0.988
1631555220,+3.47,+27.177,+22.220,+0.986
1631555280,+3.47,+27.194,+21.868,+0.985
1631555340,+3.47,+27.219,+21.577,+0.987
1631555400,+3.47,+27.236,+21.167,+0.987
1631555460,+3.47,+27.236,+20.810,+0.987
1631555520,+3.47,+27.270,+20.398,+0.986
1631555580,+3.47,+27.262,+20.178,+0.988
1631555640,+3.47,+27.253,+19.973,+0.988
1631555700,+3.47,+27.270,+19.738,+0.986
1631555760,+3.47,+27.270,+19.565,+0.987
1631555820,+3.47,+27.253,+19.479,+0.988
1631555880,+3.47,+27.253,+19.309,+0.987
1631555940,+3.47,+27.219,+19.247,+0.990
1631556000,+3.47,+27.228,+18.990,+0.985
1631556060,+3.47,+27.219,+19.007,+0.990
1631556120,+3.47,+27.219,+18.743,+0.985
1631556180,+3.47,+27.219,+18.640,+0.987
1631556240,+3.47,+27.211,+18.448,+0.988
1631556300,+3.47,+27.219,+18.179,+0.986
1631556360,+3.47,+27.219,+17.917,+0.986
1631556420,+3.47,+27.194,+17.713,+0.988
1631556480,+3.47,+27.219,+17.387,+0.986
1631556540,+3.47,+27.236,+17.144,+0.987
1631556600,+3.47,+27.228,+16.957,+0.988
1631556660,+3.47,+27.253,+16.791,+0.986
1631556720,+3.47,+27.279,+16.677,+0.986
1631556780,+3.47,+27.313,+16.639,+0.988
1631556840,+3.47,+27.321,+16.472,+0.985
1631556900,+3.47,+27.330,+16.380,+0.985
1631556960,+3.47,+27.364,+16.398,+0.988
1631557020,+3.47,+27.449,+16.299,+0.986
1631557080,+3.47,+27.551,+16.299,+0.987
1631557140,+3.47,+27.653,+16.216,+0.986
1631557200,+3.47,+27.678,+16.206,+0.986
1631557260,+3.47,+27.644,+16.255,+0.987
1631557320,+3.47,+27.653,+16.278,+0.986
1631557380,+3.47,+27.696,+16.335,+0.987
1631557440,+3.47,+27.713,+16.381,+0.987
1631557500,+3.47,+27.764,+16.391,+0.986
1631557560,+3.47,+27.798,+16.454,+0.985
1631557620,+3.47,+27.832,+16.534,+0.985
1631557680,+3.47,+27.857,+16.642,+0.987
1631557740,+3.47,+27.891,+16.659,+0.984
1631557800,+3.47,+27.900,+16.851,+0.987
1631557860,+3.47,+27.925,+16.960,+0.986
1631557920,+3.47,+27.934,+17.161,+0.987
1631557980,+3.47,+27.951,+17.350,+0.987
1631558040,+3.47,+27.968,+17.596,+0.987
1631558100,+3.47,+27.968,+17.839,+0.985
1631558160,+3.47,+27.985,+18.128,+0.987
1631558220,+3.47,+27.977,+18.328,+0.986
1631558280,+3.47,+27.960,+18.656,+0.988
1631558340,+3.47,+27.943,+18.911,+0.987
1631558400,+3.47,+27.908,+19.245,+0.987
1631558460,+3.47,+27.917,+19.541,+0.988
1631558520,+3.47,+27.891,+19.782,+0.988
1631558580,+3.47,+27.891,+20.056,+0.989
1631558640,+3.47,+27.900,+20.184,+0.986
1631558700,+3.47,+27.900,+20.516,+0.988
1631558760,+3.47,+27.917,+20.778,+0.987
1631558820,+3.47,+27.900,+21.115,+0.988
1631558880,+3.47,+27.866,+21.454,+0.989
1631558940,+3.47,+27.857,+21.588,+0.984
1631559000,+3.47,+27.857,+22.039,+0.989
1631559060,+3.47,+27.900,+22.200,+0.987
1631559120,+3.47,+27.985,+22.325,+0.989
1631559180,+3.47,+28.053,+22.369,+0.988
1631559240,+3.47,+28.113,+22.413,+0.988
1631559300,+3.47,+28.147,+22.422,+0.987
1631559360,+3.47,+28.173,+22.538,+0.986
1631559420,+3.47,+28.190,+22.649,+0.987
1631559480,+3.47,+28.215,+22.738,+0.989
1631559540,+3.47,+28.215,+22.750,+0.988
1631559600,+3.47,+28.215,+22.758,+0.988
1631559660,+3.47,+28.173,+22.754,+0.986
1631559720,+3.47,+28.139,+22.828,+0.987
1631559780,+3.47,+28.087,+22.896,+0.986
1631559840,+3.47,+28.062,+23.029,+0.988
1631559900,+3.47,+28.036,+23.083,+0.988
1631559960,+3.47,+27.994,+23.069,+0.985
1631560020,+3.47,+27.943,+23.288,+0.988
1631560080,+3.47,+27.925,+23.501,+0.988
1631560140,+3.47,+27.925,+23.627,+0.988
1631560200,+3.47,+27.908,+23.847,+0.988
1631560260,+3.47,+28.019,+24.016,+0.986
1631560320,+3.47,+28.156,+24.357,+0.989
1631560380,+3.47,+28.301,+24.421,+0.986
1631560440,+3.47,+28.412,+24.730,+0.988
1631560500,+3.47,+28.514,+25.147,+0.989
1631560560,+3.47,+28.626,+25.435,+0.985
1631560620,+3.47,+28.626,+25.921,+0.986
1631560680,+3.47,+28.677,+26.408,+0.986
1631560740,+3.47,+28.720,+26.537,+0.985
1631560800,+3.47,+28.703,+26.677,+0.985
1631560860,+3.47,+28.728,+26.851,+0.987
1631560920,+3.47,+28.814,+26.926,+0.987
1631560980,+3.47,+28.874,+26.754,+0.985
1631561040,+3.47,+28.814,+26.789,+0.985
1631561100,+3.47,+28.763,+27.168,+0.988
1631561160,+3.47,+28.728,+27.478,+0.986
1631561220,+3.47,+28.686,+27.971,+0.985
1631561280,+3.47,+28.643,+28.533,+0.986
1631561340,+3.47,+28.609,+28.971,+0.985
1631561400,+3.47,+28.540,+29.526,+0.987
1631561460,+3.47,+28.489,+29.737,+0.983
1631561520,+3.47,+28.429,+30.138,+0.986
1631561580,+3.47,+28.326,+30.190,+0.987
1631561640,+3.47,+28.250,+30.055,+0.986
1631561700,+3.47,+28.190,+30.409,+0.991
1631561760,+3.47,+28.190,+30.315,+0.986
1631561820,+3.47,+28.147,+30.499,+0.986
1631561880,+3.47,+28.130,+30.833,+0.989
1631561940,+3.47,+28.139,+30.935,+0.984
1631562000,+3.47,+28.147,+31.402,+0.984
1631562060,+3.47,+28.139,+31.786,+0.986
1631562120,+3.47,+28.181,+32.193,+0.987
1631562180,+3.47,+28.233,+32.597,+0.988
1631562240,+3.47,+28.267,+32.861,+0.987
1631562300,+3.47,+28.318,+33.160,+0.987
1631562360,+3.47,+28.352,+33.356,+0.984
1631562420,+3.47,+28.386,+33.884,+0.986
1631562480,+3.47,+28.446,+34.330,+0.986
1631562540,+3.47,+28.506,+34.728,+0.986
1631562600,+3.47,+28.566,+35.107,+0.988
1631562660,+3.47,+28.651,+34.877,+0.986
1631562720,+3.47,+28.677,+34.501,+0.982
1631562780,+3.47,+28.711,+34.341,+0.985
1631562840,+3.47,+28.694,+33.907,+0.983
1631562900,+3.47,+28.694,+33.547,+0.987
1631562960,+3.47,+28.660,+33.102,+0.986
1631563020,+3.47,+28.686,+33.036,+0.989
1631563080,+3.47,+28.805,+32.842,+0.988
1631563140,+3.47,+28.900,+32.694,+0.984
1631563200,+3.47,+29.011,+32.731,+0.983
1631563260,+3.47,+29.080,+33.139,+0.987
1631563320,+3.47,+29.157,+33.156,+0.984
1631563380,+3.47,+29.208,+33.451,+0.984
1631563440,+3.47,+29.251,+33.839,+0.984
1631563500,+3.47,+29.269,+34.014,+0.982
1631563560,+3.47,+29.277,+34.717,+0.985
1631563620,+3.47,+29.269,+34.752,+0.988
1631563680,+3.47,+29.208,+34.454,+0.983
1631563740,+3.47,+29.123,+34.235,+0.986
1631563800,+3.47,+29.045,+34.159,+0.985
1631563860,+3.47,+28.985,+34.344,+0.986
1631563920,+3.47,+28.917,+34.226,+0.988
1631563980,+3.47,+28.848,+33.593,+0.986
1631564040,+3.47,+28.848,+32.293,+0.982
1631564100,+3.47,+28.848,+31.302,+0.984
1631564160,+3.47,+28.797,+30.564,+0.987
1631564220,+3.47,+28.763,+30.392,+0.986
1631564280,+3.47,+28.745,+30.791,+0.984
1631564340,+3.47,+28.754,+31.421,+0.986
1631564400,+3.47,+28.797,+31.983,+0.988
1631564460,+3.47,+28.874,+31.903,+0.987
1631564520,+3.47,+28.968,+31.267,+0.988
1631564580,+3.47,+29.020,+30.624,+0.987
1631564640,+3.47,+29.045,+30.444,+0.987
1631564700,+3.47,+29.080,+30.055,+0.985
1631564760,+3.47,+29.131,+30.173,+0.986
1631564820,+3.47,+29.157,+30.096,+0.988
1631564880,+3.47,+29.234,+29.648,+0.986
1631564940,+3.47,+29.303,+28.773,+0.987
1631565000,+3.47,+29.312,+28.115,+0.985
1631565060,+3.47,+29.286,+27.776,+0.988
1631565120,+3.47,+29.277,+27.432,+0.984
1631565180,+3.47,+29.243,+27.791,+0.987
1631565240,+3.47,+29.234,+28.177,+0.985
1631565300,+3.47,+29.234,+28.593,+0.987
1631565360,+3.47,+29.208,+28.882,+0.987
1631565420,+3.47,+29.157,+29.004,+0.984
1631565480,+3.47,+29.131,+29.351,+0.986
1631565540,+3.47,+29.063,+29.011,+0.986
1631565600,+3.47,+29.011,+28.694,+0.987
1631565660,+3.47,+28.917,+28.824,+0.988
1631565720,+3.47,+28.840,+29.072,+0.990
1631565780,+3.47,+28.737,+29.214,+0.986
1631565840,+3.47,+28.728,+29.583,+0.985
1631565900,+3.47,+28.763,+29.893,+0.986
1631565960,+3.47,+28.805,+29.961,+0.989
1631566020,+3.47,+28.814,+29.904,+0.985
1631566080,+3.47,+28.831,+29.995,+0.986
1631566140,+3.47,+28.840,+30.136,+0.987
1631566200,+3.47,+28.908,+30.437,+0.986
1631566260,+3.47,+29.045,+29.813,+0.986
1631566320,+3.47,+29.097,+29.392,+0.989
1631566380,+3.47,+29.148,+29.558,+0.986
1631566440,+3.47,+29.183,+30.074,+0.988
1631566500,+3.47,+29.208,+30.484,+0.988
1631566560,+3.47,+29.260,+29.927,+0.985
1631566620,+3.47,+29.243,+30.183,+0.987
1631566680,+3.47,+29.243,+30.559,+0.988
1631566740,+3.47,+29.269,+30.676,+0.984
1631566800,+3.47,+29.286,+30.745,+0.981
1631566860,+3.47,+29.294,+31.267,+0.990
1631566920,+3.47,+29.312,+31.089,+0.982
1631566980,+3.47,+29.354,+31.293,+0.986
1631567040,+3.47,+29.380,+31.402,+0.984
1631567100,+3.47,+29.423,+31.411,+0.983
1631567160,+3.47,+29.449,+31.594,+0.984
1631567220,+3.47,+29.501,+31.623,+0.983
1631567280,+3.47,+29.544,+32.088,+0.990
1631567340,+3.47,+29.587,+32.018,+0.988
1631567400,+3.47,+29.587,+32.008,+0.985
1631567460,+3.47,+29.604,+32.002,+0.988
1631567520,+3.47,+29.621,+31.679,+0.984
1631567580,+3.47,+29.630,+31.619,+0.987
1631567640,+3.47,+29.647,+31.460,+0.982
1631567700,+3.47,+29.647,+31.793,+0.986
1631567760,+3.47,+29.621,+31.882,+0.984
1631567820,+3.47,+29.552,+32.131,+0.985
1631567880,+3.47,+29.526,+32.351,+0.984
1631567940,+3.47,+29.501,+32.599,+0.984
1631568000,+3.47,+29.509,+33.020,+0.989
1631568060,+3.47,+29.578,+33.061,+0.984
1631568120,+3.47,+29.673,+33.287,+0.985
1631568180,+3.47,+29.768,+33.655,+0.986
1631568240,+3.47,+29.871,+33.798,+0.981
1631568300,+3.47,+30.009,+34.342,+0.981
1631568360,+3.47,+30.190,+34.915,+0.989
1631568420,+3.47,+30.199,+35.066,+0.985
1631568480,+3.47,+30.259,+35.438,+0.987
1631568540,+3.47,+30.242,+35.391,+0.985
1631568600,+3.47,+30.268,+35.273,+0.981
1631568660,+3.47,+30.329,+35.573,+0.983
1631568720,+3.47,+30.398,+35.629,+0.983
1631568780,+3.47,+30.363,+35.665,+0.984
1631568840,+3.47,+30.337,+35.831,+0.984
1631568900,+3.47,+30.285,+35.728,+0.982
1631568960,+3.47,+30.208,+36.037,+0.984
1631569020,+3.47,+30.216,+35.758,+0.977
1631569080,+3.47,+30.259,+35.840,+0.980
1631569140,+3.47,+30.268,+36.147,+0.987
1631569200,+3.47,+30.234,+34.969,+0.981
1631569260,+3.47,+30.216,+34.129,+0.979
1631569320,+3.47,+30.121,+33.688,+0.984
1631569380,+3.47,+30.018,+33.191,+0.985
1631569440,+3.47,+29.914,+32.613,+0.983
1631569500,+3.47,+29.785,+32.331,+0.985
1631569560,+3.47,+29.733,+31.871,+0.987
1631569620,+3.47,+29.664,+31.207,+0.984
1631569680,+3.47,+29.604,+30.771,+0.985
1631569740,+3.47,+29.535,+30.283,+0.986
1631569800,+3.47,+29.483,+29.960,+0.986
1631569860,+3.47,+29.509,+29.575,+0.988
1631569920,+3.47,+29.613,+29.125,+0.987
1631569980,+3.47,+29.647,+28.839,+0.988
1631570040,+3.47,+29.707,+28.442,+0.986
1631570100,+3.47,+29.759,+28.210,+0.984
1631570160,+3.48,+29.862,+28.627,+0.986
1631570220,+3.47,+29.931,+29.076,+0.985
1631570280,+3.47,+30.000,+29.156,+0.985
1631570340,+3.47,+30.000,+29.310,+0.986
1631570400,+3.47,+30.000,+29.575,+0.985
1631570460,+3.47,+29.992,+30.007,+0.987
1631570520,+3.48,+29.940,+29.849,+0.985
1631570580,+3.47,+29.888,+29.870,+0.985
1631570640,+3.47,+29.880,+30.188,+0.986
1631570700,+3.47,+29.828,+30.392,+0.986
1631570760,+3.47,+29.750,+30.479,+0.985
1631570820,+3.47,+29.681,+30.692,+0.986
1631570880,+3.47,+29.647,+30.683,+0.983
1631570940,+3.47,+29.604,+31.042,+0.988
1631571000,+3.47,+29.544,+30.804,+0.989
1631571060,+3.47,+29.509,+30.248,+0.984
1631571120,+3.47,+29.458,+30.271,+0.985
1631571180,+3.47,+29.440,+30.190,+0.982
1631571240,+3.47,+29.475,+30.568,+0.990
1631571300,+3.47,+29.475,+30.498,+0.988
1631571360,+3.47,+29.561,+30.358,+0.985
1631571420,+3.47,+29.785,+30.337,+0.987
1631571480,+3.47,+30.043,+30.274,+0.986
1631571540,+3.47,+30.225,+30.281,+0.986
1631571600,+3.47,+30.303,+30.590,+0.989
1631571660,+3.47,+30.406,+30.252,+0.985
1631571720,+3.47,+30.450,+29.877,+0.986
1631571780,+3.47,+30.484,+29.381,+0.984
1631571840,+3.47,+30.528,+29.326,+0.988
1631571900,+3.47,+30.571,+29.004,+0.988
1631571960,+3.47,+30.580,+28.596,+0.984
1631572020,+3.47,+30.675,+28.364,+0.987
1631572080,+3.47,+30.762,+27.898,+0.985
1631572140,+3.47,+30.840,+27.471,+0.983
1631572200,+3.47,+30.892,+27.469,+0.990
1631572260,+3.47,+30.900,+27.061,+0.988
1631572320,+3.47,+30.900,+26.940,+0.988
1631572380,+3.47,+30.866,+26.724,+0.986
1631572440,+3.47,+30.718,+26.572,+0.985
1631572500,+3.47,+30.580,+26.180,+0.982
1631572560,+3.47,+30.346,+26.019,+0.983
1631572620,+3.47,+30.156,+25.808,+0.982
1631572680,+3.48,+30.035,+25.766,+0.985
1631572740,+3.48,+29.974,+25.582,+0.983
1631572800,+3.48,+29.914,+25.536,+0.984
1631572860,+3.48,+29.811,+25.367,+0.983
1631572920,+3.47,+29.733,+25.512,+0.987
1631572980,+3.47,+29.664,+25.446,+0.986
1631573040,+3.47,+29.630,+25.427,+0.987
1631573100,+3.47,+29.647,+25.271,+0.985
1631573160,+3.47,+29.673,+25.292,+0.987
1631573220,+3.47,+29.724,+25.172,+0.986
1631573280,+3.47,+29.768,+25.027,+0.986
1631573340,+3.48,+29.836,+24.873,+0.987
1631573400,+3.48,+29.854,+24.781,+0.987
1631573460,+3.48,+29.983,+24.492,+0.986
1631573520,+3.48,+30.061,+24.217,+0.985
1631573580,+3.48,+30.104,+24.201,+0.991
1631573640,+3.48,+30.078,+23.834,+0.984
1631573700,+3.48,+30.104,+23.842,+0.989
1631573760,+3.48,+30.138,+23.648,+0.986
1631573820,+3.47,+30.173,+23.457,+0.985
1631573880,+3.47,+30.208,+23.347,+0.986
1631573940,+3.47,+30.242,+23.204,+0.987
1631574000,+3.47,+30.208,+23.009,+0.987
1631574060,+3.48,+30.130,+22.742,+0.984
1631574120,+3.48,+30.113,+22.699,+0.985
1631574180,+3.48,+30.130,+22.696,+0.987
1631574240,+3.48,+30.138,+22.580,+0.986
1631574300,+3.48,+30.130,+22.570,+0.986
1631574360,+3.48,+30.113,+22.589,+0.987
1631574420,+3.48,+30.104,+22.636,+0.989
1631574480,+3.48,+30.104,+22.634,+0.987
1631574540,+3.48,+30.121,+22.582,+0.984
1631574600,+3.48,+30.087,+22.550,+0.985
1631574660,+3.48,+30.043,+22.525,+0.985
1631574720,+3.48,+29.949,+22.597,+0.988
1631574780,+3.48,+29.880,+22.534,+0.988
1631574840,+3.48,+29.802,+22.452,+0.985
1631574900,+3.47,+29.724,+22.505,+0.987
1631574960,+3.47,+29.707,+22.440,+0.987
1631575020,+3.47,+29.664,+22.407,+0.986
1631575080,+3.47,+29.638,+22.495,+0.989
1631575140,+3.47,+29.638,+22.477,+0.987
1631575200,+3.47,+29.647,+22.488,+0.987
1631575260,+3.47,+29.621,+22.543,+0.988
1631575320,+3.47,+29.630,+22.482,+0.986
1631575380,+3.47,+29.630,+22.568,+0.988
1631575440,+3.47,+29.613,+22.502,+0.987
1631575500,+3.47,+29.621,+22.398,+0.986
1631575560,+3.47,+29.638,+22.365,+0.987
1631575620,+3.47,+29.664,+22.296,+0.987
1631575680,+3.47,+29.690,+22.213,+0.987
1631575740,+3.47,+29.742,+22.125,+0.989
1631575800,+3.47,+29.759,+21.941,+0.988
1631575860,+3.48,+29.793,+21.738,+0.989
1631575920,+3.48,+29.819,+21.521,+0.988
1631575980,+3.48,+29.819,+21.359,+0.987
1631576040,+3.48,+29.819,+21.210,+0.985
1631576100,+3.48,+29.828,+21.147,+0.985
1631576160,+3.48,+29.793,+21.178,+0.987
1631576220,+3.48,+29.776,+21.181,+0.986
1631576280,+3.48,+29.785,+21.289,+0.990
1631576340,+3.48,+29.785,+21.182,+0.986
1631576400,+3.47,+29.785,+21.204,+0.987
1631576460,+3.48,+29.793,+21.288,+0.989
1631576520,+3.47,+29.785,+21.202,+0.986
1631576580,+3.47,+29.793,+21.197,+0.986
1631576640,+3.47,+29.785,+21.321,+0.990
1631576700,+3.48,+29.785,+21.291,+0.988
1631576760,+3.48,+29.768,+21.252,+0.987
1631576820,+3.48,+29.768,+21.197,+0.985
1631576880,+3.48,+29.750,+21.272,+0.988
1631576940,+3.47,+29.750,+21.279,+0.988
1631577000,+3.47,+29.733,+21.284,+0.988
1631577060,+3.47,+29.733,+21.268,+0.987
1631577120,+3.47,+29.716,+21.252,+0.987
1631577180,+3.47,+29.664,+21.430,+0.987
1631577240,+3.47,+29.613,+21.698,+0.988
1631577300,+3.47,+29.595,+21.940,+0.989
1631577360,+3.47,+29.604,+22.053,+0.987
1631577420,+3.47,+29.630,+22.117,+0.989
1631577480,+3.47,+29.638,+22.058,+0.986
1631577540,+3.47,+29.630,+22.080,+0.988
1631577600,+3.47,+29.638,+22.061,+0.988
1631577660,+3.47,+29.656,+22.081,+0.990
1631577720,+3.47,+29.673,+21.872,+0.986
1631577780,+3.47,+29.690,+21.939,+0.991
1631577840,+3.47,+29.690,+21.744,+0.987
1631577900,+3.47,+29.690,+21.675,+0.987
1631577960,+3.47,+29.699,+21.687,+0.989
1631578020,+3.47,+29.681,+21.614,+0.988
1631578080,+3.47,+29.673,+21.571,+0.987
1631578140,+3.47,+29.707,+21.527,+0.990
1631578200,+3.47,+29.724,+21.355,+0.989
1631578260,+3.47,+29.724,+21.177,+0.987
1631578320,+3.47,+29.724,+20.977,+0.986
1631578380,+3.47,+29.742,+20.844,+0.987
1631578440,+3.47,+29.750,+20.698,+0.987
1631578500,+3.47,+29.733,+20.631,+0.988
1631578560,+3.47,+29.724,+20.554,+0.988
1631578620,+3.47,+29.716,+20.454,+0.989
1631578680,+3.47,+29.707,+20.345,+0.988
1631578740,+3.47,+29.699,+20.271,+0.988
1631578800,+3.47,+29.690,+20.083,+0.986
1631578860,+3.47,+29.699,+19.992,+0.987
1631578920,+3.47,+29.690,+19.875,+0.988
1631578980,+3.47,+29.699,+19.664,+0.987
1631579040,+3.47,+29.681,+19.453,+0.987
1631579100,+3.47,+29.673,+19.320,+0.988
1631579160,+3.47,+29.664,+19.146,+0.989
1631579220,+3.47,+29.638,+18.991,+0.988
1631579280,+3.47,+29.638,+18.811,+0.984
1631579340,+3.47,+29.630,+18.858,+0.988
1631579400,+3.47,+29.621,+18.797,+0.987
1631579460,+3.47,+29.613,+18.766,+0.986
1631579520,+3.47,+29.595,+18.797,+0.987
1631579580,+3.47,+29.569,+18.813,+0.988
1631579640,+3.47,+29.561,+18.698,+0.987
1631579700,+3.47,+29.535,+18.587,+0.986
1631579760,+3.47,+29.509,+18.536,+0.988
1631579820,+3.47,+29.492,+18.418,+0.987
1631579880,+3.47,+29.483,+18.371,+0.989
1631579940,+3.47,+29.483,+18.283,+0.986
1631580000,+3.47,+29.449,+18.300,+0.987
1631580060,+3.47,+29.423,+18.182,+0.987
1631580120,+3.47,+29.423,+18.101,+0.987
1631580180,+3.47,+29.406,+17.997,+0.987
1631580240,+3.48,+29.389,+17.886,+0.987
1631580300,+3.48,+29.372,+17.678,+0.985
1631580360,+3.48,+29.363,+17.589,+0.987
1631580420,+3.48,+29.337,+17.422,+0.986
1631580480,+3.48,+29.329,+17.331,+0.987
1631580540,+3.48,+29.294,+17.105,+0.984
1631580600,+3.48,+29.260,+17.040,+0.987
1631580660,+3.48,+29.251,+16.886,+0.985
1631580720,+3.48,+29.243,+16.828,+0.986
1631580780,+3.48,+29.217,+16.774,+0.988
1631580840,+3.48,+29.191,+16.688,+0.987
1631580900,+3.48,+29.191,+16.538,+0.985
1631580960,+3.48,+29.166,+16.469,+0.986
1631581020,+3.48,+29.148,+16.354,+0.986
1631581080,+3.48,+29.105,+16.263,+0.986
1631581140,+3.48,+29.080,+16.190,+0.986
1631581200,+3.48,+29.080,+16.062,+0.984
1631581260,+3.48,+29.037,+16.036,+0.986
1631581320,+3.48,+29.045,+15.964,+0.985
1631581380,+3.48,+29.028,+15.934,+0.985
1631581440,+3.48,+29.011,+15.929,+0.985
1631581500,+3.48,+29.003,+15.904,+0.986
1631581560,+3.48,+28.968,+15.841,+0.985
1631581620,+3.48,+28.977,+15.819,+0.984
1631581680,+3.48,+28.977,+15.804,+0.985
1631581740,+3.48,+28.942,+15.825,+0.987
