7450-387970
OS REV: 1.05 Sensor Cal: 1615486469
Time (sec),  BV (Volts),  T (deg C),  DO (mg/l),  Q ()
1631322600,+3.48,+29.974,+12.517,+0.975
1631322660,+3.48,+29.949,+12.557,+0.974
1631322720,+3.48,+29.949,+12.598,+0.973
1631322780,+3.48,+29.931,+12.721,+0.974
1631322840,+3.48,+29.923,+12.837,+0.975
1631322900,+3.48,+29.905,+12.895,+0.975
1631322960,+3.48,+29.923,+12.966,+0.976
1631323020,+3.48,+29.888,+13.008,+0.976
1631323080,+3.48,+29.871,+13.038,+0.974
1631323140,+3.48,+29.854,+13.093,+0.975
1631323200,+3.48,+29.854,+13.127,+0.975
1631323260,+3.48,+29.836,+13.189,+0.973
1631323320,+3.48,+29.819,+13.316,+0.974
1631323380,+3.48,+29.811,+13.393,+0.975
1631323440,+3.48,+29.802,+13.393,+0.974
1631323500,+3.48,+29.793,+13.432,+0.974
1631323560,+3.48,+29.793,+13.426,+0.974
1631323620,+3.48,+29.768,+13.414,+0.974
1631323680,+3.48,+29.750,+13.482,+0.975
1631323740,+3.48,+29.742,+13.480,+0.975
1631323800,+3.48,+29.733,+13.492,+0.976
1631323860,+3.48,+29.733,+13.516,+0.976
1631323920,+3.48,+29.699,+13.487,+0.974
1631323980,+3.48,+29.707,+13.495,+0.976
1631324040,+3.48,+29.681,+13.477,+0.975
1631324100,+3.48,+29.673,+13.417,+0.976
1631324160,+3.48,+29.656,+13.395,+0.976
1631324220,+3.48,+29.647,+13.359,+0.977
1631324280,+3.48,+29.638,+13.342,+0.978
1631324340,+3.48,+29.630,+13.312,+0.978
1631324400,+3.48,+29.613,+13.272,+0.976
1631324460,+3.48,+29.604,+13.255,+0.977
1631324520,+3.48,+29.587,+13.264,+0.977
1631324580,+3.48,+29.569,+13.283,+0.978
1631324640,+3.48,+29.569,+13.334,+0.979
1631324700,+3.48,+29.561,+13.365,+0.978
1631324760,+3.48,+29.544,+13.381,+0.978
1631324820,+3.48,+29.526,+13.402,+0.979
1631324880,+3.48,+29.509,+13.400,+0.978
1631324940,+3.48,+29.501,+13.473,+0.980
1631325000,+3.48,+29.492,+13.498,+0.980
1631325060,+3.48,+29.466,+13.471,+0.979
1631325120,+3.48,+29.458,+13.390,+0.979
1631325180,+3.48,+29.440,+13.366,+0.980
1631325240,+3.48,+29.432,+13.336,+0.982
1631325300,+3.48,+29.423,+13.279,+0.980
1631325360,+3.48,+29.406,+13.268,+0.981
1631325420,+3.48,+29.406,+13.259,+0.981
1631325480,+3.48,+29.389,+13.224,+0.979
1631325540,+3.48,+29.372,+13.294,+0.982
1631325600,+3.48,+29.363,+13.247,+0.979
1631325660,+3.48,+29.354,+13.300,+0.982
1631325720,+3.48,+29.329,+13.250,+0.980
1631325780,+3.48,+29.320,+13.260,+0.980
1631325840,+3.48,+29.329,+13.286,+0.979
1631325900,+3.48,+29.294,+13.452,+0.981
1631325960,+3.48,+29.303,+13.470,+0.980
1631326020,+3.48,+29.269,+13.520,+0.982
1631326080,+3.48,+29.269,+13.520,+0.981
1631326140,+3.48,+29.251,+13.506,+0.981
1631326200,+3.48,+29.251,+13.488,+0.981
1631326260,+3.48,+29.234,+13.540,+0.982
1631326320,+3.48,+29.226,+13.533,+0.981
1631326380,+3.48,+29.217,+13.502,+0.981
1631326440,+3.48,+29.200,+13.466,+0.981
1631326500,+3.48,+29.208,+13.439,+0.982
1631326560,+3.48,+29.191,+13.356,+0.981
1631326620,+3.48,+29.166,+13.346,+0.982
1631326680,+3.48,+29.166,+13.294,+0.980
1631326740,+3.48,+29.148,+13.319,+0.981
1631326800,+3.48,+29.140,+13.303,+0.981
1631326860,+3.48,+29.114,+13.315,+0.980
1631326920,+3.48,+29.088,+13.376,+0.981
1631326980,+3.48,+29.114,+13.382,+0.981
1631327040,+3.48,+29.088,+13.409,+0.981
1631327100,+3.48,+29.080,+13.452,+0.981
1631327160,+3.48,+29.071,+13.475,+0.980
1631327220,+3.48,+29.045,+13.533,+0.982
1631327280,+3.48,+29.063,+13.528,+0.981
1631327340,+3.48,+29.045,+13.575,+0.983
1631327400,+3.48,+29.028,+13.552,+0.981
1631327460,+3.48,+29.003,+13.577,+0.981
1631327520,+3.48,+29.011,+13.558,+0.980
1631327580,+3.48,+29.011,+13.524,+0.979
1631327640,+3.48,+28.985,+13.552,+0.980
1631327700,+3.48,+28.977,+13.548,+0.981
1631327760,+3.48,+28.977,+13.529,+0.982
1631327820,+3.48,+28.968,+13.527,+0.983
1631327880,+3.48,+28.960,+13.452,+0.980
1631327940,+3.48,+28.942,+13.471,+0.981
1631328000,+3.48,+28.917,+13.462,+0.981
1631328060,+3.48,+28.917,+13.431,+0.980
1631328120,+3.48,+28.900,+13.441,+0.981
1631328180,+3.48,+28.908,+13.399,+0.981
1631328240,+3.48,+28.891,+13.400,+0.982
1631328300,+3.48,+28.883,+13.357,+0.980
1631328360,+3.48,+28.874,+13.442,+0.982
1631328420,+3.48,+28.848,+13.403,+0.981
1631328480,+3.48,+28.840,+13.345,+0.980
1631328540,+3.48,+28.840,+13.344,+0.982
1631328600,+3.48,+28.823,+13.301,+0.980
1631328660,+3.48,+28.823,+13.220,+0.979
1631328720,+3.48,+28.814,+13.111,+0.978
1631328780,+3.48,+28.797,+13.073,+0.979
1631328840,+3.48,+28.797,+13.007,+0.980
1631328900,+3.48,+28.780,+12.924,+0.980
1631328960,+3.48,+28.771,+12.846,+0.978
1631329020,+3.48,+28.754,+12.826,+0.979
1631329080,+3.48,+28.754,+12.795,+0.979
1631329140,+3.48,+28.754,+12.817,+0.980
1631329200,+3.48,+28.720,+12.890,+0.980
1631329260,+3.48,+28.720,+12.952,+0.979
1631329320,+3.48,+28.720,+13.020,+0.980
1631329380,+3.48,+28.694,+13.096,+0.980
1631329440,+3.48,+28.686,+13.214,+0.982
1631329500,+3.48,+28.677,+13.236,+0.980
1631329560,+3.48,+28.668,+13.286,+0.981
1631329620,+3.48,+28.668,+13.256,+0.980
1631329680,+3.48,+28.651,+13.285,+0.981
1631329740,+3.48,+28.643,+13.284,+0.982
1631329800,+3.48,+28.643,+13.242,+0.982
1631329860,+3.48,+28.634,+13.236,+0.983
1631329920,+3.48,+28.626,+13.158,+0.981
1631329980,+3.48,+28.600,+13.121,+0.982
1631330040,+3.48,+28.617,+13.037,+0.982
1631330100,+3.48,+28.600,+12.998,+0.983
1631330160,+3.48,+28.574,+12.955,+0.982
1631330220,+3.48,+28.583,+12.930,+0.983
1631330280,+3.48,+28.583,+12.879,+0.983
1631330340,+3.48,+28.557,+12.815,+0.983
1631330400,+3.48,+28.557,+12.748,+0.983
1631330460,+3.48,+28.557,+12.596,+0.981
1631330520,+3.48,+28.557,+12.493,+0.981
1631330580,+3.48,+28.540,+12.434,+0.981
1631330640,+3.48,+28.523,+12.419,+0.983
1631330700,+3.48,+28.506,+12.331,+0.982
1631330760,+3.48,+28.514,+12.230,+0.981
1631330820,+3.48,+28.506,+12.140,+0.981
1631330880,+3.48,+28.472,+12.023,+0.983
1631330940,+3.48,+28.480,+11.886,+0.982
1631331000,+3.48,+28.472,+11.798,+0.983
1631331060,+3.48,+28.455,+11.714,+0.982
1631331120,+3.48,+28.463,+11.652,+0.980
1631331180,+3.48,+28.455,+11.628,+0.982
1631331240,+3.48,+28.446,+11.560,+0.982
1631331300,+3.48,+28.438,+11.448,+0.980
1631331360,+3.48,+28.412,+11.371,+0.981
1631331420,+3.48,+28.420,+11.270,+0.980
1631331480,+3.48,+28.395,+11.185,+0.979
1631331540,+3.48,+28.403,+11.129,+0.980
1631331600,+3.48,+28.378,+11.015,+0.980
1631331660,+3.48,+28.369,+10.897,+0.980
1631331720,+3.48,+28.369,+10.816,+0.979
1631331780,+3.48,+28.369,+10.750,+0.978
1631331840,+3.48,+28.361,+10.666,+0.978
1631331900,+3.48,+28.344,+10.555,+0.979
1631331960,+3.48,+28.344,+10.427,+0.978
1631332020,+3.48,+28.335,+10.304,+0.979
1631332080,+3.48,+28.326,+10.218,+0.980
1631332140,+3.48,+28.309,+10.153,+0.980
1631332200,+3.48,+28.318,+10.092,+0.980
1631332260,+3.48,+28.318,+10.025,+0.979
1631332320,+3.48,+28.301, +9.949,+0.979
1631332380,+3.48,+28.275, +9.898,+0.979
1631332440,+3.48,+28.284, +9.856,+0.979
1631332500,+3.48,+28.275, +9.822,+0.979
1631332560,+3.48,+28.267, +9.760,+0.979
1631332620,+3.48,+28.258, +9.702,+0.979
1631332680,+3.48,+28.250, +9.646,+0.979
1631332740,+3.48,+28.250, +9.556,+0.979
1631332800,+3.48,+28.233, +9.452,+0.979
1631332860,+3.48,+28.215, +9.358,+0.979
1631332920,+3.48,+28.224, +9.281,+0.978
1631332980,+3.48,+28.207, +9.242,+0.981
1631333040,+3.48,+28.190, +9.163,+0.979
1631333100,+3.48,+28.198, +9.127,+0.979
1631333160,+3.48,+28.181, +9.139,+0.979
1631333220,+3.48,+28.173, +9.104,+0.979
1631333280,+3.48,+28.156, +9.113,+0.980
1631333340,+3.48,+28.147, +9.050,+0.979
1631333400,+3.48,+28.139, +9.030,+0.979
1631333460,+3.48,+28.139, +8.995,+0.979
1631333520,+3.48,+28.113, +8.980,+0.979
1631333580,+3.48,+28.122, +8.940,+0.979
1631333640,+3.48,+28.105, +8.885,+0.979
1631333700,+3.48,+28.096, +8.830,+0.978
1631333760,+3.48,+28.096, +8.768,+0.978
1631333820,+3.48,+28.087, +8.758,+0.979
1631333880,+3.48,+28.079, +8.721,+0.979
1631333940,+3.48,+28.087, +8.655,+0.978
1631334000,+3.48,+28.070, +8.637,+0.978
1631334060,+3.48,+28.070, +8.600,+0.977
1631334120,+3.48,+28.053, +8.586,+0.977
1631334180,+3.48,+28.036, +8.567,+0.977
1631334240,+3.48,+28.028, +8.567,+0.977
1631334300,+3.48,+28.036, +8.594,+0.978
1631334360,+3.48,+28.036, +8.632,+0.977
1631334420,+3.48,+28.028, +8.663,+0.976
1631334480,+3.48,+28.028, +8.730,+0.978
1631334540,+3.48,+28.011, +8.789,+0.978
1631334600,+3.48,+28.011, +8.818,+0.977
1631334660,+3.48,+27.994, +8.853,+0.977
1631334720,+3.48,+27.977, +8.896,+0.978
1631334780,+3.48,+27.985, +8.871,+0.978
1631334840,+3.48,+27.977, +8.879,+0.978
1631334900,+3.48,+27.951, +8.878,+0.978
1631334960,+3.48,+27.960, +8.861,+0.978
1631335020,+3.48,+27.943, +8.850,+0.977
1631335080,+3.48,+27.951, +8.851,+0.979
1631335140,+3.48,+27.917, +8.793,+0.977
1631335200,+3.48,+27.934, +8.704,+0.978
1631335260,+3.48,+27.908, +8.631,+0.978
1631335320,+3.48,+27.908, +8.555,+0.978
1631335380,+3.48,+27.891, +8.524,+0.978
1631335440,+3.48,+27.883, +8.476,+0.978
1631335500,+3.48,+27.874, +8.416,+0.976
1631335560,+3.48,+27.883, +8.351,+0.977
1631335620,+3.48,+27.857, +8.254,+0.976
1631335680,+3.48,+27.866, +8.181,+0.977
1631335740,+3.48,+27.849, +8.141,+0.976
1631335800,+3.48,+27.849, +8.108,+0.975
1631335860,+3.48,+27.832, +8.106,+0.975
1631335920,+3.48,+27.832, +8.126,+0.974
1631335980,+3.48,+27.849, +8.117,+0.974
1631336040,+3.48,+27.815, +8.110,+0.973
1631336100,+3.48,+27.815, +8.089,+0.974
1631336160,+3.48,+27.815, +8.041,+0.974
1631336220,+3.48,+27.798, +8.031,+0.975
1631336280,+3.48,+27.789, +8.035,+0.975
1631336340,+3.48,+27.772, +8.056,+0.975
1631336400,+3.48,+27.772, +8.058,+0.975
1631336460,+3.48,+27.755, +8.045,+0.975
1631336520,+3.48,+27.755, +8.054,+0.975
1631336580,+3.48,+27.755, +8.077,+0.975
1631336640,+3.48,+27.747, +8.089,+0.975
1631336700,+3.48,+27.738, +8.088,+0.973
1631336760,+3.48,+27.738, +8.135,+0.974
1631336820,+3.48,+27.721, +8.166,+0.973
1631336880,+3.48,+27.721, +8.199,+0.973
1631336940,+3.48,+27.713, +8.179,+0.973
1631337000,+3.48,+27.713, +8.149,+0.974
1631337060,+3.48,+27.713, +8.112,+0.974
1631337120,+3.48,+27.687, +8.089,+0.976
1631337180,+3.48,+27.713, +8.040,+0.976
1631337240,+3.48,+27.678, +8.002,+0.976
1631337300,+3.48,+27.678, +7.959,+0.976
1631337360,+3.48,+27.687, +7.931,+0.977
1631337420,+3.48,+27.670, +7.925,+0.977
1631337480,+3.48,+27.653, +7.911,+0.977
1631337540,+3.48,+27.644, +7.898,+0.977
1631337600,+3.48,+27.644, +7.846,+0.976
1631337660,+3.48,+27.627, +7.819,+0.976
1631337720,+3.48,+27.636, +7.756,+0.976
1631337780,+3.48,+27.619, +7.689,+0.976
1631337840,+3.48,+27.610, +7.635,+0.976
1631337900,+3.48,+27.619, +7.592,+0.976
1631337960,+3.48,+27.610, +7.574,+0.977
1631338020,+3.48,+27.593, +7.529,+0.977
1631338080,+3.48,+27.593, +7.467,+0.977
1631338140,+3.48,+27.585, +7.376,+0.976
1631338200,+3.48,+27.576, +7.276,+0.975
1631338260,+3.48,+27.568, +7.182,+0.975
1631338320,+3.48,+27.559, +7.090,+0.974
1631338380,+3.48,+27.559, +7.038,+0.974
1631338440,+3.48,+27.559, +7.027,+0.973
1631338500,+3.48,+27.542, +7.040,+0.973
1631338560,+3.48,+27.542, +7.084,+0.973
1631338620,+3.48,+27.525, +7.110,+0.972
1631338680,+3.48,+27.534, +7.141,+0.973
1631338740,+3.48,+27.534, +7.145,+0.972
1631338800,+3.48,+27.517, +7.151,+0.973
1631338860,+3.48,+27.508, +7.152,+0.973
1631338920,+3.48,+27.500, +7.122,+0.973
1631338980,+3.48,+27.491, +6.993,+0.970
1631339040,+3.48,+27.500, +6.872,+0.968
1631339100,+3.48,+27.483, +6.744,+0.966
1631339160,+3.48,+27.474, +6.638,+0.965
1631339220,+3.48,+27.483, +6.514,+0.962
1631339280,+3.48,+27.466, +6.438,+0.961
1631339340,+3.48,+27.449, +6.388,+0.961
1631339400,+3.48,+27.457, +6.352,+0.960
1631339460,+3.48,+27.457, +6.330,+0.959
1631339520,+3.48,+27.432, +6.324,+0.960
1631339580,+3.48,+27.432, +6.278,+0.960
1631339640,+3.48,+27.423, +6.237,+0.960
1631339700,+3.48,+27.423, +6.176,+0.959
1631339760,+3.48,+27.415, +6.130,+0.958
1631339820,+3.48,+27.406, +6.083,+0.958
1631339880,+3.48,+27.398, +6.020,+0.958
1631339940,+3.48,+27.398, +5.958,+0.959
1631340000,+3.48,+27.389, +5.888,+0.958
1631340060,+3.48,+27.372, +5.864,+0.958
1631340120,+3.48,+27.372, +5.823,+0.958
1631340180,+3.48,+27.364, +5.787,+0.956
1631340240,+3.48,+27.372, +5.770,+0.955
1631340300,+3.48,+27.364, +5.732,+0.956
1631340360,+3.48,+27.347, +5.666,+0.954
1631340420,+3.48,+27.347, +5.614,+0.952
1631340480,+3.48,+27.338, +5.661,+0.951
1631340540,+3.48,+27.330, +5.693,+0.951
1631340600,+3.48,+27.330, +5.704,+0.953
1631340660,+3.48,+27.330, +5.719,+0.956
1631340720,+3.48,+27.321, +5.703,+0.957
1631340780,+3.48,+27.321, +5.662,+0.957
1631340840,+3.48,+27.313, +5.656,+0.958
1631340900,+3.48,+27.313, +5.627,+0.959
1631340960,+3.48,+27.296, +5.586,+0.959
1631341020,+3.48,+27.287, +5.495,+0.958
1631341080,+3.48,+27.287, +5.395,+0.956
1631341140,+3.48,+27.279, +5.317,+0.953
1631341200,+3.48,+27.270, +5.213,+0.951
1631341260,+3.48,+27.253, +5.161,+0.952
1631341320,+3.48,+27.262, +5.066,+0.951
1631341380,+3.48,+27.262, +5.002,+0.953
1631341440,+3.48,+27.262, +4.974,+0.956
1631341500,+3.48,+27.253, +4.881,+0.955
1631341560,+3.48,+27.245, +4.746,+0.954
1631341620,+3.48,+27.211, +4.629,+0.956
1631341680,+3.48,+27.219, +4.872,+0.964
1631341740,+3.48,+27.194, +5.122,+0.968
1631341800,+3.48,+27.211, +5.301,+0.970
1631341860,+3.48,+27.194, +5.498,+0.971
1631341920,+3.48,+27.202, +5.694,+0.973
1631341980,+3.48,+27.194, +5.828,+0.973
1631342040,+3.48,+27.177, +5.900,+0.973
1631342100,+3.48,+27.202, +5.943,+0.974
1631342160,+3.48,+27.177, +5.950,+0.973
1631342220,+3.48,+27.177, +5.931,+0.974
1631342280,+3.48,+27.177, +5.871,+0.973
1631342340,+3.48,+27.160, +5.797,+0.973
1631342400,+3.48,+27.160, +5.725,+0.972
1631342460,+3.48,+27.160, +5.683,+0.973
1631342520,+3.48,+27.160, +5.625,+0.972
1631342580,+3.48,+27.152, +5.553,+0.971
1631342640,+3.48,+27.143, +5.465,+0.970
1631342700,+3.48,+27.135, +5.390,+0.970
1631342760,+3.48,+27.118, +5.367,+0.970
1631342820,+3.48,+27.118, +5.351,+0.969
1631342880,+3.48,+27.118, +5.303,+0.969
1631342940,+3.48,+27.118, +5.188,+0.967
1631343000,+3.48,+27.092, +5.104,+0.967
1631343060,+3.48,+27.109, +4.999,+0.967
1631343120,+3.48,+27.101, +4.901,+0.966
1631343180,+3.48,+27.084, +4.824,+0.965
1631343240,+3.48,+27.084, +4.783,+0.965
1631343300,+3.48,+27.092, +4.658,+0.964
1631343360,+3.48,+27.075, +4.533,+0.962
1631343420,+3.48,+27.067, +4.483,+0.963
1631343480,+3.48,+27.075, +4.363,+0.961
1631343540,+3.48,+27.050, +4.243,+0.961
1631343600,+3.48,+27.067, +4.153,+0.962
1631343660,+3.48,+27.067, +3.990,+0.959
1631343720,+3.48,+27.050, +3.857,+0.958
1631343780,+3.48,+27.041, +3.710,+0.956
1631343840,+3.48,+27.033, +3.616,+0.958
1631343900,+3.48,+27.033, +3.491,+0.957
1631343960,+3.48,+27.024, +3.361,+0.958
1631344020,+3.48,+27.024, +3.245,+0.957
1631344080,+3.48,+27.024, +3.171,+0.957
1631344140,+3.48,+27.016, +3.101,+0.957
1631344200,+3.48,+26.999, +3.017,+0.956
1631344260,+3.48,+26.999, +2.926,+0.955
1631344320,+3.48,+26.999, +2.842,+0.954
1631344380,+3.48,+26.999, +2.737,+0.952
1631344440,+3.48,+26.999, +2.637,+0.952
1631344500,+3.48,+26.982, +2.535,+0.950
1631344560,+3.48,+26.982, +2.449,+0.950
1631344620,+3.48,+26.973, +2.365,+0.949
1631344680,+3.48,+26.965, +2.279,+0.949
1631344740,+3.48,+26.973, +2.187,+0.950
1631344800,+3.48,+26.956, +2.118,+0.949
1631344860,+3.48,+26.939, +2.044,+0.949
1631344920,+3.48,+26.931, +1.986,+0.949
1631344980,+3.48,+26.931, +1.919,+0.947
1631345040,+3.48,+26.931, +1.864,+0.947
1631345100,+3.48,+26.931, +1.814,+0.948
1631345160,+3.48,+26.914, +1.764,+0.948
1631345220,+3.48,+26.914, +1.733,+0.947
1631345280,+3.48,+26.906, +1.700,+0.945
1631345340,+3.48,+26.906, +1.686,+0.946
1631345400,+3.48,+26.914, +1.682,+0.946
1631345460,+3.48,+26.880, +1.703,+0.947
1631345520,+3.48,+26.880, +1.741,+0.947
1631345580,+3.48,+26.889, +1.800,+0.946
1631345640,+3.48,+26.880, +1.796,+0.942
1631345700,+3.48,+26.872, +1.799,+0.941
1631345760,+3.48,+26.872, +1.785,+0.940
1631345820,+3.48,+26.880, +1.778,+0.941
1631345880,+3.48,+26.863, +1.765,+0.939
1631345940,+3.48,+26.846, +1.729,+0.936
1631346000,+3.48,+26.855, +1.709,+0.935
1631346060,+3.48,+26.855, +1.688,+0.936
1631346120,+3.48,+26.838, +1.662,+0.939
1631346180,+3.48,+26.838, +1.627,+0.941
1631346240,+3.48,+26.846, +1.586,+0.944
1631346300,+3.48,+26.829, +1.553,+0.946
1631346360,+3.48,+26.812, +1.511,+0.947
1631346420,+3.48,+26.812, +1.474,+0.949
1631346480,+3.48,+26.829, +1.421,+0.950
1631346540,+3.48,+26.795, +1.378,+0.949
1631346600,+3.48,+26.795, +1.325,+0.950
1631346660,+3.48,+26.787, +1.270,+0.950
1631346720,+3.48,+26.795, +1.224,+0.951
1631346780,+3.48,+26.787, +1.211,+0.951
1631346840,+3.48,+26.787, +1.232,+0.950
1631346900,+3.48,+26.778, +1.234,+0.951
1631346960,+3.48,+26.762, +1.220,+0.953
1631347020,+3.48,+26.770, +1.177,+0.954
1631347080,+3.48,+26.753, +1.130,+0.955
1631347140,+3.48,+26.770, +1.063,+0.956
1631347200,+3.48,+26.745, +1.002,+0.957
1631347260,+3.48,+26.753, +0.923,+0.960
1631347320,+3.48,+26.753, +0.847,+0.960
1631347380,+3.48,+26.736, +0.885,+0.959
1631347440,+3.48,+26.736, +0.946,+0.959
1631347500,+3.48,+26.736, +1.016,+0.957
1631347560,+3.48,+26.719, +1.076,+0.955
1631347620,+3.48,+26.719, +1.118,+0.953
1631347680,+3.48,+26.719, +1.140,+0.953
1631347740,+3.48,+26.702, +1.206,+0.952
1631347800,+3.48,+26.694, +1.283,+0.951
1631347860,+3.48,+26.702, +1.317,+0.951
1631347920,+3.48,+26.702, +1.334,+0.951
1631347980,+3.48,+26.694, +1.312,+0.952
1631348040,+3.48,+26.685, +1.277,+0.951
1631348100,+3.48,+26.677, +1.243,+0.951
1631348160,+3.48,+26.677, +1.233,+0.951
1631348220,+3.48,+26.677, +1.203,+0.950
1631348280,+3.48,+26.685, +1.178,+0.950
1631348340,+3.48,+26.668, +1.142,+0.952
1631348400,+3.48,+26.660, +1.088,+0.957
1631348460,+3.48,+26.660, +0.982,+0.960
1631348520,+3.48,+26.643, +0.849,+0.961
1631348580,+3.48,+26.643, +0.766,+0.962
1631348640,+3.48,+26.634, +0.729,+0.963
1631348700,+3.48,+26.643, +0.693,+0.963
1631348760,+3.48,+26.643, +0.690,+0.963
1631348820,+3.48,+26.626, +0.691,+0.961
1631348880,+3.48,+26.634, +0.699,+0.960
1631348940,+3.48,+26.634, +0.718,+0.962
1631349000,+3.48,+26.609, +0.714,+0.963
1631349060,+3.48,+26.634, +0.713,+0.963
1631349120,+3.48,+26.618, +0.723,+0.963
1631349180,+3.48,+26.618, +0.727,+0.964
1631349240,+3.48,+26.609, +0.672,+0.963
1631349300,+3.48,+26.592, +0.628,+0.964
1631349360,+3.48,+26.609, +0.612,+0.965
1631349420,+3.48,+26.601, +0.609,+0.965
1631349480,+3.48,+26.601, +0.637,+0.964
1631349540,+3.48,+26.592, +0.670,+0.966
1631349600,+3.48,+26.592, +0.704,+0.965
1631349660,+3.48,+26.592, +0.738,+0.965
1631349720,+3.48,+26.584, +0.758,+0.966
1631349780,+3.48,+26.575, +0.762,+0.966
1631349840,+3.48,+26.567, +0.768,+0.967
1631349900,+3.48,+26.567, +0.752,+0.968
1631349960,+3.48,+26.567, +0.706,+0.969
1631350020,+3.48,+26.558, +0.662,+0.969
1631350080,+3.48,+26.567, +0.608,+0.968
1631350140,+3.48,+26.558, +0.713,+0.963
1631350200,+3.48,+26.558, +0.888,+0.963
1631350260,+3.48,+26.541, +1.016,+0.964
1631350320,+3.48,+26.541, +1.100,+0.964
1631350380,+3.48,+26.533, +1.178,+0.965
1631350440,+3.48,+26.533, +1.254,+0.967
1631350500,+3.48,+26.524, +1.270,+0.968
1631350560,+3.48,+26.516, +1.270,+0.969
1631350620,+3.48,+26.508, +1.231,+0.969
1631350680,+3.48,+26.516, +1.144,+0.969
1631350740,+3.48,+26.516, +1.038,+0.968
1631350800,+3.48,+26.508, +0.917,+0.967
1631350860,+3.48,+26.499, +0.778,+0.966
1631350920,+3.48,+26.491, +0.658,+0.966
1631350980,+3.48,+26.491, +0.554,+0.966
1631351040,+3.48,+26.499, +0.473,+0.967
1631351100,+3.48,+26.474, +0.410,+0.967
1631351160,+3.48,+26.474, +0.314,+0.968
1631351220,+3.48,+26.465, +0.213,+0.967
1631351280,+3.48,+26.465, +0.154,+0.967
1631351340,+3.48,+26.474, +0.111,+0.967
1631351400,+3.48,+26.465, +0.083,+0.967
1631351460,+3.48,+26.465, +0.065,+0.966
1631351520,+3.48,+26.474, +0.064,+0.966
1631351580,+3.47,+26.465, +0.057,+0.966
1631351640,+3.47,+26.448, +0.047,+0.966
1631351700,+3.47,+26.448, +0.047,+0.966
1631351760,+3.47,+26.448, +0.052,+0.966
1631351820,+3.47,+26.448, +0.049,+0.966
1631351880,+3.47,+26.423, +0.046,+0.966
1631351940,+3.47,+26.440, +0.044,+0.966
1631352000,+3.47,+26.423, +0.045,+0.966
1631352060,+3.47,+26.423, +0.046,+0.966
1631352120,+3.47,+26.414, +0.064,+0.966
1631352180,+3.47,+26.414, +0.061,+0.966
1631352240,+3.47,+26.406, +0.056,+0.966
1631352300,+3.47,+26.406, +0.057,+0.966
1631352360,+3.47,+26.406, +0.054,+0.966
1631352420,+3.47,+26.398, +0.057,+0.966
1631352480,+3.47,+26.398, +0.047,+0.966
1631352540,+3.47,+26.398, +0.043,+0.966
1631352600,+3.47,+26.381, +0.037,+0.966
1631352660,+3.47,+26.398, +0.037,+0.966
1631352720,+3.47,+26.389, +0.037,+0.966
1631352780,+3.47,+26.389, +0.037,+0.966
1631352840,+3.47,+26.372, +0.037,+0.966
1631352900,+3.47,+26.372, +0.037,+0.966
1631352960,+3.47,+26.372, +0.037,+0.966
1631353020,+3.47,+26.381, +0.037,+0.966
1631353080,+3.47,+26.364, +0.039,+0.966
1631353140,+3.47,+26.355, +0.037,+0.966
1631353200,+3.47,+26.364, +0.038,+0.966
1631353260,+3.47,+26.355, +0.039,+0.966
1631353320,+3.47,+26.355, +0.039,+0.966
1631353380,+3.47,+26.364, +0.041,+0.966
1631353440,+3.47,+26.355, +0.041,+0.966
1631353500,+3.47,+26.347, +0.042,+0.966
1631353560,+3.47,+26.347, +0.037,+0.966
1631353620,+3.47,+26.338, +0.041,+0.966
1631353680,+3.47,+26.330, +0.042,+0.966
1631353740,+3.47,+26.338, +0.038,+0.966
1631353800,+3.47,+26.330, +0.039,+0.966
1631353860,+3.47,+26.330, +0.037,+0.966
1631353920,+3.47,+26.330, +0.038,+0.966
1631353980,+3.47,+26.321, +0.037,+0.966
1631354040,+3.47,+26.347, +0.037,+0.966
1631354100,+3.47,+26.330, +0.037,+0.966
1631354160,+3.47,+26.305, +0.037,+0.966
1631354220,+3.47,+26.313, +0.038,+0.966
1631354280,+3.47,+26.321, +0.037,+0.966
1631354340,+3.47,+26.296, +0.037,+0.967
1631354400,+3.47,+26.305, +0.037,+0.966
1631354460,+3.47,+26.288, +0.037,+0.967
1631354520,+3.47,+26.288, +0.037,+0.967
1631354580,+3.47,+26.313, +0.037,+0.966
1631354640,+3.47,+26.296, +0.036,+0.966
1631354700,+3.47,+26.279, +0.037,+0.967
1631354760,+3.47,+26.271, +0.037,+0.966
1631354820,+3.47,+26.262, +0.037,+0.967
1631354880,+3.47,+26.237, +0.037,+0.966
1631354940,+3.47,+26.271, +0.037,+0.967
1631355000,+3.47,+26.254, +0.037,+0.967
1631355060,+3.47,+26.271, +0.037,+0.967
1631355120,+3.47,+26.262, +0.037,+0.967
1631355180,+3.47,+26.262, +0.036,+0.966
1631355240,+3.47,+26.254, +0.037,+0.967
1631355300,+3.47,+26.262, +0.037,+0.967
1631355360,+3.47,+26.262, +0.036,+0.967
1631355420,+3.47,+26.254, +0.036,+0.966
1631355480,+3.47,+26.245, +0.037,+0.966
1631355540,+3.47,+26.237, +0.036,+0.967
1631355600,+3.47,+26.245, +0.037,+0.967
1631355660,+3.47,+26.237, +0.037,+0.967
1631355720,+3.47,+26.229, +0.037,+0.967
1631355780,+3.47,+26.237, +0.037,+0.967
1631355840,+3.47,+26.229, +0.036,+0.966
1631355900,+3.47,+26.220, +0.036,+0.967
1631355960,+3.47,+26.212, +0.037,+0.967
1631356020,+3.47,+26.203, +0.036,+0.967
1631356080,+3.47,+26.203, +0.037,+0.967
1631356140,+3.47,+26.220, +0.036,+0.967
1631356200,+3.47,+26.195, +0.037,+0.967
1631356260,+3.47,+26.178, +0.036,+0.967
1631356320,+3.47,+26.186, +0.037,+0.967
1631356380,+3.47,+26.186, +0.036,+0.967
1631356440,+3.47,+26.186, +0.036,+0.967
1631356500,+3.47,+26.178, +0.036,+0.967
1631356560,+3.47,+26.186, +0.037,+0.967
1631356620,+3.47,+26.186, +0.036,+0.967
1631356680,+3.47,+26.161, +0.037,+0.967
1631356740,+3.47,+26.178, +0.037,+0.967
1631356800,+3.47,+26.178, +0.037,+0.967
1631356860,+3.47,+26.161, +0.037,+0.967
1631356920,+3.47,+26.152, +0.037,+0.967
1631356980,+3.47,+26.161, +0.037,+0.967
1631357040,+3.47,+26.169, +0.036,+0.967
1631357100,+3.47,+26.144, +0.037,+0.967
1631357160,+3.47,+26.161, +0.037,+0.967
1631357220,+3.48,+26.144, +0.038,+0.967
1631357280,+3.47,+26.144, +0.042,+0.967
1631357340,+3.47,+26.152, +0.044,+0.967
1631357400,+3.47,+26.144, +0.039,+0.967
1631357460,+3.47,+26.144, +0.040,+0.967
1631357520,+3.48,+26.144, +0.039,+0.967
1631357580,+3.47,+26.144, +0.036,+0.966
1631357640,+3.47,+26.127, +0.037,+0.967
1631357700,+3.47,+26.152, +0.037,+0.967
1631357760,+3.47,+26.127, +0.037,+0.967
1631357820,+3.47,+26.127, +0.037,+0.967
1631357880,+3.47,+26.144, +0.037,+0.967
1631357940,+3.47,+26.136, +0.037,+0.967
1631358000,+3.47,+26.136, +0.037,+0.967
1631358060,+3.47,+26.119, +0.038,+0.967
1631358120,+3.47,+26.110, +0.040,+0.967
1631358180,+3.47,+26.110, +0.038,+0.967
1631358240,+3.47,+26.119, +0.039,+0.967
1631358300,+3.47,+26.102, +0.040,+0.967
1631358360,+3.47,+26.110, +0.041,+0.967
1631358420,+3.47,+26.102, +0.040,+0.967
1631358480,+3.47,+26.102, +0.037,+0.967
1631358540,+3.47,+26.110, +0.036,+0.967
1631358600,+3.47,+26.102, +0.036,+0.967
1631358660,+3.47,+26.093, +0.037,+0.967
1631358720,+3.47,+26.085, +0.036,+0.967
1631358780,+3.47,+26.076, +0.037,+0.967
1631358840,+3.47,+26.068, +0.037,+0.967
1631358900,+3.47,+26.085, +0.037,+0.967
1631358960,+3.47,+26.068, +0.036,+0.967
1631359020,+3.47,+26.068, +0.037,+0.967
1631359080,+3.47,+26.076, +0.037,+0.967
1631359140,+3.47,+26.060, +0.037,+0.967
1631359200,+3.47,+26.051, +0.038,+0.967
1631359260,+3.47,+26.060, +0.038,+0.967
1631359320,+3.47,+26.060, +0.037,+0.967
1631359380,+3.47,+26.034, +0.038,+0.967
1631359440,+3.47,+26.060, +0.038,+0.967
1631359500,+3.47,+26.034, +0.038,+0.967
1631359560,+3.47,+26.043, +0.037,+0.967
1631359620,+3.47,+26.026, +0.036,+0.967
1631359680,+3.48,+26.043, +0.037,+0.967
1631359740,+3.47,+26.034, +0.038,+0.967
1631359800,+3.47,+26.034, +0.038,+0.967
1631359860,+3.48,+26.026, +0.038,+0.967
1631359920,+3.48,+26.034, +0.038,+0.967
1631359980,+3.48,+26.026, +0.037,+0.967
1631360040,+3.48,+26.026, +0.038,+0.967
1631360100,+3.47,+26.026, +0.038,+0.967
1631360160,+3.48,+26.000, +0.039,+0.967
1631360220,+3.48,+26.009, +0.039,+0.967
1631360280,+3.48,+26.017, +0.039,+0.967
1631360340,+3.48,+25.992, +0.040,+0.967
1631360400,+3.47,+26.000, +0.040,+0.967
1631360460,+3.47,+25.984, +0.041,+0.967
1631360520,+3.48,+25.984, +0.042,+0.967
1631360580,+3.48,+25.992, +0.044,+0.967
1631360640,+3.47,+25.992, +0.044,+0.967
1631360700,+3.47,+25.992, +0.043,+0.967
1631360760,+3.47,+25.984, +0.041,+0.967
1631360820,+3.47,+26.000, +0.041,+0.967
1631360880,+3.47,+25.967, +0.041,+0.967
1631360940,+3.48,+25.984, +0.041,+0.967
1631361000,+3.47,+25.967, +0.041,+0.967
1631361060,+3.47,+25.967, +0.041,+0.967
1631361120,+3.48,+25.958, +0.040,+0.967
1631361180,+3.48,+25.958, +0.040,+0.967
1631361240,+3.48,+25.967, +0.039,+0.967
1631361300,+3.48,+25.950, +0.040,+0.967
1631361360,+3.47,+25.967, +0.039,+0.967
1631361420,+3.48,+25.950, +0.037,+0.967
1631361480,+3.48,+25.941, +0.036,+0.967
1631361540,+3.48,+25.933, +0.036,+0.967
1631361600,+3.48,+25.933, +0.036,+0.967
1631361660,+3.48,+25.941, +0.036,+0.967
1631361720,+3.48,+25.924, +0.036,+0.967
1631361780,+3.47,+25.933, +0.037,+0.967
1631361840,+3.48,+25.924, +0.036,+0.967
1631361900,+3.48,+25.908, +0.036,+0.967
1631361960,+3.48,+25.924, +0.036,+0.967
1631362020,+3.48,+25.916, +0.036,+0.967
1631362080,+3.48,+25.908, +0.036,+0.967
1631362140,+3.48,+25.899, +0.037,+0.967
1631362200,+3.48,+25.882, +0.036,+0.967
1631362260,+3.48,+25.924, +0.037,+0.967
1631362320,+3.48,+25.874, +0.039,+0.967
1631362380,+3.48,+25.882, +0.039,+0.967
1631362440,+3.47,+25.891, +0.038,+0.967
1631362500,+3.48,+25.874, +0.037,+0.967
1631362560,+3.48,+25.874, +0.037,+0.967
1631362620,+3.48,+25.882, +0.037,+0.967
1631362680,+3.48,+25.865, +0.036,+0.967
1631362740,+3.48,+25.865, +0.036,+0.967
1631362800,+3.48,+25.857, +0.036,+0.967
1631362860,+3.48,+25.865, +0.036,+0.967
1631362920,+3.48,+25.857, +0.039,+0.967
1631362980,+3.48,+25.857, +0.049,+0.967
1631363040,+3.48,+25.849, +0.054,+0.967
1631363100,+3.48,+25.865, +0.058,+0.967
1631363160,+3.48,+25.840, +0.093,+0.966
1631363220,+3.48,+25.849, +0.122,+0.966
1631363280,+3.48,+25.857, +0.131,+0.966
1631363340,+3.48,+25.840, +0.119,+0.967
1631363400,+3.48,+25.840, +0.100,+0.967
1631363460,+3.48,+25.849, +0.086,+0.967
1631363520,+3.48,+25.832, +0.077,+0.967
1631363580,+3.48,+25.849, +0.073,+0.967
1631363640,+3.48,+25.832, +0.066,+0.967
1631363700,+3.48,+25.840, +0.078,+0.967
1631363760,+3.48,+25.840, +0.095,+0.967
1631363820,+3.48,+25.832, +0.109,+0.967
1631363880,+3.48,+25.815, +0.116,+0.967
1631363940,+3.48,+25.840, +0.117,+0.967
1631364000,+3.48,+25.832, +0.115,+0.967
1631364060,+3.48,+25.840, +0.111,+0.967
1631364120,+3.48,+25.823, +0.108,+0.967
1631364180,+3.48,+25.823, +0.105,+0.967
1631364240,+3.48,+25.815, +0.099,+0.967
1631364300,+3.48,+25.832, +0.093,+0.967
1631364360,+3.48,+25.815, +0.091,+0.967
1631364420,+3.48,+25.798, +0.228,+0.969
1631364480,+3.48,+25.806, +0.627,+0.975
1631364540,+3.48,+25.806, +0.788,+0.977
1631364600,+3.48,+25.798, +0.878,+0.978
1631364660,+3.48,+25.789, +0.942,+0.979
1631364720,+3.48,+25.806, +0.984,+0.979
1631364780,+3.48,+25.781, +1.419,+0.980
1631364840,+3.48,+25.798, +1.667,+0.979
1631364900,+3.48,+25.773, +1.762,+0.980
1631364960,+3.48,+25.764, +2.057,+0.977
1631365020,+3.48,+25.789, +2.358,+0.978
1631365080,+3.48,+25.773, +2.500,+0.979
1631365140,+3.48,+25.781, +2.583,+0.980
1631365200,+3.48,+25.773, +2.628,+0.981
1631365260,+3.48,+25.781, +2.662,+0.982
1631365320,+3.48,+25.764, +2.691,+0.983
1631365380,+3.48,+25.773, +2.681,+0.983
1631365440,+3.48,+25.773, +2.671,+0.983
1631365500,+3.48,+25.764, +2.650,+0.983
1631365560,+3.48,+25.773, +2.613,+0.983
1631365620,+3.48,+25.781, +2.571,+0.982
1631365680,+3.48,+25.781, +2.537,+0.982
1631365740,+3.48,+25.773, +2.499,+0.982
1631365800,+3.48,+25.781, +2.463,+0.982
1631365860,+3.48,+25.773, +2.423,+0.982
1631365920,+3.48,+25.781, +2.388,+0.982
1631365980,+3.48,+25.781, +2.365,+0.982
1631366040,+3.48,+25.764, +2.342,+0.982
1631366100,+3.48,+25.764, +2.318,+0.982
1631366160,+3.48,+25.781, +2.305,+0.982
1631366220,+3.48,+25.756, +2.307,+0.982
1631366280,+3.48,+25.781, +2.317,+0.982
1631366340,+3.48,+25.764, +2.336,+0.982
1631366400,+3.48,+25.764, +2.331,+0.982
1631366460,+3.48,+25.773, +2.328,+0.982
1631366520,+3.48,+25.756, +2.325,+0.982
1631366580,+3.48,+25.764, +2.342,+0.982
1631366640,+3.48,+25.764, +2.382,+0.983
1631366700,+3.48,+25.764, +2.436,+0.983
1631366760,+3.48,+25.773, +2.496,+0.983
1631366820,+3.48,+25.764, +2.560,+0.983
1631366880,+3.48,+25.747, +2.626,+0.984
1631366940,+3.48,+25.764, +2.687,+0.984
1631367000,+3.48,+25.773, +2.752,+0.984
1631367060,+3.48,+25.764, +2.811,+0.984
1631367120,+3.48,+25.773, +2.859,+0.984
1631367180,+3.48,+25.789, +2.889,+0.984
1631367240,+3.47,+25.781, +2.945,+0.983
1631367300,+3.48,+25.764, +2.994,+0.984
1631367360,+3.48,+25.773, +3.051,+0.984
1631367420,+3.48,+25.764, +3.123,+0.984
1631367480,+3.48,+25.773, +3.215,+0.983
1631367540,+3.48,+25.756, +3.317,+0.984
1631367600,+3.47,+25.781, +3.415,+0.983
1631367660,+3.48,+25.781, +3.530,+0.983
1631367720,+3.48,+25.781, +3.635,+0.983
1631367780,+3.48,+25.789, +3.744,+0.983
1631367840,+3.48,+25.781, +3.850,+0.983
1631367900,+3.47,+25.789, +3.963,+0.983
1631367960,+3.48,+25.781, +4.076,+0.983
1631368020,+3.48,+25.789, +4.212,+0.983
1631368080,+3.47,+25.789, +4.352,+0.983
1631368140,+3.47,+25.798, +4.485,+0.983
1631368200,+3.48,+25.789, +4.618,+0.982
1631368260,+3.47,+25.798, +4.747,+0.983
1631368320,+3.48,+25.798, +4.869,+0.982
1631368380,+3.47,+25.789, +5.013,+0.983
1631368440,+3.47,+25.798, +5.158,+0.983
1631368500,+3.47,+25.815, +5.311,+0.983
1631368560,+3.47,+25.806, +5.464,+0.982
1631368620,+3.47,+25.806, +5.624,+0.983
1631368680,+3.47,+25.798, +5.771,+0.983
1631368740,+3.47,+25.823, +5.905,+0.982
1631368800,+3.47,+25.815, +6.077,+0.983
1631368860,+3.47,+25.806, +6.226,+0.982
1631368920,+3.47,+25.832, +6.371,+0.983
1631368980,+3.47,+25.815, +6.531,+0.983
1631369040,+3.47,+25.806, +6.650,+0.983
1631369100,+3.47,+25.832, +6.770,+0.982
1631369160,+3.47,+25.832, +6.914,+0.982
1631369220,+3.47,+25.840, +6.676,+0.983
1631369280,+3.47,+25.806, +6.554,+0.983
1631369340,+3.47,+25.815, +6.666,+0.983
1631369400,+3.47,+25.823, +6.835,+0.983
1631369460,+3.47,+25.823, +7.028,+0.983
1631369520,+3.47,+25.840, +7.280,+0.982
1631369580,+3.47,+25.823, +7.619,+0.983
1631369640,+3.47,+25.840, +7.891,+0.983
1631369700,+3.47,+25.823, +8.153,+0.983
1631369760,+3.47,+25.832, +8.389,+0.982
1631369820,+3.47,+25.849, +8.611,+0.982
1631369880,+3.47,+25.840, +8.162,+0.982
1631369940,+3.47,+25.832, +8.245,+0.982
1631370000,+3.47,+25.857, +8.421,+0.982
1631370060,+3.47,+25.840, +8.683,+0.983
1631370120,+3.47,+25.832, +8.920,+0.982
1631370180,+3.47,+25.840, +9.113,+0.983
1631370240,+3.47,+25.857, +9.331,+0.983
1631370300,+3.47,+25.857, +9.580,+0.983
1631370360,+3.47,+25.857, +9.875,+0.983
1631370420,+3.47,+25.857,+10.185,+0.982
1631370480,+3.47,+25.882,+10.489,+0.983
1631370540,+3.47,+25.882,+10.759,+0.983
1631370600,+3.47,+25.899,+11.015,+0.984
1631370660,+3.47,+25.891,+11.267,+0.984
1631370720,+3.47,+25.899,+11.521,+0.983
1631370780,+3.47,+25.924,+11.783,+0.983
1631370840,+3.47,+25.916,+12.131,+0.984
1631370900,+3.47,+25.916,+12.424,+0.984
1631370960,+3.47,+25.916,+12.731,+0.984
1631371020,+3.47,+25.933,+13.008,+0.984
1631371080,+3.47,+25.933,+13.295,+0.984
1631371140,+3.47,+25.941,+13.542,+0.983
1631371200,+3.47,+25.933,+13.789,+0.983
1631371260,+3.47,+25.958,+14.058,+0.985
1631371320,+3.47,+25.941,+14.249,+0.983
1631371380,+3.47,+25.958,+14.410,+0.984
1631371440,+3.47,+25.950,+14.511,+0.984
1631371500,+3.47,+25.958,+14.626,+0.984
1631371560,+3.47,+25.975,+14.739,+0.983
1631371620,+3.47,+25.958,+14.939,+0.984
1631371680,+3.47,+25.967,+15.105,+0.984
1631371740,+3.47,+25.984,+15.253,+0.984
1631371800,+3.47,+25.992,+15.361,+0.984
1631371860,+3.47,+26.000,+15.523,+0.984
1631371920,+3.47,+26.000,+15.715,+0.984
1631371980,+3.47,+26.017,+15.928,+0.986
1631372040,+3.47,+26.009,+16.048,+0.983
1631372100,+3.47,+26.026,+16.227,+0.984
1631372160,+3.47,+26.043,+16.454,+0.986
1631372220,+3.47,+26.034,+16.689,+0.986
1631372280,+3.47,+26.034,+16.933,+0.986
1631372340,+3.47,+26.051,+17.189,+0.986
1631372400,+3.47,+26.068,+17.371,+0.985
1631372460,+3.47,+26.060,+17.572,+0.985
1631372520,+3.47,+26.068,+17.713,+0.983
1631372580,+3.47,+26.068,+17.825,+0.983
1631372640,+3.47,+26.085,+17.961,+0.984
1631372700,+3.47,+26.085,+18.097,+0.985
1631372760,+3.47,+26.102,+18.235,+0.986
1631372820,+3.47,+26.093,+18.312,+0.985
1631372880,+3.47,+26.110,+18.415,+0.986
1631372940,+3.47,+26.110,+18.495,+0.984
1631373000,+3.47,+26.110,+18.746,+0.987
1631373060,+3.47,+26.119,+18.863,+0.985
1631373120,+3.47,+26.119,+19.148,+0.987
1631373180,+3.47,+26.110,+19.288,+0.984
1631373240,+3.47,+26.152,+19.435,+0.986
1631373300,+3.47,+26.144,+19.563,+0.985
1631373360,+3.47,+26.152,+19.740,+0.986
1631373420,+3.47,+26.161,+19.693,+0.986
1631373480,+3.47,+26.144,+19.555,+0.985
1631373540,+3.47,+26.178,+19.585,+0.985
1631373600,+3.47,+26.186,+19.851,+0.985
1631373660,+3.47,+26.195,+20.187,+0.984
1631373720,+3.47,+26.212,+20.587,+0.988
1631373780,+3.47,+26.203,+20.840,+0.987
1631373840,+3.47,+26.203,+21.143,+0.986
1631373900,+3.47,+26.220,+21.332,+0.985
1631373960,+3.47,+26.220,+21.465,+0.986
1631374020,+3.47,+26.237,+21.550,+0.986
1631374080,+3.47,+26.237,+21.683,+0.986
1631374140,+3.47,+26.245,+21.834,+0.985
1631374200,+3.47,+26.262,+22.073,+0.986
1631374260,+3.47,+26.254,+22.220,+0.985
1631374320,+3.47,+26.262,+22.534,+0.988
1631374380,+3.47,+26.279,+22.715,+0.987
1631374440,+3.47,+26.271,+22.936,+0.987
1631374500,+3.47,+26.288,+23.075,+0.988
1631374560,+3.47,+26.296,+23.262,+0.987
1631374620,+3.47,+26.288,+23.482,+0.990
1631374680,+3.47,+26.296,+23.461,+0.987
1631374740,+3.47,+26.296,+23.543,+0.988
1631374800,+3.47,+26.288,+23.768,+0.991
1631374860,+3.47,+26.296,+23.755,+0.988
1631374920,+3.47,+26.313,+23.886,+0.988
1631374980,+3.47,+26.313,+23.850,+0.986
1631375040,+3.47,+26.296,+23.877,+0.989
1631375100,+3.47,+26.321,+23.501,+0.987
1631375160,+3.47,+26.321,+23.409,+0.987
1631375220,+3.47,+26.313,+23.488,+0.988
1631375280,+3.47,+26.313,+23.567,+0.988
1631375340,+3.47,+26.321,+23.668,+0.990
1631375400,+3.47,+26.321,+23.682,+0.989
1631375460,+3.47,+26.321,+23.622,+0.986
1631375520,+3.47,+26.330,+23.704,+0.985
1631375580,+3.47,+26.338,+23.813,+0.987
1631375640,+3.47,+26.355,+23.930,+0.987
1631375700,+3.47,+26.364,+23.914,+0.986
1631375760,+3.47,+26.355,+24.126,+0.989
1631375820,+3.47,+26.364,+24.131,+0.987
1631375880,+3.47,+26.381,+24.175,+0.987
1631375940,+3.47,+26.381,+24.197,+0.987
1631376000,+3.47,+26.389,+24.372,+0.990
1631376060,+3.47,+26.398,+24.230,+0.985
1631376120,+3.47,+26.423,+24.278,+0.987
1631376180,+3.47,+26.406,+24.313,+0.987
1631376240,+3.47,+26.440,+24.412,+0.988
1631376300,+3.47,+26.448,+24.521,+0.989
1631376360,+3.47,+26.457,+24.503,+0.986
1631376420,+3.47,+26.448,+24.351,+0.989
1631376480,+3.47,+26.457,+23.815,+0.987
1631376540,+3.47,+26.465,+23.458,+0.985
1631376600,+3.47,+26.482,+23.381,+0.985
1631376660,+3.47,+26.482,+23.480,+0.984
1631376720,+3.47,+26.491,+23.832,+0.989
1631376780,+3.47,+26.508,+24.071,+0.988
1631376840,+3.47,+26.516,+24.180,+0.986
1631376900,+3.47,+26.524,+24.138,+0.988
1631376960,+3.47,+26.533,+23.983,+0.987
1631377020,+3.47,+26.558,+23.945,+0.985
1631377080,+3.47,+26.567,+24.315,+0.989
1631377140,+3.47,+26.575,+24.626,+0.988
1631377200,+3.47,+26.592,+24.995,+0.988
1631377260,+3.47,+26.609,+25.454,+0.990
1631377320,+3.47,+26.609,+25.767,+0.988
1631377380,+3.47,+26.626,+26.022,+0.988
1631377440,+3.47,+26.626,+26.178,+0.987
1631377500,+3.47,+26.634,+26.311,+0.988
1631377560,+3.47,+26.651,+26.418,+0.989
1631377620,+3.47,+26.634,+26.575,+0.987
1631377680,+3.47,+26.660,+26.774,+0.987
1631377740,+3.47,+26.668,+27.117,+0.990
1631377800,+3.47,+26.677,+27.165,+0.990
1631377860,+3.47,+26.651,+27.221,+0.987
1631377920,+3.47,+26.685,+27.120,+0.985
1631377980,+3.47,+26.702,+27.178,+0.989
1631378040,+3.47,+26.685,+26.900,+0.989
1631378100,+3.47,+26.702,+26.300,+0.986
1631378160,+3.47,+26.711,+25.738,+0.988
1631378220,+3.47,+26.719,+25.434,+0.986
1631378280,+3.47,+26.736,+25.663,+0.986
1631378340,+3.47,+26.728,+26.101,+0.988
1631378400,+3.47,+26.736,+26.415,+0.987
1631378460,+3.47,+26.736,+26.849,+0.990
1631378520,+3.47,+26.762,+27.026,+0.986
1631378580,+3.47,+26.778,+27.253,+0.988
1631378640,+3.47,+26.787,+27.448,+0.988
1631378700,+3.47,+26.778,+27.574,+0.985
1631378760,+3.47,+26.787,+27.947,+0.989
1631378820,+3.47,+26.821,+28.276,+0.992
1631378880,+3.47,+26.829,+28.276,+0.989
1631378940,+3.47,+26.829,+28.520,+0.991
1631379000,+3.47,+26.838,+28.598,+0.988
1631379060,+3.47,+26.863,+28.776,+0.990
1631379120,+3.47,+26.863,+28.957,+0.991
1631379180,+3.47,+26.880,+29.016,+0.986
1631379240,+3.47,+26.897,+29.364,+0.987
1631379300,+3.47,+26.906,+29.768,+0.990
1631379360,+3.47,+26.931,+29.858,+0.988
1631379420,+3.47,+26.939,+29.849,+0.988
1631379480,+3.47,+26.965,+29.847,+0.987
1631379540,+3.47,+26.973,+30.091,+0.987
1631379600,+3.47,+26.973,+30.409,+0.990
1631379660,+3.47,+26.982,+30.570,+0.990
1631379720,+3.47,+26.999,+30.616,+0.988
1631379780,+3.47,+27.016,+30.695,+0.988
1631379840,+3.47,+27.016,+30.892,+0.990
1631379900,+3.47,+26.999,+31.055,+0.992
1631379960,+3.47,+27.024,+30.756,+0.987
1631380020,+3.47,+27.041,+30.623,+0.988
1631380080,+3.47,+27.024,+30.064,+0.987
1631380140,+3.47,+27.033,+29.653,+0.988
1631380200,+3.47,+27.041,+29.293,+0.988
1631380260,+3.47,+27.050,+29.010,+0.985
1631380320,+3.47,+27.050,+29.027,+0.988
1631380380,+3.47,+27.058,+28.847,+0.988
1631380440,+3.47,+27.067,+29.030,+0.990
1631380500,+3.47,+27.058,+29.086,+0.988
1631380560,+3.47,+27.075,+29.169,+0.988
1631380620,+3.47,+27.067,+29.250,+0.987
1631380680,+3.47,+27.075,+29.250,+0.988
1631380740,+3.47,+27.092,+29.194,+0.988
1631380800,+3.47,+27.101,+29.143,+0.986
1631380860,+3.47,+27.118,+29.413,+0.988
1631380920,+3.47,+27.126,+29.821,+0.991
1631380980,+3.47,+27.126,+29.749,+0.985
1631381040,+3.47,+27.143,+29.627,+0.986
1631381100,+3.47,+27.143,+29.608,+0.990
1631381160,+3.47,+27.169,+29.356,+0.984
1631381220,+3.47,+27.177,+29.498,+0.986
1631381280,+3.47,+27.194,+29.618,+0.988
1631381340,+3.47,+27.202,+29.630,+0.987
1631381400,+3.47,+27.219,+29.604,+0.986
1631381460,+3.47,+27.228,+29.648,+0.985
1631381520,+3.47,+27.245,+29.685,+0.983
1631381580,+3.47,+27.245,+29.952,+0.988
1631381640,+3.47,+27.253,+29.823,+0.986
1631381700,+3.47,+27.262,+29.818,+0.986
1631381760,+3.47,+27.262,+29.936,+0.986
1631381820,+3.47,+27.270,+30.119,+0.987
1631381880,+3.47,+27.304,+30.254,+0.983
1631381940,+3.47,+27.321,+30.797,+0.988
1631382000,+3.47,+27.330,+31.421,+0.988
1631382060,+3.47,+27.321,+31.829,+0.987
1631382120,+3.47,+27.338,+32.248,+0.990
1631382180,+3.47,+27.355,+32.321,+0.985
1631382240,+3.47,+27.372,+32.671,+0.988
1631382300,+3.47,+27.398,+32.582,+0.985
1631382360,+3.47,+27.398,+32.783,+0.987
1631382420,+3.47,+27.432,+33.028,+0.987
1631382480,+3.47,+27.440,+33.402,+0.988
1631382540,+3.47,+27.449,+33.784,+0.989
1631382600,+3.47,+27.466,+33.887,+0.985
1631382660,+3.47,+27.474,+34.213,+0.988
1631382720,+3.47,+27.483,+34.294,+0.988
1631382780,+3.47,+27.508,+34.336,+0.987
1631382840,+3.47,+27.534,+34.593,+0.988
1631382900,+3.47,+27.551,+34.950,+0.990
1631382960,+3.47,+27.551,+35.008,+0.988
1631383020,+3.47,+27.576,+35.285,+0.988
1631383080,+3.47,+27.610,+35.339,+0.987
1631383140,+3.47,+27.610,+35.285,+0.984
1631383200,+3.47,+27.636,+35.602,+0.989
1631383260,+3.47,+27.661,+35.626,+0.987
1631383320,+3.47,+27.661,+35.717,+0.986
1631383380,+3.47,+27.687,+36.234,+0.994
1631383440,+3.47,+27.713,+35.891,+0.988
1631383500,+3.47,+27.713,+35.619,+0.984
1631383560,+3.47,+27.704,+35.784,+0.987
1631383620,+3.47,+27.747,+35.860,+0.988
1631383680,+3.47,+27.730,+35.864,+0.987
1631383740,+3.47,+27.738,+35.644,+0.987
1631383800,+3.47,+27.721,+35.639,+0.991
1631383860,+3.47,+27.738,+35.339,+0.992
1631383920,+3.47,+27.730,+34.987,+0.992
1631383980,+3.47,+27.747,+34.479,+0.986
1631384040,+3.47,+27.755,+34.436,+0.987
1631384100,+3.47,+27.764,+34.291,+0.990
1631384160,+3.47,+27.764,+34.112,+0.989
1631384220,+3.47,+27.781,+33.993,+0.988
1631384280,+3.47,+27.789,+34.034,+0.990
1631384340,+3.47,+27.798,+33.788,+0.984
1631384400,+3.47,+27.815,+33.882,+0.986
1631384460,+3.47,+27.815,+33.807,+0.983
1631384520,+3.47,+27.832,+34.112,+0.988
1631384580,+3.47,+27.849,+33.931,+0.983
1631384640,+3.47,+27.832,+34.083,+0.985
1631384700,+3.47,+27.857,+34.045,+0.983
1631384760,+3.47,+27.857,+34.131,+0.985
1631384820,+3.47,+27.874,+34.298,+0.988
1631384880,+3.47,+27.883,+34.213,+0.985
1631384940,+3.47,+27.908,+34.292,+0.988
1631385000,+3.47,+27.900,+34.542,+0.989
1631385060,+3.47,+27.925,+34.348,+0.984
1631385120,+3.47,+27.943,+34.617,+0.989
1631385180,+3.47,+27.960,+34.001,+0.987
1631385240,+3.47,+27.960,+33.629,+0.991
1631385300,+3.47,+27.960,+33.225,+0.988
1631385360,+3.47,+27.977,+32.366,+0.989
1631385420,+3.47,+27.985,+31.770,+0.987
1631385480,+3.47,+27.977,+31.729,+0.986
1631385540,+3.47,+27.994,+31.943,+0.985
1631385600,+3.47,+27.994,+32.264,+0.986
1631385660,+3.47,+27.994,+32.639,+0.988
1631385720,+3.47,+27.977,+32.770,+0.987
1631385780,+3.47,+27.977,+32.798,+0.984
1631385840,+3.47,+27.985,+33.180,+0.990
1631385900,+3.47,+27.994,+32.987,+0.983
1631385960,+3.47,+28.002,+33.633,+0.994
1631386020,+3.47,+27.977,+33.619,+0.990
1631386080,+3.47,+27.994,+33.638,+0.988
1631386140,+3.47,+28.011,+33.738,+0.986
1631386200,+3.47,+28.036,+34.086,+0.988
1631386260,+3.47,+28.070,+34.300,+0.987
1631386320,+3.47,+28.070,+34.565,+0.987
1631386380,+3.47,+28.122,+34.530,+0.986
1631386440,+3.47,+28.139,+34.430,+0.982
1631386500,+3.47,+28.156,+34.810,+0.986
1631386560,+3.47,+28.198,+35.103,+0.987
1631386620,+3.47,+28.224,+35.235,+0.986
1631386680,+3.47,+28.258,+35.464,+0.986
1631386740,+3.47,+28.275,+35.535,+0.985
1631386800,+3.47,+28.292,+35.943,+0.990
1631386860,+3.47,+28.309,+35.793,+0.986
1631386920,+3.47,+28.344,+35.749,+0.983
1631386980,+3.47,+28.369,+35.938,+0.984
1631387040,+3.47,+28.369,+36.227,+0.986
1631387100,+3.47,+28.369,+36.379,+0.987
1631387160,+3.47,+28.395,+36.567,+0.989
1631387220,+3.47,+28.429,+36.452,+0.986
1631387280,+3.47,+28.446,+36.307,+0.981
1631387340,+3.47,+28.472,+36.548,+0.985
1631387400,+3.47,+28.489,+36.618,+0.985
1631387460,+3.47,+28.540,+36.253,+0.982
1631387520,+3.47,+28.591,+35.878,+0.982
1631387580,+3.47,+28.600,+35.970,+0.988
1631387640,+3.47,+28.609,+35.684,+0.986
1631387700,+3.47,+28.626,+35.265,+0.983
1631387760,+3.47,+28.617,+35.186,+0.986
1631387820,+3.47,+28.591,+34.968,+0.987
1631387880,+3.47,+28.600,+34.287,+0.980
1631387940,+3.47,+28.583,+34.175,+0.985
1631388000,+3.47,+28.566,+33.846,+0.985
1631388060,+3.47,+28.566,+33.484,+0.983
1631388120,+3.47,+28.557,+33.462,+0.985
1631388180,+3.47,+28.532,+33.065,+0.983
1631388240,+3.47,+28.523,+32.892,+0.989
1631388300,+3.47,+28.514,+32.483,+0.985
1631388360,+3.47,+28.514,+32.336,+0.984
1631388420,+3.47,+28.540,+32.591,+0.988
1631388480,+3.47,+28.549,+32.438,+0.983
1631388540,+3.47,+28.549,+32.559,+0.983
1631388600,+3.47,+28.583,+32.729,+0.984
1631388660,+3.47,+28.600,+33.159,+0.987
1631388720,+3.47,+28.609,+33.231,+0.988
1631388780,+3.47,+28.626,+33.147,+0.990
1631388840,+3.47,+28.651,+32.905,+0.986
1631388900,+3.47,+28.668,+32.939,+0.987
1631388960,+3.47,+28.677,+32.824,+0.984
1631389020,+3.47,+28.686,+33.027,+0.988
1631389080,+3.47,+28.677,+33.118,+0.988
1631389140,+3.47,+28.668,+33.199,+0.991
1631389200,+3.47,+28.660,+32.928,+0.987
1631389260,+3.47,+28.643,+32.894,+0.986
1631389320,+3.47,+28.617,+32.793,+0.984
1631389380,+3.47,+28.600,+32.661,+0.984
1631389440,+3.47,+28.583,+32.795,+0.988
1631389500,+3.47,+28.574,+32.676,+0.985
1631389560,+3.47,+28.574,+32.852,+0.986
1631389620,+3.47,+28.574,+32.915,+0.986
1631389680,+3.47,+28.600,+32.966,+0.987
1631389740,+3.47,+28.634,+32.893,+0.985
1631389800,+3.47,+28.660,+32.934,+0.985
1631389860,+3.47,+28.686,+33.257,+0.989
1631389920,+3.47,+28.720,+33.469,+0.987
1631389980,+3.47,+28.763,+33.838,+0.989
1631390040,+3.47,+28.797,+33.777,+0.983
1631390100,+3.47,+28.848,+34.236,+0.989
1631390160,+3.47,+28.874,+34.569,+0.989
1631390220,+3.47,+28.900,+34.822,+0.987
1631390280,+3.47,+28.934,+34.813,+0.985
1631390340,+3.47,+28.951,+35.068,+0.987
1631390400,+3.47,+28.960,+35.234,+0.986
1631390460,+3.47,+28.968,+35.433,+0.990
1631390520,+3.47,+28.951,+35.483,+0.988
1631390580,+3.47,+28.977,+35.253,+0.986
1631390640,+3.47,+28.985,+35.470,+0.991
1631390700,+3.47,+28.994,+35.146,+0.986
1631390760,+3.47,+28.985,+35.034,+0.987
1631390820,+3.47,+29.020,+35.160,+0.988
1631390880,+3.47,+29.063,+35.185,+0.987
1631390940,+3.47,+29.114,+35.268,+0.987
1631391000,+3.47,+29.140,+35.224,+0.987
1631391060,+3.47,+29.174,+35.200,+0.984
1631391120,+3.47,+29.226,+35.303,+0.984
1631391180,+3.47,+29.260,+35.517,+0.987
1631391240,+3.47,+29.277,+35.515,+0.985
1631391300,+3.47,+29.294,+35.367,+0.984
1631391360,+3.47,+29.303,+35.427,+0.986
1631391420,+3.47,+29.294,+35.358,+0.985
1631391480,+3.47,+29.312,+35.413,+0.987
1631391540,+3.47,+29.286,+35.150,+0.986
1631391600,+3.47,+29.269,+35.032,+0.987
1631391660,+3.47,+29.269,+34.840,+0.987
1631391720,+3.47,+29.251,+34.616,+0.985
1631391780,+3.47,+29.269,+34.682,+0.987
1631391840,+3.47,+29.260,+34.700,+0.988
1631391900,+3.47,+29.277,+34.452,+0.985
1631391960,+3.47,+29.312,+34.531,+0.986
1631392020,+3.47,+29.329,+34.396,+0.982
1631392080,+3.47,+29.337,+34.675,+0.985
1631392140,+3.47,+29.372,+34.667,+0.985
1631392200,+3.47,+29.397,+34.624,+0.986
1631392260,+3.47,+29.406,+34.376,+0.983
1631392320,+3.47,+29.440,+34.491,+0.988
1631392380,+3.47,+29.449,+34.543,+0.988
1631392440,+3.47,+29.458,+34.573,+0.986
1631392500,+3.47,+29.492,+34.813,+0.986
1631392560,+3.47,+29.518,+35.025,+0.990
1631392620,+3.47,+29.552,+34.843,+0.986
1631392680,+3.47,+29.552,+34.753,+0.986
1631392740,+3.47,+29.587,+34.555,+0.984
1631392800,+3.47,+29.595,+34.578,+0.986
1631392860,+3.47,+29.613,+34.351,+0.983
1631392920,+3.47,+29.613,+34.473,+0.984
1631392980,+3.47,+29.656,+34.611,+0.985
1631393040,+3.47,+29.638,+34.810,+0.989
1631393100,+3.47,+29.664,+34.545,+0.986
1631393160,+3.47,+29.664,+34.365,+0.985
1631393220,+3.47,+29.673,+34.322,+0.984
1631393280,+3.47,+29.681,+34.326,+0.984
1631393340,+3.47,+29.707,+34.577,+0.989
1631393400,+3.47,+29.690,+34.674,+0.987
1631393460,+3.47,+29.681,+34.885,+0.988
1631393520,+3.47,+29.656,+34.875,+0.986
1631393580,+3.47,+29.656,+35.076,+0.985
1631393640,+3.47,+29.656,+35.165,+0.984
1631393700,+3.47,+29.664,+35.213,+0.983
1631393760,+3.47,+29.690,+35.359,+0.985
1631393820,+3.47,+29.707,+35.366,+0.984
1631393880,+3.47,+29.716,+35.233,+0.986
1631393940,+3.47,+29.724,+34.935,+0.983
1631394000,+3.47,+29.742,+34.970,+0.988
1631394060,+3.47,+29.742,+34.526,+0.987
1631394120,+3.47,+29.759,+34.251,+0.988
1631394180,+3.47,+29.785,+34.041,+0.986
1631394240,+3.47,+29.802,+34.042,+0.988
1631394300,+3.47,+29.802,+33.663,+0.985
1631394360,+3.47,+29.768,+33.572,+0.985
1631394420,+3.47,+29.742,+33.497,+0.987
1631394480,+3.47,+29.707,+33.261,+0.988
1631394540,+3.47,+29.656,+33.013,+0.986
1631394600,+3.47,+29.638,+32.767,+0.983
1631394660,+3.47,+29.613,+32.684,+0.985
1631394720,+3.47,+29.552,+32.681,+0.987
1631394780,+3.47,+29.526,+32.363,+0.984
1631394840,+3.47,+29.475,+32.327,+0.987
1631394900,+3.47,+29.458,+32.051,+0.986
1631394960,+3.47,+29.440,+31.850,+0.986
1631395020,+3.47,+29.449,+31.831,+0.988
1631395080,+3.47,+29.466,+31.762,+0.988
1631395140,+3.47,+29.483,+31.785,+0.988
1631395200,+3.47,+29.475,+31.584,+0.983
1631395260,+3.47,+29.501,+31.807,+0.986
1631395320,+3.47,+29.544,+31.893,+0.984
1631395380,+3.47,+29.595,+32.073,+0.986
1631395440,+3.47,+29.630,+32.146,+0.986
1631395500,+3.47,+29.681,+32.207,+0.986
1631395560,+3.47,+29.724,+32.464,+0.989
1631395620,+3.47,+29.768,+32.315,+0.985
1631395680,+3.47,+29.819,+32.420,+0.985
1631395740,+3.47,+29.828,+32.598,+0.985
1631395800,+3.47,+29.845,+32.806,+0.987
1631395860,+3.47,+29.862,+32.709,+0.985
1631395920,+3.47,+29.862,+32.801,+0.985
1631395980,+3.48,+29.880,+32.627,+0.982
1631396040,+3.47,+29.880,+32.988,+0.988
1631396100,+3.48,+29.888,+33.014,+0.987
1631396160,+3.47,+29.897,+32.981,+0.986
1631396220,+3.48,+29.914,+32.961,+0.986
1631396280,+3.48,+29.931,+33.123,+0.991
1631396340,+3.47,+29.957,+32.889,+0.987
1631396400,+3.47,+29.966,+32.802,+0.986
1631396460,+3.47,+29.983,+32.688,+0.985
1631396520,+3.47,+29.992,+32.959,+0.990
1631396580,+3.47,+30.000,+32.843,+0.988
1631396640,+3.47,+29.992,+32.566,+0.983
1631396700,+3.47,+30.009,+32.756,+0.987
1631396760,+3.47,+30.000,+32.800,+0.988
1631396820,+3.48,+30.018,+32.807,+0.988
1631396880,+3.47,+30.018,+32.739,+0.987
1631396940,+3.47,+30.026,+32.797,+0.987
1631397000,+3.47,+30.069,+32.944,+0.990
1631397060,+3.47,+30.113,+32.593,+0.984
1631397120,+3.47,+30.121,+32.626,+0.986
1631397180,+3.47,+30.138,+32.599,+0.987
1631397240,+3.47,+30.173,+32.520,+0.986
1631397300,+3.47,+30.199,+32.587,+0.991
1631397360,+3.47,+30.225,+32.242,+0.987
1631397420,+3.47,+30.225,+31.782,+0.981
1631397480,+3.47,+30.208,+31.871,+0.985
1631397540,+3.47,+30.216,+31.995,+0.989
1631397600,+3.47,+30.225,+31.848,+0.988
1631397660,+3.47,+30.190,+31.883,+0.988
1631397720,+3.47,+30.164,+32.026,+0.992
1631397780,+3.47,+30.182,+31.801,+0.989
1631397840,+3.47,+30.147,+31.493,+0.984
1631397900,+3.48,+30.121,+31.395,+0.984
1631397960,+3.48,+30.104,+31.330,+0.984
1631398020,+3.48,+30.069,+31.335,+0.985
1631398080,+3.47,+30.052,+31.256,+0.983
1631398140,+3.48,+30.043,+31.329,+0.984
1631398200,+3.48,+30.052,+31.404,+0.985
1631398260,+3.48,+30.069,+31.591,+0.989
1631398320,+3.48,+30.061,+31.417,+0.985
1631398380,+3.47,+30.087,+31.519,+0.988
1631398440,+3.47,+30.087,+31.445,+0.988
1631398500,+3.48,+30.104,+31.423,+0.987
1631398560,+3.48,+30.113,+31.397,+0.986
1631398620,+3.48,+30.113,+31.537,+0.990
1631398680,+3.48,+30.147,+31.298,+0.985
1631398740,+3.48,+30.156,+31.117,+0.983
1631398800,+3.47,+30.182,+31.220,+0.987
1631398860,+3.47,+30.199,+31.129,+0.987
1631398920,+3.47,+30.190,+31.001,+0.987
1631398980,+3.47,+30.156,+30.762,+0.985
1631399040,+3.48,+30.147,+30.682,+0.988
1631399100,+3.48,+30.121,+30.454,+0.987
1631399160,+3.48,+30.069,+30.534,+0.991
1631399220,+3.48,+30.069,+30.255,+0.987
1631399280,+3.48,+30.069,+30.069,+0.986
1631399340,+3.48,+30.052,+30.043,+0.987
1631399400,+3.48,+30.061,+29.902,+0.984
1631399460,+3.48,+30.069,+30.012,+0.987
1631399520,+3.48,+30.095,+30.024,+0.989
1631399580,+3.48,+30.095,+30.013,+0.990
1631399640,+3.48,+30.104,+29.771,+0.985
1631399700,+3.48,+30.130,+29.926,+0.988
1631399760,+3.48,+30.147,+29.922,+0.987
1631399820,+3.47,+30.182,+29.883,+0.986
1631399880,+3.47,+30.216,+29.818,+0.986
1631399940,+3.47,+30.259,+29.565,+0.985
1631400000,+3.47,+30.285,+29.299,+0.986
1631400060,+3.47,+30.320,+28.957,+0.984
1631400120,+3.47,+30.346,+28.738,+0.985
1631400180,+3.47,+30.389,+28.554,+0.986
1631400240,+3.47,+30.424,+28.209,+0.985
1631400300,+3.47,+30.432,+28.148,+0.989
1631400360,+3.47,+30.467,+27.725,+0.984
1631400420,+3.47,+30.467,+27.595,+0.987
1631400480,+3.47,+30.484,+27.526,+0.989
1631400540,+3.47,+30.484,+27.365,+0.988
1631400600,+3.47,+30.510,+27.106,+0.987
1631400660,+3.47,+30.502,+26.834,+0.985
1631400720,+3.47,+30.476,+26.761,+0.989
1631400780,+3.47,+30.450,+26.508,+0.987
1631400840,+3.47,+30.432,+26.314,+0.987
1631400900,+3.47,+30.398,+26.147,+0.987
1631400960,+3.47,+30.363,+25.922,+0.984
1631401020,+3.47,+30.329,+25.809,+0.984
1631401080,+3.47,+30.259,+25.723,+0.984
1631401140,+3.48,+30.199,+25.621,+0.985
1631401200,+3.48,+30.164,+25.587,+0.986
1631401260,+3.48,+30.113,+25.547,+0.987
1631401320,+3.48,+30.095,+25.652,+0.990
1631401380,+3.48,+30.087,+25.428,+0.985
1631401440,+3.48,+30.069,+25.428,+0.986
1631401500,+3.48,+30.087,+25.287,+0.985
1631401560,+3.48,+30.087,+25.313,+0.988
1631401620,+3.48,+30.113,+25.240,+0.988
1631401680,+3.48,+30.190,+24.901,+0.988
1631401740,+3.48,+30.242,+24.491,+0.988
1631401800,+3.47,+30.259,+24.217,+0.988
1631401860,+3.48,+30.277,+23.869,+0.985
1631401920,+3.47,+30.294,+23.774,+0.987
1631401980,+3.48,+30.268,+23.577,+0.985
1631402040,+3.48,+30.242,+23.524,+0.985
1631402100,+3.48,+30.234,+23.521,+0.987
1631402160,+3.48,+30.225,+23.422,+0.984
1631402220,+3.48,+30.251,+23.447,+0.985
1631402280,+3.48,+30.225,+23.378,+0.985
1631402340,+3.48,+30.216,+23.349,+0.985
1631402400,+3.48,+30.190,+23.367,+0.986
1631402460,+3.48,+30.199,+23.310,+0.985
1631402520,+3.48,+30.173,+23.362,+0.987
1631402580,+3.48,+30.147,+23.191,+0.985
1631402640,+3.48,+30.138,+23.147,+0.986
1631402700,+3.48,+30.121,+23.185,+0.990
1631402760,+3.48,+30.113,+23.057,+0.988
1631402820,+3.48,+30.113,+22.884,+0.986
1631402880,+3.48,+30.113,+22.730,+0.984
1631402940,+3.48,+30.121,+22.710,+0.986
1631403000,+3.48,+30.104,+22.698,+0.987
1631403060,+3.48,+30.113,+22.508,+0.983
1631403120,+3.48,+30.121,+22.568,+0.987
1631403180,+3.48,+30.121,+22.499,+0.988
1631403240,+3.48,+30.121,+22.430,+0.988
1631403300,+3.48,+30.147,+22.228,+0.985
1631403360,+3.48,+30.182,+22.173,+0.989
1631403420,+3.48,+30.234,+21.787,+0.987
1631403480,+3.48,+30.268,+21.429,+0.986
1631403540,+3.48,+30.311,+21.061,+0.986
1631403600,+3.48,+30.363,+20.703,+0.986
1631403660,+3.47,+30.389,+20.334,+0.984
1631403720,+3.47,+30.432,+20.165,+0.986
1631403780,+3.47,+30.450,+19.991,+0.985
1631403840,+3.47,+30.458,+19.841,+0.986
1631403900,+3.47,+30.484,+19.644,+0.985
1631403960,+3.47,+30.476,+19.517,+0.986
1631404020,+3.47,+30.502,+19.306,+0.985
1631404080,+3.47,+30.493,+19.169,+0.986
1631404140,+3.47,+30.458,+18.986,+0.984
1631404200,+3.47,+30.458,+18.836,+0.986
1631404260,+3.47,+30.432,+18.681,+0.983
1631404320,+3.47,+30.424,+18.678,+0.985
1631404380,+3.47,+30.415,+18.663,+0.985
1631404440,+3.47,+30.406,+18.766,+0.987
1631404500,+3.47,+30.406,+18.795,+0.985
1631404560,+3.48,+30.389,+18.887,+0.985
1631404620,+3.48,+30.372,+18.975,+0.985
1631404680,+3.48,+30.389,+19.160,+0.987
1631404740,+3.48,+30.372,+19.263,+0.988
1631404800,+3.48,+30.380,+19.301,+0.986
1631404860,+3.48,+30.372,+19.300,+0.984
1631404920,+3.48,+30.380,+19.313,+0.985
1631404980,+3.48,+30.372,+19.274,+0.985
1631405040,+3.48,+30.372,+19.279,+0.986
1631405100,+3.48,+30.337,+19.210,+0.984
1631405160,+3.48,+30.337,+19.158,+0.984
1631405220,+3.48,+30.303,+19.118,+0.985
1631405280,+3.48,+30.311,+19.109,+0.987
1631405340,+3.48,+30.294,+19.107,+0.986
1631405400,+3.48,+30.259,+19.149,+0.985
1631405460,+3.48,+30.242,+19.225,+0.987
1631405520,+3.48,+30.242,+19.195,+0.985
1631405580,+3.48,+30.234,+19.261,+0.987
1631405640,+3.48,+30.234,+19.329,+0.989
1631405700,+3.48,+30.225,+19.318,+0.987
1631405760,+3.48,+30.242,+19.296,+0.987
1631405820,+3.48,+30.234,+19.290,+0.986
1631405880,+3.48,+30.216,+19.312,+0.987
1631405940,+3.48,+30.216,+19.190,+0.984
1631406000,+3.48,+30.216,+19.182,+0.986
1631406060,+3.48,+30.190,+19.052,+0.984
1631406120,+3.48,+30.199,+19.035,+0.986
1631406180,+3.48,+30.190,+18.910,+0.986
1631406240,+3.48,+30.190,+18.874,+0.988
1631406300,+3.48,+30.164,+18.669,+0.985
1631406360,+3.48,+30.156,+18.565,+0.986
1631406420,+3.48,+30.156,+18.355,+0.984
1631406480,+3.48,+30.138,+18.205,+0.984
1631406540,+3.48,+30.156,+18.021,+0.985
1631406600,+3.48,+30.147,+17.790,+0.984
1631406660,+3.48,+30.138,+17.653,+0.986
1631406720,+3.48,+30.138,+17.457,+0.985
1631406780,+3.48,+30.147,+17.275,+0.984
1631406840,+3.48,+30.138,+17.122,+0.984
1631406900,+3.48,+30.147,+16.996,+0.984
1631406960,+3.48,+30.138,+16.898,+0.985
1631407020,+3.48,+30.130,+16.781,+0.984
1631407080,+3.48,+30.121,+16.653,+0.982
1631407140,+3.48,+30.130,+16.550,+0.984
1631407200,+3.48,+30.113,+16.411,+0.985
1631407260,+3.48,+30.095,+16.214,+0.983
1631407320,+3.48,+30.095,+16.050,+0.983
1631407380,+3.48,+30.095,+15.854,+0.983
1631407440,+3.48,+30.078,+15.658,+0.982
1631407500,+3.48,+30.069,+15.499,+0.981
1631407560,+3.48,+30.069,+15.370,+0.982
1631407620,+3.48,+30.052,+15.312,+0.985
1631407680,+3.48,+30.043,+15.131,+0.981
1631407740,+3.48,+30.061,+15.006,+0.980
1631407800,+3.48,+30.052,+14.926,+0.980
1631407860,+3.48,+30.018,+14.906,+0.982
1631407920,+3.48,+30.035,+14.737,+0.979
1631407980,+3.48,+30.026,+14.679,+0.980
1631408040,+3.48,+30.043,+14.572,+0.978
1631408100,+3.48,+30.026,+14.565,+0.980
1631408160,+3.48,+30.009,+14.471,+0.979
1631408220,+3.48,+30.026,+14.428,+0.979
1631408280,+3.48,+30.009,+14.360,+0.979
1631408340,+3.48,+29.983,+14.285,+0.978
1631408400,+3.48,+29.992,+14.245,+0.978
1631408460,+3.48,+29.974,+14.253,+0.978
1631408520,+3.48,+29.974,+14.281,+0.979
1631408580,+3.48,+29.957,+14.265,+0.979
1631408640,+3.48,+29.931,+14.157,+0.978
1631408700,+3.48,+29.923,+14.047,+0.978
1631408760,+3.48,+29.931,+13.930,+0.978
1631408820,+3.48,+29.905,+13.822,+0.978
1631408880,+3.48,+29.880,+13.698,+0.977
1631408940,+3.48,+29.880,+13.584,+0.977
