7450-387970
OS REV: 1.05 Sensor Cal: 1615486469
Time (sec),  BV (Volts),  T (deg C),  DO (mg/l),  Q ()
1629682980,+3.47,+32.577,+21.257,+0.984
1629683040,+3.47,+32.577,+21.228,+0.986
1629683100,+3.47,+32.568,+21.151,+0.984
1629683160,+3.47,+32.603,+21.040,+0.984
1629683220,+3.47,+32.603,+20.915,+0.982
1629683280,+3.47,+32.612,+20.572,+0.984
1629683340,+3.47,+32.595,+20.950,+0.983
1629683400,+3.47,+32.630,+21.537,+0.984
1629683460,+3.47,+32.612,+21.448,+0.984
1629683520,+3.47,+32.621,+21.296,+0.983
1629683580,+3.47,+32.612,+21.070,+0.983
1629683640,+3.47,+32.630,+21.154,+0.982
1629683700,+3.47,+32.647,+20.903,+0.984
1629683760,+3.47,+32.621,+20.641,+0.982
1629683820,+3.47,+32.612,+20.593,+0.984
1629683880,+3.47,+32.612,+20.789,+0.984
1629683940,+3.47,+32.603,+20.952,+0.983
1629684000,+3.47,+32.603,+21.098,+0.983
1629684060,+3.47,+32.621,+21.543,+0.985
1629684120,+3.47,+32.612,+21.434,+0.988
1629684180,+3.47,+32.577,+21.706,+0.983
1629684240,+3.47,+32.577,+21.859,+0.984
1629684300,+3.47,+32.621,+21.854,+0.985
1629684360,+3.47,+32.621,+21.677,+0.986
1629684420,+3.47,+32.621,+21.372,+0.982
1629684480,+3.47,+32.630,+21.367,+0.985
1629684540,+3.47,+32.595,+21.207,+0.982
1629684600,+3.47,+32.595,+21.389,+0.983
1629684660,+3.47,+32.586,+21.442,+0.985
1629684720,+3.47,+32.612,+21.318,+0.985
1629684780,+3.47,+32.603,+21.346,+0.985
1629684840,+3.47,+32.612,+21.182,+0.984
1629684900,+3.47,+32.612,+21.079,+0.985
1629684960,+3.47,+32.603,+21.293,+0.984
1629685020,+3.47,+32.621,+21.087,+0.984
1629685080,+3.47,+32.612,+20.960,+0.982
1629685140,+3.47,+32.612,+20.975,+0.983
1629685200,+3.47,+32.612,+21.132,+0.987
1629685260,+3.47,+32.612,+20.962,+0.985
1629685320,+3.47,+32.621,+20.927,+0.984
1629685380,+3.47,+32.603,+20.922,+0.982
1629685440,+3.47,+32.586,+21.021,+0.983
1629685500,+3.47,+32.603,+21.011,+0.985
1629685560,+3.47,+32.595,+20.757,+0.984
1629685620,+3.47,+32.603,+20.500,+0.982
1629685680,+3.47,+32.639,+20.392,+0.983
1629685740,+3.47,+32.647,+20.511,+0.985
1629685800,+3.47,+32.639,+20.557,+0.985
1629685860,+3.47,+32.682,+20.211,+0.983
1629685920,+3.47,+32.682,+20.097,+0.985
1629685980,+3.47,+32.682,+19.799,+0.983
1629686040,+3.47,+32.709,+19.657,+0.984
1629686100,+3.47,+32.709,+19.431,+0.983
1629686160,+3.47,+32.700,+19.248,+0.983
1629686220,+3.47,+32.718,+19.269,+0.984
1629686280,+3.47,+32.735,+19.311,+0.984
1629686340,+3.47,+32.735,+19.400,+0.984
1629686400,+3.47,+32.753,+19.449,+0.981
1629686460,+3.47,+32.770,+19.393,+0.985
1629686520,+3.47,+32.762,+19.351,+0.985
1629686580,+3.47,+32.753,+19.308,+0.985
1629686640,+3.47,+32.779,+19.271,+0.983
1629686700,+3.47,+32.814,+18.983,+0.986
1629686760,+3.47,+32.788,+18.711,+0.985
1629686820,+3.47,+32.806,+18.246,+0.983
1629686880,+3.47,+32.797,+17.706,+0.983
1629686940,+3.47,+32.823,+17.115,+0.983
1629687000,+3.47,+32.841,+16.756,+0.983
1629687060,+3.47,+32.858,+16.288,+0.984
1629687120,+3.47,+32.858,+15.820,+0.983
1629687180,+3.47,+32.867,+15.518,+0.984
1629687240,+3.47,+32.858,+15.273,+0.984
1629687300,+3.47,+32.858,+15.130,+0.983
1629687360,+3.47,+32.832,+15.327,+0.982
1629687420,+3.47,+32.841,+15.430,+0.983
1629687480,+3.47,+32.841,+15.186,+0.982
1629687540,+3.47,+32.823,+15.048,+0.984
1629687600,+3.47,+32.832,+14.996,+0.984
1629687660,+3.47,+32.832,+15.150,+0.984
1629687720,+3.47,+32.788,+15.478,+0.983
1629687780,+3.47,+32.797,+15.458,+0.983
1629687840,+3.47,+32.788,+15.500,+0.983
1629687900,+3.47,+32.788,+15.775,+0.982
1629687960,+3.47,+32.779,+15.949,+0.983
1629688020,+3.47,+32.770,+15.815,+0.984
1629688080,+3.47,+32.779,+15.512,+0.983
1629688140,+3.47,+32.779,+15.405,+0.985
1629688200,+3.47,+32.770,+15.431,+0.984
1629688260,+3.47,+32.753,+15.356,+0.983
1629688320,+3.47,+32.762,+15.288,+0.983
1629688380,+3.47,+32.718,+15.636,+0.985
1629688440,+3.47,+32.735,+15.596,+0.983
1629688500,+3.47,+32.709,+15.408,+0.984
1629688560,+3.47,+32.726,+15.315,+0.986
1629688620,+3.47,+32.700,+15.161,+0.983
1629688680,+3.47,+32.700,+15.223,+0.985
1629688740,+3.47,+32.709,+15.164,+0.984
1629688800,+3.47,+32.691,+15.146,+0.985
1629688860,+3.47,+32.682,+14.911,+0.984
1629688920,+3.47,+32.665,+14.743,+0.983
1629688980,+3.47,+32.665,+14.683,+0.983
1629689040,+3.47,+32.647,+14.546,+0.984
1629689100,+3.47,+32.647,+14.501,+0.984
1629689160,+3.47,+32.639,+14.374,+0.982
1629689220,+3.47,+32.630,+14.350,+0.982
1629689280,+3.47,+32.603,+14.285,+0.983
1629689340,+3.47,+32.603,+14.369,+0.984
1629689400,+3.47,+32.595,+14.371,+0.984
1629689460,+3.47,+32.516,+15.229,+0.984
1629689520,+3.47,+32.480,+15.057,+0.983
1629689580,+3.47,+32.472,+14.858,+0.984
1629689640,+3.47,+32.480,+14.602,+0.985
1629689700,+3.47,+32.480,+14.317,+0.985
1629689760,+3.47,+32.480,+13.970,+0.982
1629689820,+3.47,+32.480,+13.924,+0.985
1629689880,+3.47,+32.489,+13.833,+0.984
1629689940,+3.47,+32.489,+13.707,+0.983
1629690000,+3.47,+32.480,+13.850,+0.985
1629690060,+3.47,+32.472,+13.867,+0.983
1629690120,+3.47,+32.489,+13.879,+0.985
1629690180,+3.47,+32.472,+14.048,+0.982
1629690240,+3.47,+32.463,+14.064,+0.983
1629690300,+3.47,+32.454,+14.253,+0.984
1629690360,+3.47,+32.463,+14.357,+0.985
1629690420,+3.47,+32.428,+14.564,+0.983
1629690480,+3.47,+32.428,+14.787,+0.984
1629690540,+3.47,+32.410,+14.820,+0.983
1629690600,+3.47,+32.401,+14.919,+0.986
1629690660,+3.47,+32.401,+14.924,+0.985
1629690720,+3.47,+32.384,+15.011,+0.986
1629690780,+3.47,+32.384,+15.086,+0.984
1629690840,+3.47,+32.393,+15.114,+0.985
1629690900,+3.47,+32.366,+15.135,+0.984
1629690960,+3.47,+32.349,+15.170,+0.986
1629691020,+3.47,+32.358,+15.049,+0.985
1629691080,+3.47,+32.340,+14.993,+0.985
1629691140,+3.47,+32.331,+14.906,+0.983
1629691200,+3.47,+32.323,+14.850,+0.984
1629691260,+3.47,+32.314,+14.790,+0.985
1629691320,+3.47,+32.296,+15.070,+0.986
1629691380,+3.47,+32.279,+15.188,+0.985
1629691440,+3.48,+32.287,+15.275,+0.985
1629691500,+3.48,+32.287,+15.225,+0.985
1629691560,+3.48,+32.261,+15.237,+0.984
1629691620,+3.48,+32.261,+15.175,+0.986
1629691680,+3.48,+32.252,+14.957,+0.985
1629691740,+3.48,+32.235,+14.955,+0.984
1629691800,+3.48,+32.235,+15.001,+0.983
1629691860,+3.47,+32.217,+14.992,+0.984
1629691920,+3.47,+32.200,+14.912,+0.985
1629691980,+3.48,+32.200,+14.789,+0.983
1629692040,+3.47,+32.182,+14.699,+0.984
1629692100,+3.47,+32.182,+14.701,+0.985
1629692160,+3.48,+32.174,+14.639,+0.985
1629692220,+3.48,+32.165,+14.756,+0.986
1629692280,+3.48,+32.165,+14.739,+0.985
1629692340,+3.48,+32.156,+14.707,+0.985
1629692400,+3.48,+32.147,+14.639,+0.985
1629692460,+3.48,+32.139,+14.551,+0.985
1629692520,+3.48,+32.139,+14.624,+0.984
1629692580,+3.48,+32.121,+14.625,+0.985
1629692640,+3.48,+32.121,+14.543,+0.985
1629692700,+3.48,+32.103,+14.487,+0.984
1629692760,+3.48,+32.077,+14.420,+0.984
1629692820,+3.47,+32.077,+14.299,+0.985
1629692880,+3.48,+32.077,+14.315,+0.984
1629692940,+3.48,+32.060,+14.209,+0.985
1629693000,+3.48,+32.068,+14.105,+0.985
1629693060,+3.48,+32.051,+13.994,+0.985
1629693120,+3.48,+32.060,+14.083,+0.985
1629693180,+3.48,+32.051,+14.000,+0.985
1629693240,+3.48,+32.051,+14.047,+0.985
1629693300,+3.47,+32.033,+13.942,+0.986
1629693360,+3.47,+32.016,+13.688,+0.984
1629693420,+3.47,+32.016,+13.711,+0.985
1629693480,+3.47,+31.990,+13.752,+0.983
1629693540,+3.47,+32.016,+13.921,+0.985
1629693600,+3.47,+31.990,+13.816,+0.984
1629693660,+3.47,+31.990,+13.616,+0.985
1629693720,+3.47,+31.972,+13.428,+0.985
1629693780,+3.47,+31.972,+13.721,+0.986
1629693840,+3.47,+31.955,+14.135,+0.985
1629693900,+3.47,+31.946,+14.051,+0.985
1629693960,+3.47,+31.946,+13.936,+0.986
1629694020,+3.47,+31.946,+13.784,+0.984
1629694080,+3.47,+31.928,+13.747,+0.985
1629694140,+3.47,+31.920,+13.698,+0.985
1629694200,+3.47,+31.928,+13.683,+0.986
1629694260,+3.47,+31.911,+13.643,+0.986
1629694320,+3.47,+31.902,+13.805,+0.984
1629694380,+3.47,+31.885,+13.973,+0.985
1629694440,+3.47,+31.876,+13.593,+0.985
1629694500,+3.47,+31.867,+13.608,+0.985
1629694560,+3.47,+31.859,+13.481,+0.985
1629694620,+3.47,+31.850,+13.609,+0.986
1629694680,+3.47,+31.841,+13.707,+0.985
1629694740,+3.47,+31.841,+13.577,+0.985
1629694800,+3.47,+31.832,+13.534,+0.985
1629694860,+3.47,+31.832,+13.602,+0.985
1629694920,+3.47,+31.832,+13.552,+0.985
1629694980,+3.47,+31.815,+13.735,+0.986
1629695040,+3.47,+31.806,+13.842,+0.984
1629695100,+3.47,+31.789,+14.017,+0.986
1629695160,+3.47,+31.806,+13.804,+0.985
1629695220,+3.47,+31.780,+13.788,+0.986
1629695280,+3.47,+31.771,+13.730,+0.985
1629695340,+3.47,+31.789,+13.481,+0.986
1629695400,+3.47,+31.762,+13.378,+0.984
1629695460,+3.47,+31.771,+13.274,+0.985
1629695520,+3.47,+31.745,+13.292,+0.987
1629695580,+3.47,+31.745,+13.205,+0.984
1629695640,+3.47,+31.736,+13.441,+0.985
1629695700,+3.47,+31.728,+13.731,+0.985
1629695760,+3.47,+31.719,+14.071,+0.986
1629695820,+3.47,+31.701,+14.070,+0.985
1629695880,+3.47,+31.719,+14.126,+0.986
1629695940,+3.47,+31.701,+14.215,+0.986
1629696000,+3.47,+31.675,+14.047,+0.985
1629696060,+3.47,+31.701,+13.922,+0.985
1629696120,+3.47,+31.693,+13.861,+0.986
1629696180,+3.47,+31.675,+13.912,+0.984
1629696240,+3.47,+31.675,+14.061,+0.986
1629696300,+3.47,+31.640,+13.932,+0.985
1629696360,+3.47,+31.632,+13.945,+0.985
1629696420,+3.47,+31.640,+14.043,+0.985
1629696480,+3.47,+31.632,+14.313,+0.986
1629696540,+3.47,+31.623,+14.229,+0.984
1629696600,+3.47,+31.632,+14.201,+0.984
1629696660,+3.47,+31.597,+14.299,+0.987
1629696720,+3.47,+31.614,+14.336,+0.986
1629696780,+3.47,+31.588,+14.578,+0.985
1629696840,+3.47,+31.579,+14.498,+0.985
1629696900,+3.47,+31.562,+14.510,+0.987
1629696960,+3.47,+31.570,+14.331,+0.984
1629697020,+3.47,+31.553,+14.374,+0.984
1629697080,+3.47,+31.562,+14.367,+0.986
1629697140,+3.47,+31.544,+14.261,+0.986
1629697200,+3.47,+31.536,+14.168,+0.986
1629697260,+3.47,+31.536,+14.057,+0.986
1629697320,+3.47,+31.536,+14.027,+0.985
1629697380,+3.47,+31.509,+13.953,+0.987
1629697440,+3.47,+31.501,+13.879,+0.985
1629697500,+3.47,+31.518,+13.801,+0.986
1629697560,+3.47,+31.518,+13.759,+0.987
1629697620,+3.47,+31.501,+13.701,+0.987
1629697680,+3.47,+31.509,+13.663,+0.986
1629697740,+3.47,+31.492,+13.723,+0.986
1629697800,+3.47,+31.483,+13.733,+0.986
1629697860,+3.47,+31.492,+13.705,+0.985
1629697920,+3.47,+31.466,+13.748,+0.987
1629697980,+3.47,+31.466,+13.580,+0.986
1629698040,+3.47,+31.457,+13.667,+0.985
1629698100,+3.47,+31.457,+13.672,+0.985
1629698160,+3.47,+31.440,+13.578,+0.985
1629698220,+3.47,+31.440,+13.628,+0.986
1629698280,+3.47,+31.440,+13.557,+0.985
1629698340,+3.47,+31.422,+13.439,+0.985
1629698400,+3.47,+31.422,+13.455,+0.985
1629698460,+3.47,+31.396,+13.266,+0.986
1629698520,+3.47,+31.387,+13.324,+0.987
1629698580,+3.47,+31.405,+13.368,+0.983
1629698640,+3.47,+31.361,+13.378,+0.986
1629698700,+3.47,+31.379,+13.357,+0.986
1629698760,+3.47,+31.379,+13.291,+0.986
1629698820,+3.47,+31.361,+13.370,+0.986
1629698880,+3.47,+31.379,+13.192,+0.985
1629698940,+3.47,+31.370,+13.256,+0.986
1629699000,+3.47,+31.353,+13.315,+0.986
1629699060,+3.47,+31.353,+13.183,+0.986
1629699120,+3.47,+31.353,+13.122,+0.986
1629699180,+3.47,+31.326,+13.087,+0.985
1629699240,+3.47,+31.318,+13.145,+0.986
1629699300,+3.47,+31.344,+13.268,+0.985
1629699360,+3.47,+31.318,+13.252,+0.986
1629699420,+3.47,+31.292,+13.122,+0.986
1629699480,+3.47,+31.300,+13.065,+0.985
1629699540,+3.47,+31.283,+12.847,+0.985
1629699600,+3.47,+31.283,+12.869,+0.986
1629699660,+3.47,+31.283,+13.074,+0.986
1629699720,+3.47,+31.274,+13.141,+0.986
1629699780,+3.47,+31.257,+13.112,+0.986
1629699840,+3.47,+31.257,+12.995,+0.986
1629699900,+3.47,+31.239,+12.907,+0.986
1629699960,+3.47,+31.239,+12.711,+0.986
1629700020,+3.47,+31.222,+12.734,+0.985
1629700080,+3.47,+31.231,+12.876,+0.986
1629700140,+3.47,+31.231,+12.851,+0.986
1629700200,+3.47,+31.231,+12.872,+0.985
1629700260,+3.47,+31.213,+12.925,+0.987
1629700320,+3.47,+31.213,+12.889,+0.985
1629700380,+3.47,+31.196,+12.785,+0.985
1629700440,+3.47,+31.187,+12.896,+0.986
1629700500,+3.47,+31.179,+12.668,+0.984
1629700560,+3.47,+31.179,+12.634,+0.985
1629700620,+3.48,+31.170,+12.793,+0.986
1629700680,+3.47,+31.161,+12.737,+0.986
1629700740,+3.47,+31.161,+12.716,+0.986
1629700800,+3.47,+31.161,+12.803,+0.986
1629700860,+3.47,+31.170,+12.868,+0.985
1629700920,+3.47,+31.135,+12.847,+0.987
1629700980,+3.48,+31.144,+12.782,+0.986
1629701040,+3.48,+31.118,+12.703,+0.986
1629701100,+3.47,+31.118,+12.565,+0.986
1629701160,+3.47,+31.126,+12.584,+0.986
1629701220,+3.48,+31.109,+12.644,+0.986
1629701280,+3.48,+31.109,+12.714,+0.985
1629701340,+3.47,+31.100,+12.685,+0.985
1629701400,+3.47,+31.065,+12.583,+0.985
1629701460,+3.48,+31.083,+12.560,+0.987
1629701520,+3.48,+31.065,+12.305,+0.985
1629701580,+3.47,+31.074,+12.245,+0.986
1629701640,+3.48,+31.057,+12.358,+0.985
1629701700,+3.48,+31.048,+12.441,+0.984
1629701760,+3.47,+31.031,+12.496,+0.985
1629701820,+3.48,+31.048,+12.402,+0.986
1629701880,+3.48,+31.022,+12.277,+0.986
1629701940,+3.48,+31.013,+12.284,+0.986
1629702000,+3.47,+30.996,+12.474,+0.986
1629702060,+3.48,+31.005,+12.519,+0.986
1629702120,+3.48,+31.005,+12.492,+0.986
1629702180,+3.48,+30.996,+12.412,+0.985
1629702240,+3.47,+30.979,+12.341,+0.986
1629702300,+3.48,+30.979,+12.309,+0.985
1629702360,+3.47,+30.970,+12.247,+0.986
1629702420,+3.47,+30.961,+12.255,+0.984
1629702480,+3.48,+30.970,+12.364,+0.985
1629702540,+3.48,+30.970,+12.334,+0.987
1629702600,+3.48,+30.961,+12.172,+0.987
1629702660,+3.47,+30.944,+11.998,+0.986
1629702720,+3.47,+30.935,+11.972,+0.985
1629702780,+3.48,+30.953,+12.031,+0.986
1629702840,+3.47,+30.927,+12.102,+0.985
1629702900,+3.47,+30.927,+12.083,+0.985
1629702960,+3.47,+30.927,+12.075,+0.987
1629703020,+3.47,+30.918,+12.120,+0.986
1629703080,+3.47,+30.918,+12.022,+0.985
1629703140,+3.47,+30.900,+12.014,+0.987
1629703200,+3.47,+30.909,+12.125,+0.985
1629703260,+3.47,+30.909,+12.150,+0.986
1629703320,+3.47,+30.874,+12.077,+0.986
1629703380,+3.47,+30.900,+12.015,+0.987
1629703440,+3.47,+30.883,+12.007,+0.984
1629703500,+3.47,+30.874,+11.998,+0.986
1629703560,+3.47,+30.857,+12.036,+0.986
1629703620,+3.47,+30.848,+12.073,+0.987
1629703680,+3.47,+30.857,+11.951,+0.985
1629703740,+3.47,+30.840,+12.047,+0.986
1629703800,+3.47,+30.857,+11.949,+0.986
1629703860,+3.47,+30.840,+11.693,+0.986
1629703920,+3.47,+30.822,+11.451,+0.986
1629703980,+3.47,+30.814,+11.352,+0.987
1629704040,+3.47,+30.822,+11.386,+0.985
1629704100,+3.47,+30.805,+11.461,+0.985
1629704160,+3.47,+30.805,+11.474,+0.985
1629704220,+3.47,+30.796,+11.583,+0.986
1629704280,+3.47,+30.805,+11.751,+0.985
1629704340,+3.47,+30.796,+11.764,+0.988
1629704400,+3.47,+30.779,+11.778,+0.986
1629704460,+3.47,+30.788,+11.744,+0.985
1629704520,+3.47,+30.762,+11.832,+0.986
1629704580,+3.47,+30.762,+11.890,+0.986
1629704640,+3.47,+30.753,+11.775,+0.985
1629704700,+3.47,+30.744,+11.755,+0.986
1629704760,+3.47,+30.736,+11.723,+0.986
1629704820,+3.47,+30.727,+11.647,+0.986
1629704880,+3.47,+30.744,+11.513,+0.986
1629704940,+3.47,+30.736,+11.556,+0.986
1629705000,+3.47,+30.710,+11.440,+0.985
1629705060,+3.47,+30.710,+11.491,+0.985
1629705120,+3.47,+30.692,+11.475,+0.985
1629705180,+3.47,+30.710,+11.388,+0.985
1629705240,+3.47,+30.692,+11.240,+0.988
1629705300,+3.47,+30.692,+11.329,+0.986
1629705360,+3.47,+30.692,+11.439,+0.985
1629705420,+3.47,+30.684,+11.369,+0.986
1629705480,+3.47,+30.666,+11.305,+0.985
1629705540,+3.47,+30.675,+11.134,+0.986
1629705600,+3.47,+30.666,+11.101,+0.986
1629705660,+3.47,+30.684,+11.035,+0.986
1629705720,+3.47,+30.649,+11.106,+0.986
1629705780,+3.47,+30.649,+11.041,+0.985
1629705840,+3.47,+30.649,+11.059,+0.986
1629705900,+3.47,+30.632,+10.922,+0.985
1629705960,+3.47,+30.632,+11.164,+0.985
1629706020,+3.47,+30.623,+11.133,+0.986
1629706080,+3.47,+30.632,+11.097,+0.985
1629706140,+3.47,+30.632,+10.796,+0.984
1629706200,+3.47,+30.623,+10.627,+0.985
1629706260,+3.47,+30.606,+10.660,+0.985
1629706320,+3.47,+30.606,+10.494,+0.985
1629706380,+3.47,+30.597,+10.530,+0.986
1629706440,+3.47,+30.597,+10.600,+0.985
1629706500,+3.47,+30.597,+10.690,+0.986
1629706560,+3.47,+30.580,+10.874,+0.986
1629706620,+3.47,+30.571,+10.774,+0.984
1629706680,+3.47,+30.580,+10.821,+0.986
1629706740,+3.47,+30.580,+10.971,+0.985
1629706800,+3.47,+30.562,+10.848,+0.986
1629706860,+3.47,+30.571,+10.550,+0.985
1629706920,+3.47,+30.554,+10.408,+0.986
1629706980,+3.47,+30.554,+10.535,+0.986
1629707040,+3.47,+30.536,+10.543,+0.985
1629707100,+3.47,+30.536,+10.384,+0.986
1629707160,+3.47,+30.528,+10.161,+0.985
1629707220,+3.47,+30.510,+10.089,+0.986
1629707280,+3.47,+30.528,+10.288,+0.986
1629707340,+3.47,+30.519,+10.053,+0.985
1629707400,+3.47,+30.519,+10.046,+0.986
1629707460,+3.47,+30.510,+10.233,+0.985
1629707520,+3.47,+30.510,+10.130,+0.986
1629707580,+3.47,+30.510,+10.137,+0.985
1629707640,+3.47,+30.493,+10.174,+0.986
1629707700,+3.47,+30.476,+10.279,+0.987
1629707760,+3.47,+30.476,+10.212,+0.985
1629707820,+3.47,+30.476,+10.294,+0.986
1629707880,+3.47,+30.467,+10.322,+0.984
1629707940,+3.47,+30.458,+10.430,+0.985
1629708000,+3.47,+30.441,+10.226,+0.986
1629708060,+3.47,+30.450,+10.121,+0.986
1629708120,+3.47,+30.450,+10.009,+0.985
1629708180,+3.47,+30.432,+10.015,+0.986
1629708240,+3.47,+30.432, +9.955,+0.985
1629708300,+3.47,+30.424, +9.913,+0.986
1629708360,+3.47,+30.424,+10.036,+0.985
1629708420,+3.47,+30.424,+10.122,+0.986
1629708480,+3.47,+30.406,+10.125,+0.986
1629708540,+3.47,+30.415,+10.010,+0.986
1629708600,+3.47,+30.398,+10.186,+0.985
1629708660,+3.47,+30.389,+10.241,+0.985
1629708720,+3.47,+30.389,+10.027,+0.985
1629708780,+3.47,+30.398, +9.995,+0.987
1629708840,+3.47,+30.389,+10.038,+0.986
1629708900,+3.47,+30.380, +9.953,+0.986
1629708960,+3.47,+30.372,+10.045,+0.987
1629709020,+3.47,+30.372, +9.945,+0.985
1629709080,+3.47,+30.363, +9.879,+0.986
1629709140,+3.47,+30.372, +9.756,+0.985
1629709200,+3.47,+30.346, +9.880,+0.986
1629709260,+3.47,+30.363, +9.791,+0.985
1629709320,+3.47,+30.346, +9.802,+0.986
1629709380,+3.47,+30.337, +9.705,+0.985
1629709440,+3.47,+30.329, +9.697,+0.984
1629709500,+3.47,+30.337, +9.712,+0.986
1629709560,+3.47,+30.329, +9.655,+0.985
1629709620,+3.47,+30.329, +9.459,+0.985
1629709680,+3.47,+30.329, +9.350,+0.985
1629709740,+3.47,+30.329, +9.413,+0.986
1629709800,+3.47,+30.311, +9.445,+0.985
1629709860,+3.47,+30.311, +9.605,+0.986
1629709920,+3.47,+30.303, +9.465,+0.985
1629709980,+3.47,+30.285, +9.484,+0.985
1629710040,+3.47,+30.285, +9.337,+0.985
1629710100,+3.47,+30.285, +9.585,+0.985
1629710160,+3.47,+30.259, +9.543,+0.986
1629710220,+3.47,+30.277, +9.386,+0.985
1629710280,+3.47,+30.277, +9.667,+0.987
1629710340,+3.47,+30.259, +9.435,+0.985
1629710400,+3.47,+30.259, +9.402,+0.985
1629710460,+3.47,+30.268, +9.463,+0.985
1629710520,+3.47,+30.251, +9.476,+0.986
1629710580,+3.47,+30.242, +9.158,+0.986
1629710640,+3.47,+30.251, +9.027,+0.985
1629710700,+3.47,+30.259, +9.088,+0.986
1629710760,+3.47,+30.225, +8.993,+0.985
1629710820,+3.47,+30.242, +9.020,+0.985
1629710880,+3.47,+30.225, +9.314,+0.985
1629710940,+3.47,+30.225, +9.261,+0.985
1629711000,+3.47,+30.234, +9.502,+0.985
1629711060,+3.47,+30.199, +9.484,+0.986
1629711120,+3.47,+30.225, +9.396,+0.985
1629711180,+3.47,+30.208, +9.384,+0.985
1629711240,+3.47,+30.225, +9.540,+0.986
1629711300,+3.47,+30.199, +9.627,+0.984
1629711360,+3.47,+30.182, +9.274,+0.985
1629711420,+3.47,+30.182, +9.035,+0.985
1629711480,+3.47,+30.190, +8.815,+0.985
1629711540,+3.47,+30.182, +8.826,+0.985
1629711600,+3.47,+30.173, +9.205,+0.984
1629711660,+3.47,+30.156, +8.923,+0.985
1629711720,+3.47,+30.164, +8.842,+0.985
1629711780,+3.47,+30.164, +8.937,+0.985
1629711840,+3.47,+30.138, +8.952,+0.984
1629711900,+3.47,+30.147, +8.942,+0.984
1629711960,+3.47,+30.138, +8.928,+0.984
1629712020,+3.47,+30.147, +8.829,+0.984
1629712080,+3.47,+30.121, +8.978,+0.984
1629712140,+3.47,+30.130, +8.875,+0.984
1629712200,+3.47,+30.130, +8.824,+0.985
1629712260,+3.47,+30.130, +8.871,+0.985
1629712320,+3.47,+30.113, +9.057,+0.985
1629712380,+3.47,+30.104, +8.851,+0.984
1629712440,+3.47,+30.113, +8.783,+0.983
1629712500,+3.47,+30.113, +8.837,+0.983
1629712560,+3.47,+30.095, +8.903,+0.986
1629712620,+3.47,+30.087, +8.906,+0.984
1629712680,+3.47,+30.095, +8.927,+0.984
1629712740,+3.47,+30.095, +8.834,+0.984
1629712800,+3.47,+30.069, +8.781,+0.984
1629712860,+3.47,+30.078, +8.741,+0.985
1629712920,+3.47,+30.087, +8.572,+0.984
1629712980,+3.47,+30.061, +8.433,+0.985
1629713040,+3.47,+30.069, +8.436,+0.984
1629713100,+3.47,+30.069, +8.392,+0.983
1629713160,+3.47,+30.061, +8.014,+0.984
1629713220,+3.47,+30.061, +8.039,+0.984
1629713280,+3.47,+30.061, +8.111,+0.984
1629713340,+3.47,+30.052, +8.146,+0.984
1629713400,+3.47,+30.043, +8.246,+0.984
1629713460,+3.47,+30.052, +8.218,+0.985
1629713520,+3.47,+30.043, +8.331,+0.984
1629713580,+3.47,+30.035, +8.277,+0.984
1629713640,+3.47,+30.043, +8.041,+0.984
1629713700,+3.47,+30.026, +7.826,+0.985
1629713760,+3.47,+30.035, +7.799,+0.984
1629713820,+3.47,+30.026, +7.690,+0.985
1629713880,+3.47,+30.035, +7.564,+0.985
1629713940,+3.47,+30.035, +7.570,+0.984
1629714000,+3.47,+30.009, +7.787,+0.984
1629714060,+3.47,+30.000, +7.634,+0.985
1629714120,+3.47,+30.000, +7.706,+0.985
1629714180,+3.47,+30.009, +7.643,+0.984
1629714240,+3.47,+30.009, +7.633,+0.984
1629714300,+3.47,+30.000, +7.687,+0.984
1629714360,+3.47,+30.009, +7.552,+0.984
1629714420,+3.47,+29.992, +7.427,+0.984
1629714480,+3.47,+29.974, +7.582,+0.985
1629714540,+3.47,+29.983, +7.532,+0.984
1629714600,+3.47,+30.000, +7.351,+0.985
1629714660,+3.47,+29.974, +7.510,+0.985
1629714720,+3.47,+29.974, +7.639,+0.984
1629714780,+3.47,+29.966, +7.668,+0.984
1629714840,+3.47,+29.974, +7.644,+0.984
1629714900,+3.47,+29.974, +7.497,+0.984
1629714960,+3.47,+29.974, +7.392,+0.985
1629715020,+3.47,+29.966, +7.117,+0.985
1629715080,+3.47,+29.957, +7.100,+0.984
1629715140,+3.47,+29.949, +6.844,+0.984
1629715200,+3.47,+29.949, +7.040,+0.985
1629715260,+3.47,+29.957, +6.805,+0.984
1629715320,+3.47,+29.949, +6.911,+0.984
1629715380,+3.47,+29.949, +7.022,+0.983
1629715440,+3.47,+29.931, +7.097,+0.983
1629715500,+3.47,+29.940, +7.000,+0.984
1629715560,+3.47,+29.914, +6.828,+0.984
1629715620,+3.47,+29.931, +6.839,+0.982
1629715680,+3.47,+29.940, +6.748,+0.983
1629715740,+3.47,+29.931, +6.584,+0.984
1629715800,+3.47,+29.914, +6.404,+0.982
1629715860,+3.47,+29.914, +6.444,+0.982
1629715920,+3.47,+29.914, +6.566,+0.982
1629715980,+3.47,+29.923, +6.677,+0.983
1629716040,+3.47,+29.905, +6.623,+0.983
1629716100,+3.47,+29.923, +6.444,+0.982
1629716160,+3.47,+29.905, +6.268,+0.983
1629716220,+3.47,+29.897, +5.861,+0.982
1629716280,+3.47,+29.888, +5.715,+0.982
1629716340,+3.47,+29.880, +6.022,+0.984
1629716400,+3.47,+29.888, +5.947,+0.984
1629716460,+3.47,+29.880, +6.216,+0.983
1629716520,+3.47,+29.888, +5.972,+0.984
1629716580,+3.47,+29.871, +5.640,+0.982
1629716640,+3.47,+29.862, +5.679,+0.984
1629716700,+3.47,+29.862, +5.390,+0.983
1629716760,+3.47,+29.862, +5.216,+0.980
1629716820,+3.47,+29.854, +5.563,+0.983
1629716880,+3.47,+29.862, +5.581,+0.983
1629716940,+3.47,+29.854, +5.537,+0.984
1629717000,+3.47,+29.845, +5.609,+0.984
1629717060,+3.47,+29.836, +5.381,+0.984
1629717120,+3.47,+29.854, +5.369,+0.983
1629717180,+3.47,+29.845, +5.482,+0.983
1629717240,+3.47,+29.836, +5.605,+0.981
1629717300,+3.47,+29.828, +5.910,+0.982
1629717360,+3.47,+29.819, +5.882,+0.983
1629717420,+3.47,+29.845, +5.725,+0.983
1629717480,+3.47,+29.811, +5.742,+0.983
1629717540,+3.47,+29.819, +6.029,+0.982
1629717600,+3.47,+29.819, +6.049,+0.983
1629717660,+3.47,+29.793, +5.896,+0.982
1629717720,+3.47,+29.785, +5.869,+0.984
1629717780,+3.47,+29.793, +5.850,+0.984
1629717840,+3.47,+29.793, +5.852,+0.983
1629717900,+3.47,+29.793, +5.794,+0.983
1629717960,+3.47,+29.785, +5.493,+0.984
1629718020,+3.47,+29.793, +5.398,+0.983
1629718080,+3.47,+29.785, +5.443,+0.983
1629718140,+3.47,+29.785, +5.134,+0.983
1629718200,+3.47,+29.785, +5.005,+0.984
1629718260,+3.47,+29.776, +4.879,+0.983
1629718320,+3.47,+29.768, +4.854,+0.983
1629718380,+3.47,+29.776, +4.997,+0.983
1629718440,+3.47,+29.759, +4.917,+0.984
1629718500,+3.47,+29.759, +4.698,+0.984
1629718560,+3.47,+29.759, +4.726,+0.982
1629718620,+3.47,+29.759, +4.731,+0.982
1629718680,+3.47,+29.742, +4.520,+0.984
1629718740,+3.47,+29.750, +4.241,+0.984
1629718800,+3.47,+29.759, +4.014,+0.983
1629718860,+3.47,+29.742, +4.552,+0.982
1629718920,+3.47,+29.759, +4.474,+0.983
1629718980,+3.47,+29.750, +4.556,+0.984
1629719040,+3.47,+29.742, +4.820,+0.982
1629719100,+3.47,+29.742, +4.654,+0.982
1629719160,+3.47,+29.733, +4.997,+0.982
1629719220,+3.47,+29.733, +5.183,+0.983
1629719280,+3.47,+29.733, +5.063,+0.984
1629719340,+3.47,+29.724, +5.052,+0.982
1629719400,+3.47,+29.724, +5.203,+0.983
1629719460,+3.47,+29.707, +5.022,+0.983
1629719520,+3.47,+29.724, +4.962,+0.982
1629719580,+3.47,+29.699, +4.890,+0.983
1629719640,+3.47,+29.699, +4.786,+0.982
1629719700,+3.47,+29.699, +4.786,+0.982
1629719760,+3.47,+29.681, +4.666,+0.983
1629719820,+3.47,+29.707, +4.379,+0.982
1629719880,+3.47,+29.690, +4.512,+0.982
1629719940,+3.47,+29.690, +4.424,+0.983
1629720000,+3.47,+29.664, +4.501,+0.984
1629720060,+3.47,+29.664, +4.240,+0.983
1629720120,+3.47,+29.673, +4.475,+0.982
1629720180,+3.47,+29.664, +4.483,+0.982
1629720240,+3.47,+29.681, +5.110,+0.982
1629720300,+3.47,+29.664, +5.131,+0.983
1629720360,+3.47,+29.647, +4.963,+0.983
1629720420,+3.47,+29.647, +5.000,+0.981
1629720480,+3.47,+29.647, +4.834,+0.983
1629720540,+3.47,+29.647, +5.044,+0.982
1629720600,+3.47,+29.656, +4.852,+0.983
1629720660,+3.47,+29.638, +4.637,+0.983
1629720720,+3.47,+29.647, +4.396,+0.983
1629720780,+3.47,+29.630, +4.621,+0.982
1629720840,+3.47,+29.630, +4.645,+0.983
1629720900,+3.47,+29.604, +4.365,+0.983
1629720960,+3.47,+29.630, +4.352,+0.983
1629721020,+3.47,+29.621, +4.221,+0.983
1629721080,+3.47,+29.630, +4.050,+0.983
1629721140,+3.47,+29.613, +4.044,+0.982
1629721200,+3.47,+29.613, +3.992,+0.982
1629721260,+3.47,+29.613, +3.859,+0.983
1629721320,+3.47,+29.604, +3.865,+0.982
1629721380,+3.47,+29.613, +4.223,+0.982
1629721440,+3.47,+29.604, +4.007,+0.983
1629721500,+3.47,+29.613, +4.130,+0.983
1629721560,+3.47,+29.595, +4.175,+0.983
1629721620,+3.47,+29.595, +4.336,+0.984
1629721680,+3.47,+29.595, +4.216,+0.984
1629721740,+3.47,+29.578, +4.427,+0.984
1629721800,+3.47,+29.595, +4.458,+0.984
1629721860,+3.47,+29.561, +4.505,+0.984
1629721920,+3.47,+29.587, +4.304,+0.983
1629721980,+3.47,+29.569, +4.351,+0.983
1629722040,+3.47,+29.578, +4.189,+0.983
1629722100,+3.47,+29.561, +4.412,+0.983
1629722160,+3.47,+29.578, +4.251,+0.983
1629722220,+3.47,+29.569, +4.217,+0.983
1629722280,+3.47,+29.561, +4.080,+0.984
1629722340,+3.47,+29.552, +4.318,+0.983
1629722400,+3.47,+29.526, +4.456,+0.983
1629722460,+3.47,+29.535, +4.400,+0.984
1629722520,+3.47,+29.526, +4.541,+0.983
1629722580,+3.47,+29.535, +4.579,+0.983
1629722640,+3.47,+29.509, +4.662,+0.984
1629722700,+3.47,+29.526, +4.529,+0.984
1629722760,+3.47,+29.526, +4.347,+0.985
1629722820,+3.47,+29.509, +4.164,+0.985
1629722880,+3.47,+29.501, +4.329,+0.985
1629722940,+3.47,+29.509, +4.411,+0.985
1629723000,+3.47,+29.518, +4.242,+0.984
1629723060,+3.47,+29.501, +4.020,+0.985
1629723120,+3.47,+29.501, +3.679,+0.985
1629723180,+3.47,+29.492, +3.448,+0.984
1629723240,+3.47,+29.509, +3.482,+0.984
1629723300,+3.47,+29.501, +3.538,+0.984
1629723360,+3.47,+29.501, +3.419,+0.985
1629723420,+3.47,+29.518, +3.258,+0.985
1629723480,+3.47,+29.501, +3.092,+0.984
1629723540,+3.47,+29.509, +3.012,+0.984
1629723600,+3.47,+29.509, +2.996,+0.984
1629723660,+3.47,+29.518, +2.922,+0.985
1629723720,+3.47,+29.526, +2.896,+0.984
1629723780,+3.47,+29.509, +3.242,+0.982
1629723840,+3.47,+29.509, +3.433,+0.983
1629723900,+3.47,+29.509, +3.353,+0.984
1629723960,+3.47,+29.501, +3.731,+0.982
1629724020,+3.47,+29.501, +3.811,+0.983
1629724080,+3.47,+29.501, +4.162,+0.984
1629724140,+3.47,+29.509, +4.234,+0.984
1629724200,+3.47,+29.483, +4.232,+0.984
1629724260,+3.47,+29.492, +4.037,+0.984
1629724320,+3.47,+29.492, +3.849,+0.984
1629724380,+3.47,+29.501, +3.682,+0.984
1629724440,+3.47,+29.509, +3.812,+0.984
1629724500,+3.47,+29.501, +3.925,+0.984
1629724560,+3.47,+29.492, +3.750,+0.984
1629724620,+3.47,+29.492, +3.768,+0.983
1629724680,+3.47,+29.501, +3.692,+0.984
1629724740,+3.47,+29.501, +3.575,+0.984
1629724800,+3.47,+29.492, +3.500,+0.985
1629724860,+3.47,+29.501, +3.326,+0.985
1629724920,+3.47,+29.509, +3.176,+0.985
1629724980,+3.47,+29.509, +3.066,+0.985
1629725040,+3.47,+29.501, +2.907,+0.985
1629725100,+3.47,+29.509, +2.856,+0.985
1629725160,+3.47,+29.501, +2.765,+0.985
1629725220,+3.47,+29.509, +2.758,+0.985
1629725280,+3.47,+29.526, +2.795,+0.985
1629725340,+3.47,+29.509, +2.821,+0.985
1629725400,+3.47,+29.509, +2.822,+0.985
1629725460,+3.47,+29.518, +2.797,+0.985
1629725520,+3.47,+29.518, +2.828,+0.985
1629725580,+3.47,+29.526, +2.927,+0.985
1629725640,+3.47,+29.518, +2.802,+0.985
1629725700,+3.47,+29.518, +2.672,+0.985
1629725760,+3.47,+29.535, +2.534,+0.985
1629725820,+3.47,+29.509, +2.389,+0.985
1629725880,+3.47,+29.526, +2.605,+0.984
1629725940,+3.47,+29.509, +2.682,+0.985
1629726000,+3.47,+29.509, +2.899,+0.984
1629726060,+3.47,+29.518, +3.344,+0.983
1629726120,+3.47,+29.518, +3.356,+0.984
1629726180,+3.47,+29.526, +3.335,+0.984
1629726240,+3.47,+29.535, +3.456,+0.983
1629726300,+3.47,+29.509, +3.497,+0.984
1629726360,+3.47,+29.535, +3.218,+0.984
1629726420,+3.47,+29.526, +3.007,+0.985
1629726480,+3.47,+29.526, +2.929,+0.984
1629726540,+3.47,+29.518, +2.978,+0.984
1629726600,+3.47,+29.535, +2.712,+0.984
1629726660,+3.47,+29.518, +2.594,+0.985
1629726720,+3.47,+29.535, +2.585,+0.985
1629726780,+3.47,+29.526, +2.569,+0.984
1629726840,+3.47,+29.509, +2.627,+0.985
1629726900,+3.47,+29.535, +2.460,+0.985
1629726960,+3.47,+29.526, +2.343,+0.985
1629727020,+3.47,+29.526, +2.216,+0.985
1629727080,+3.47,+29.535, +2.110,+0.985
1629727140,+3.47,+29.552, +1.994,+0.985
1629727200,+3.47,+29.535, +1.939,+0.985
1629727260,+3.47,+29.544, +1.913,+0.985
1629727320,+3.47,+29.535, +1.817,+0.985
1629727380,+3.47,+29.544, +1.798,+0.985
1629727440,+3.47,+29.544, +1.839,+0.985
1629727500,+3.47,+29.552, +1.880,+0.986
1629727560,+3.47,+29.561, +1.836,+0.986
1629727620,+3.47,+29.552, +1.783,+0.986
1629727680,+3.47,+29.552, +1.936,+0.985
1629727740,+3.47,+29.552, +1.990,+0.985
1629727800,+3.47,+29.561, +2.035,+0.984
1629727860,+3.47,+29.561, +2.004,+0.985
1629727920,+3.47,+29.552, +1.840,+0.985
1629727980,+3.47,+29.552, +1.793,+0.985
1629728040,+3.47,+29.569, +1.795,+0.985
1629728100,+3.47,+29.578, +1.804,+0.985
1629728160,+3.47,+29.569, +1.964,+0.985
1629728220,+3.47,+29.569, +1.929,+0.985
1629728280,+3.47,+29.578, +1.876,+0.985
1629728340,+3.47,+29.578, +1.865,+0.984
1629728400,+3.47,+29.578, +1.871,+0.985
1629728460,+3.47,+29.578, +1.899,+0.985
1629728520,+3.47,+29.587, +1.839,+0.986
1629728580,+3.47,+29.569, +1.835,+0.985
1629728640,+3.47,+29.578, +1.886,+0.985
1629728700,+3.47,+29.587, +1.971,+0.985
1629728760,+3.47,+29.595, +2.061,+0.984
1629728820,+3.47,+29.578, +2.492,+0.983
1629728880,+3.47,+29.595, +2.511,+0.983
1629728940,+3.47,+29.595, +2.444,+0.984
1629729000,+3.47,+29.604, +2.643,+0.983
1629729060,+3.47,+29.604, +2.924,+0.983
1629729120,+3.47,+29.604, +3.148,+0.983
1629729180,+3.47,+29.613, +3.037,+0.984
1629729240,+3.47,+29.638, +2.907,+0.984
1629729300,+3.47,+29.638, +2.857,+0.983
1629729360,+3.47,+29.621, +2.841,+0.983
1629729420,+3.47,+29.638, +2.859,+0.983
1629729480,+3.47,+29.630, +3.192,+0.983
1629729540,+3.47,+29.638, +3.413,+0.984
1629729600,+3.47,+29.647, +3.248,+0.984
1629729660,+3.47,+29.647, +3.306,+0.982
1629729720,+3.47,+29.647, +3.560,+0.982
1629729780,+3.47,+29.656, +3.594,+0.983
1629729840,+3.47,+29.656, +3.712,+0.983
1629729900,+3.46,+29.664, +3.710,+0.983
1629729960,+3.47,+29.664, +3.740,+0.984
1629730020,+3.46,+29.681, +3.772,+0.983
1629730080,+3.47,+29.656, +3.791,+0.983
1629730140,+3.47,+29.673, +4.158,+0.983
1629730200,+3.47,+29.690, +4.233,+0.982
1629730260,+3.47,+29.690, +4.096,+0.982
1629730320,+3.47,+29.699, +3.945,+0.983
1629730380,+3.47,+29.699, +3.895,+0.983
1629730440,+3.47,+29.690, +3.893,+0.983
1629730500,+3.47,+29.699, +3.869,+0.984
1629730560,+3.47,+29.716, +3.861,+0.982
1629730620,+3.47,+29.690, +4.024,+0.983
1629730680,+3.47,+29.716, +4.200,+0.983
1629730740,+3.46,+29.707, +4.412,+0.983
1629730800,+3.47,+29.699, +4.264,+0.984
1629730860,+3.47,+29.733, +4.206,+0.983
1629730920,+3.47,+29.716, +4.158,+0.983
1629730980,+3.47,+29.742, +4.200,+0.983
1629731040,+3.47,+29.750, +4.222,+0.983
1629731100,+3.47,+29.742, +4.298,+0.983
1629731160,+3.47,+29.750, +4.311,+0.983
1629731220,+3.47,+29.759, +4.346,+0.984
1629731280,+3.47,+29.759, +4.344,+0.983
1629731340,+3.47,+29.785, +4.501,+0.983
1629731400,+3.47,+29.759, +4.667,+0.983
1629731460,+3.47,+29.750, +4.852,+0.983
1629731520,+3.47,+29.724, +4.910,+0.984
1629731580,+3.47,+29.750, +4.764,+0.984
1629731640,+3.47,+29.759, +4.592,+0.983
1629731700,+3.47,+29.750, +4.497,+0.984
1629731760,+3.47,+29.759, +4.486,+0.984
1629731820,+3.47,+29.793, +4.471,+0.984
1629731880,+3.47,+29.768, +4.938,+0.983
1629731940,+3.47,+29.785, +4.934,+0.984
1629732000,+3.47,+29.793, +4.825,+0.984
1629732060,+3.47,+29.811, +4.730,+0.984
1629732120,+3.47,+29.802, +4.758,+0.984
1629732180,+3.47,+29.793, +5.220,+0.983
1629732240,+3.47,+29.811, +5.448,+0.983
1629732300,+3.47,+29.793, +5.535,+0.984
1629732360,+3.47,+29.811, +5.388,+0.984
1629732420,+3.47,+29.819, +5.296,+0.984
1629732480,+3.47,+29.819, +5.207,+0.984
1629732540,+3.47,+29.836, +5.167,+0.983
1629732600,+3.47,+29.819, +5.375,+0.984
1629732660,+3.47,+29.828, +5.402,+0.983
1629732720,+3.47,+29.793, +5.179,+0.984
1629732780,+3.47,+29.828, +5.041,+0.983
1629732840,+3.47,+29.828, +5.020,+0.983
1629732900,+3.47,+29.871, +5.053,+0.983
1629732960,+3.47,+29.854, +5.134,+0.983
1629733020,+3.47,+29.871, +5.222,+0.983
1629733080,+3.47,+29.880, +5.301,+0.983
1629733140,+3.47,+29.897, +5.448,+0.983
1629733200,+3.47,+29.888, +5.709,+0.983
1629733260,+3.47,+29.880, +6.135,+0.983
1629733320,+3.47,+29.914, +6.030,+0.983
1629733380,+3.47,+29.923, +6.189,+0.983
1629733440,+3.47,+29.931, +6.099,+0.983
1629733500,+3.47,+29.923, +6.015,+0.984
1629733560,+3.47,+29.940, +5.918,+0.983
1629733620,+3.47,+29.957, +5.892,+0.983
1629733680,+3.47,+29.940, +5.989,+0.983
1629733740,+3.47,+29.949, +6.010,+0.983
1629733800,+3.47,+29.974, +5.969,+0.984
1629733860,+3.47,+29.974, +5.971,+0.984
1629733920,+3.47,+29.957, +5.896,+0.983
1629733980,+3.47,+29.974, +5.798,+0.982
1629734040,+3.47,+29.983, +5.713,+0.982
1629734100,+3.47,+29.974, +5.729,+0.983
1629734160,+3.47,+29.966, +5.658,+0.983
1629734220,+3.47,+29.992, +5.743,+0.983
1629734280,+3.47,+30.000, +5.760,+0.983
1629734340,+3.47,+30.018, +5.858,+0.983
1629734400,+3.47,+30.000, +6.053,+0.983
1629734460,+3.47,+30.009, +6.155,+0.983
1629734520,+3.47,+30.018, +6.247,+0.983
1629734580,+3.47,+30.018, +6.359,+0.983
1629734640,+3.47,+30.026, +6.519,+0.983
1629734700,+3.47,+30.026, +6.946,+0.983
1629734760,+3.47,+30.043, +7.135,+0.983
1629734820,+3.47,+30.043, +7.112,+0.984
1629734880,+3.47,+30.061, +7.228,+0.983
1629734940,+3.47,+30.061, +7.361,+0.984
1629735000,+3.47,+30.069, +7.231,+0.983
1629735060,+3.47,+30.078, +7.221,+0.983
1629735120,+3.47,+30.095, +7.292,+0.983
1629735180,+3.47,+30.087, +7.239,+0.983
1629735240,+3.47,+30.104, +7.280,+0.983
1629735300,+3.47,+30.121, +7.256,+0.983
1629735360,+3.47,+30.121, +7.244,+0.983
1629735420,+3.47,+30.130, +7.218,+0.983
1629735480,+3.47,+30.130, +7.236,+0.982
1629735540,+3.47,+30.147, +7.337,+0.983
1629735600,+3.47,+30.156, +7.490,+0.983
1629735660,+3.47,+30.156, +7.522,+0.984
1629735720,+3.47,+30.173, +7.534,+0.984
1629735780,+3.47,+30.182, +7.679,+0.983
1629735840,+3.47,+30.173, +7.583,+0.983
1629735900,+3.47,+30.190, +7.742,+0.984
1629735960,+3.47,+30.216, +8.031,+0.982
1629736020,+3.47,+30.216, +8.077,+0.983
1629736080,+3.47,+30.225, +8.134,+0.984
1629736140,+3.47,+30.225, +8.336,+0.983
1629736200,+3.47,+30.216, +8.572,+0.984
1629736260,+3.47,+30.225, +8.537,+0.984
1629736320,+3.47,+30.268, +8.366,+0.984
1629736380,+3.47,+30.251, +8.215,+0.983
1629736440,+3.47,+30.251, +8.433,+0.984
1629736500,+3.47,+30.268, +8.513,+0.984
1629736560,+3.47,+30.268, +8.549,+0.983
1629736620,+3.47,+30.268, +8.509,+0.983
1629736680,+3.47,+30.268, +8.367,+0.984
1629736740,+3.47,+30.277, +8.303,+0.984
1629736800,+3.47,+30.277, +8.497,+0.984
1629736860,+3.47,+30.277, +8.496,+0.983
1629736920,+3.47,+30.277, +8.394,+0.984
1629736980,+3.47,+30.294, +8.428,+0.984
1629737040,+3.47,+30.285, +8.514,+0.983
1629737100,+3.47,+30.320, +8.409,+0.984
1629737160,+3.47,+30.311, +8.405,+0.983
1629737220,+3.47,+30.329, +8.201,+0.983
1629737280,+3.47,+30.294, +8.236,+0.983
1629737340,+3.47,+30.303, +8.260,+0.984
1629737400,+3.47,+30.311, +8.411,+0.983
1629737460,+3.47,+30.311, +8.332,+0.983
1629737520,+3.47,+30.320, +8.518,+0.983
1629737580,+3.47,+30.329, +9.068,+0.983
1629737640,+3.47,+30.346, +9.147,+0.983
1629737700,+3.47,+30.372, +9.134,+0.984
1629737760,+3.47,+30.380, +9.296,+0.984
1629737820,+3.47,+30.398, +9.213,+0.983
1629737880,+3.47,+30.406, +9.166,+0.984
1629737940,+3.47,+30.432, +9.000,+0.984
1629738000,+3.47,+30.441, +9.143,+0.983
1629738060,+3.47,+30.458, +9.221,+0.983
1629738120,+3.47,+30.450, +9.219,+0.983
1629738180,+3.47,+30.467, +9.280,+0.984
1629738240,+3.47,+30.484, +9.458,+0.984
1629738300,+3.47,+30.493, +9.538,+0.985
1629738360,+3.47,+30.519, +9.482,+0.983
1629738420,+3.46,+30.519, +9.428,+0.983
1629738480,+3.47,+30.510, +9.389,+0.983
1629738540,+3.47,+30.493, +9.472,+0.984
1629738600,+3.47,+30.493, +9.511,+0.983
1629738660,+3.47,+30.484, +9.829,+0.984
1629738720,+3.47,+30.484, +9.802,+0.984
1629738780,+3.46,+30.502, +9.695,+0.983
1629738840,+3.47,+30.502, +9.684,+0.984
1629738900,+3.47,+30.493, +9.490,+0.983
1629738960,+3.47,+30.519, +9.357,+0.983
1629739020,+3.47,+30.519, +9.531,+0.984
1629739080,+3.47,+30.519, +9.782,+0.985
1629739140,+3.47,+30.528, +9.723,+0.984
1629739200,+3.46,+30.519, +9.684,+0.983
1629739260,+3.46,+30.545, +9.706,+0.984
1629739320,+3.47,+30.554, +9.863,+0.984
1629739380,+3.46,+30.580,+10.126,+0.984
1629739440,+3.46,+30.588,+10.093,+0.983
1629739500,+3.46,+30.597,+10.074,+0.984
1629739560,+3.46,+30.588,+10.296,+0.984
1629739620,+3.46,+30.588,+10.461,+0.985
1629739680,+3.46,+30.597,+10.459,+0.984
1629739740,+3.46,+30.614,+10.529,+0.985
1629739800,+3.46,+30.623,+10.490,+0.982
1629739860,+3.46,+30.649,+10.534,+0.984
1629739920,+3.46,+30.658,+10.716,+0.984
1629739980,+3.46,+30.675,+10.719,+0.984
1629740040,+3.46,+30.684,+10.612,+0.984
1629740100,+3.46,+30.684,+10.716,+0.985
1629740160,+3.46,+30.701,+10.743,+0.983
1629740220,+3.46,+30.701,+10.675,+0.984
1629740280,+3.46,+30.684,+10.498,+0.983
1629740340,+3.46,+30.666,+10.380,+0.985
1629740400,+3.46,+30.666,+10.330,+0.984
1629740460,+3.46,+30.666,+10.776,+0.984
1629740520,+3.46,+30.701,+10.981,+0.984
1629740580,+3.46,+30.710,+11.224,+0.984
1629740640,+3.46,+30.710,+11.549,+0.985
1629740700,+3.46,+30.718,+11.655,+0.985
1629740760,+3.46,+30.762,+11.647,+0.984
1629740820,+3.46,+30.762,+11.548,+0.985
1629740880,+3.46,+30.770,+11.492,+0.984
1629740940,+3.46,+30.770,+11.421,+0.985
1629741000,+3.46,+30.788,+11.575,+0.984
1629741060,+3.46,+30.770,+11.500,+0.984
1629741120,+3.46,+30.753,+11.512,+0.984
1629741180,+3.46,+30.770,+11.961,+0.985
1629741240,+3.46,+30.814,+12.134,+0.986
1629741300,+3.46,+30.822,+11.978,+0.983
1629741360,+3.46,+30.831,+12.364,+0.985
1629741420,+3.47,+30.857,+12.318,+0.985
1629741480,+3.47,+30.892,+12.187,+0.985
1629741540,+3.47,+30.883,+12.259,+0.983
1629741600,+3.47,+30.892,+12.264,+0.983
1629741660,+3.47,+30.927,+12.258,+0.984
1629741720,+3.47,+30.918,+12.356,+0.985
1629741780,+3.47,+30.944,+12.321,+0.984
1629741840,+3.47,+30.961,+12.361,+0.983
1629741900,+3.47,+30.961,+12.435,+0.983
1629741960,+3.47,+30.970,+12.461,+0.985
1629742020,+3.47,+31.005,+12.514,+0.984
1629742080,+3.47,+31.039,+12.455,+0.984
1629742140,+3.47,+31.048,+12.596,+0.983
1629742200,+3.47,+31.048,+12.824,+0.983
1629742260,+3.47,+31.065,+12.732,+0.984
1629742320,+3.47,+31.048,+12.774,+0.985
1629742380,+3.47,+31.048,+12.650,+0.984
1629742440,+3.47,+31.013,+12.876,+0.986
1629742500,+3.47,+31.022,+12.814,+0.985
1629742560,+3.47,+31.005,+12.599,+0.984
1629742620,+3.47,+31.039,+12.545,+0.983
1629742680,+3.47,+31.039,+12.750,+0.984
1629742740,+3.47,+31.074,+12.931,+0.984
1629742800,+3.47,+31.109,+13.027,+0.984
1629742860,+3.47,+31.109,+13.042,+0.985
1629742920,+3.47,+31.118,+13.089,+0.984
1629742980,+3.47,+31.118,+13.047,+0.984
1629743040,+3.47,+31.118,+13.030,+0.983
1629743100,+3.47,+31.135,+13.075,+0.984
1629743160,+3.47,+31.126,+13.109,+0.985
1629743220,+3.47,+31.126,+13.005,+0.983
1629743280,+3.47,+31.152,+13.374,+0.984
1629743340,+3.47,+31.187,+13.659,+0.985
1629743400,+3.47,+31.179,+13.516,+0.983
1629743460,+3.47,+31.222,+13.532,+0.984
1629743520,+3.47,+31.257,+13.552,+0.982
1629743580,+3.47,+31.248,+13.517,+0.983
1629743640,+3.47,+31.266,+13.606,+0.982
1629743700,+3.47,+31.283,+13.457,+0.984
1629743760,+3.47,+31.239,+13.390,+0.983
1629743820,+3.47,+31.248,+13.186,+0.983
1629743880,+3.47,+31.231,+12.951,+0.984
1629743940,+3.47,+31.213,+13.266,+0.983
1629744000,+3.47,+31.239,+13.439,+0.982
1629744060,+3.47,+31.266,+13.472,+0.985
1629744120,+3.47,+31.248,+13.425,+0.982
1629744180,+3.47,+31.248,+13.562,+0.984
1629744240,+3.47,+31.266,+13.606,+0.984
1629744300,+3.47,+31.274,+13.757,+0.984
1629744360,+3.47,+31.266,+14.060,+0.985
1629744420,+3.47,+31.283,+14.108,+0.984
1629744480,+3.47,+31.274,+14.084,+0.983
1629744540,+3.47,+31.292,+14.208,+0.986
1629744600,+3.47,+31.326,+14.251,+0.984
1629744660,+3.47,+31.344,+14.466,+0.985
1629744720,+3.47,+31.361,+14.436,+0.984
1629744780,+3.47,+31.379,+14.614,+0.984
1629744840,+3.47,+31.379,+14.613,+0.983
1629744900,+3.47,+31.414,+14.604,+0.983
1629744960,+3.47,+31.431,+14.696,+0.986
1629745020,+3.47,+31.475,+14.853,+0.983
1629745080,+3.47,+31.501,+14.926,+0.984
1629745140,+3.47,+31.492,+15.053,+0.985
1629745200,+3.47,+31.527,+15.175,+0.983
1629745260,+3.47,+31.536,+15.101,+0.983
1629745320,+3.47,+31.536,+15.072,+0.984
1629745380,+3.47,+31.536,+15.036,+0.984
1629745440,+3.47,+31.553,+15.098,+0.984
1629745500,+3.47,+31.553,+15.157,+0.984
1629745560,+3.47,+31.570,+15.348,+0.985
1629745620,+3.47,+31.579,+15.335,+0.983
1629745680,+3.47,+31.588,+15.380,+0.985
1629745740,+3.47,+31.614,+15.346,+0.984
1629745800,+3.47,+31.640,+15.370,+0.983
1629745860,+3.46,+31.658,+15.437,+0.984
1629745920,+3.46,+31.658,+15.444,+0.984
1629745980,+3.47,+31.658,+15.446,+0.981
1629746040,+3.46,+31.666,+15.470,+0.985
1629746100,+3.46,+31.658,+15.369,+0.983
1629746160,+3.47,+31.597,+15.025,+0.984
1629746220,+3.47,+31.588,+14.968,+0.984
1629746280,+3.47,+31.588,+14.912,+0.985
1629746340,+3.47,+31.588,+15.096,+0.984
1629746400,+3.47,+31.597,+15.103,+0.985
1629746460,+3.47,+31.632,+15.140,+0.984
1629746520,+3.47,+31.623,+15.202,+0.984
1629746580,+3.47,+31.658,+15.113,+0.983
1629746640,+3.47,+31.684,+14.999,+0.982
1629746700,+3.46,+31.693,+15.169,+0.983
1629746760,+3.46,+31.719,+15.141,+0.984
1629746820,+3.47,+31.736,+15.069,+0.982
1629746880,+3.46,+31.736,+15.004,+0.984
1629746940,+3.46,+31.745,+15.071,+0.983
1629747000,+3.46,+31.771,+15.083,+0.983
1629747060,+3.46,+31.780,+14.996,+0.983
1629747120,+3.46,+31.789,+14.886,+0.981
1629747180,+3.46,+31.780,+14.912,+0.983
1629747240,+3.46,+31.771,+14.888,+0.981
1629747300,+3.46,+31.780,+15.170,+0.984
1629747360,+3.46,+31.797,+15.252,+0.982
1629747420,+3.46,+31.789,+15.169,+0.982
1629747480,+3.46,+31.780,+15.122,+0.982
1629747540,+3.46,+31.815,+15.115,+0.982
1629747600,+3.46,+31.824,+15.236,+0.984
1629747660,+3.46,+31.859,+15.384,+0.981
1629747720,+3.46,+31.867,+15.606,+0.983
1629747780,+3.46,+31.911,+15.690,+0.982
1629747840,+3.46,+31.885,+15.845,+0.985
1629747900,+3.46,+31.885,+15.742,+0.982
1629747960,+3.46,+31.920,+16.132,+0.983
1629748020,+3.46,+31.920,+16.233,+0.982
1629748080,+3.46,+31.955,+16.027,+0.982
1629748140,+3.46,+31.946,+16.345,+0.984
1629748200,+3.46,+31.955,+16.375,+0.984
1629748260,+3.46,+31.946,+16.374,+0.983
1629748320,+3.46,+31.963,+16.305,+0.983
1629748380,+3.47,+31.990,+16.617,+0.985
1629748440,+3.47,+32.007,+16.631,+0.985
1629748500,+3.47,+32.025,+16.529,+0.983
1629748560,+3.47,+32.025,+16.736,+0.983
1629748620,+3.47,+32.051,+16.876,+0.984
1629748680,+3.47,+32.051,+17.095,+0.983
1629748740,+3.47,+32.042,+17.325,+0.983
1629748800,+3.47,+32.051,+17.190,+0.985
1629748860,+3.47,+32.016,+17.256,+0.982
1629748920,+3.47,+32.025,+17.294,+0.983
1629748980,+3.47,+32.068,+17.208,+0.981
1629749040,+3.47,+32.095,+17.284,+0.984
1629749100,+3.47,+32.086,+17.367,+0.985
1629749160,+3.47,+32.068,+17.126,+0.983
1629749220,+3.47,+32.068,+17.068,+0.984
1629749280,+3.47,+32.077,+17.011,+0.983
1629749340,+3.47,+32.086,+17.135,+0.984
1629749400,+3.47,+32.130,+17.167,+0.983
1629749460,+3.47,+32.130,+16.996,+0.980
1629749520,+3.47,+32.156,+16.839,+0.982
1629749580,+3.47,+32.130,+16.803,+0.983
1629749640,+3.47,+32.121,+16.845,+0.982
1629749700,+3.47,+32.121,+16.925,+0.983
1629749760,+3.47,+32.130,+16.995,+0.982
1629749820,+3.47,+32.147,+16.979,+0.984
1629749880,+3.47,+32.130,+16.906,+0.984
1629749940,+3.47,+32.103,+16.527,+0.982
1629750000,+3.47,+32.068,+16.576,+0.984
1629750060,+3.47,+32.077,+16.571,+0.983
1629750120,+3.47,+32.051,+16.669,+0.983
1629750180,+3.47,+32.077,+17.014,+0.982
1629750240,+3.47,+32.103,+16.965,+0.982
1629750300,+3.47,+32.103,+16.842,+0.983
1629750360,+3.47,+32.103,+16.764,+0.983
1629750420,+3.47,+32.112,+16.738,+0.982
1629750480,+3.47,+32.130,+16.796,+0.982
1629750540,+3.47,+32.191,+17.188,+0.983
1629750600,+3.47,+32.200,+17.564,+0.982
1629750660,+3.47,+32.270,+17.827,+0.984
1629750720,+3.47,+32.270,+17.812,+0.982
1629750780,+3.47,+32.296,+17.772,+0.984
1629750840,+3.47,+32.323,+17.845,+0.985
1629750900,+3.47,+32.331,+17.946,+0.983
1629750960,+3.47,+32.331,+18.254,+0.984
1629751020,+3.47,+32.358,+18.429,+0.983
1629751080,+3.47,+32.375,+18.459,+0.983
1629751140,+3.47,+32.393,+18.485,+0.985
1629751200,+3.47,+32.384,+18.531,+0.985
1629751260,+3.47,+32.419,+18.587,+0.986
1629751320,+3.47,+32.419,+18.517,+0.985
1629751380,+3.47,+32.437,+18.604,+0.982
1629751440,+3.47,+32.437,+18.855,+0.985
1629751500,+3.47,+32.472,+18.747,+0.982
1629751560,+3.47,+32.428,+18.476,+0.981
1629751620,+3.47,+32.445,+18.341,+0.980
1629751680,+3.47,+32.463,+18.523,+0.983
1629751740,+3.47,+32.498,+18.671,+0.985
1629751800,+3.47,+32.489,+18.704,+0.983
1629751860,+3.47,+32.489,+18.648,+0.984
1629751920,+3.47,+32.463,+18.674,+0.984
1629751980,+3.47,+32.480,+18.681,+0.985
1629752040,+3.47,+32.498,+18.679,+0.984
1629752100,+3.47,+32.524,+18.850,+0.983
1629752160,+3.47,+32.551,+18.952,+0.984
1629752220,+3.47,+32.559,+19.031,+0.982
1629752280,+3.47,+32.595,+19.182,+0.982
1629752340,+3.47,+32.612,+19.176,+0.982
1629752400,+3.47,+32.595,+19.200,+0.985
1629752460,+3.47,+32.568,+19.138,+0.982
1629752520,+3.47,+32.568,+19.499,+0.984
1629752580,+3.47,+32.568,+19.541,+0.985
1629752640,+3.47,+32.595,+19.562,+0.985
1629752700,+3.47,+32.586,+19.546,+0.983
1629752760,+3.47,+32.586,+19.466,+0.982
1629752820,+3.47,+32.603,+19.549,+0.984
1629752880,+3.47,+32.612,+19.565,+0.983
1629752940,+3.47,+32.630,+19.688,+0.986
1629753000,+3.47,+32.639,+19.851,+0.986
1629753060,+3.47,+32.647,+19.925,+0.985
1629753120,+3.47,+32.665,+20.028,+0.984
1629753180,+3.47,+32.691,+19.983,+0.982
1629753240,+3.47,+32.726,+19.880,+0.983
1629753300,+3.47,+32.665,+19.547,+0.983
1629753360,+3.47,+32.639,+19.893,+0.985
1629753420,+3.47,+32.630,+19.660,+0.981
1629753480,+3.47,+32.630,+19.879,+0.982
1629753540,+3.47,+32.621,+19.859,+0.981
1629753600,+3.47,+32.630,+19.876,+0.983
1629753660,+3.47,+32.586,+19.685,+0.983
1629753720,+3.47,+32.568,+19.788,+0.983
1629753780,+3.47,+32.533,+19.570,+0.983
1629753840,+3.47,+32.480,+19.732,+0.984
1629753900,+3.47,+32.480,+19.517,+0.983
1629753960,+3.47,+32.463,+19.274,+0.984
1629754020,+3.47,+32.507,+19.279,+0.982
1629754080,+3.47,+32.586,+19.880,+0.985
1629754140,+3.47,+32.612,+20.126,+0.985
1629754200,+3.47,+32.665,+20.216,+0.984
1629754260,+3.47,+32.691,+20.179,+0.983
1629754320,+3.47,+32.718,+20.144,+0.984
1629754380,+3.47,+32.726,+20.053,+0.983
1629754440,+3.47,+32.744,+20.288,+0.985
1629754500,+3.47,+32.753,+20.365,+0.986
1629754560,+3.47,+32.735,+20.155,+0.985
1629754620,+3.47,+32.700,+19.901,+0.982
1629754680,+3.47,+32.647,+19.737,+0.981
1629754740,+3.47,+32.674,+20.093,+0.984
1629754800,+3.47,+32.665,+20.152,+0.985
1629754860,+3.47,+32.665,+20.183,+0.984
1629754920,+3.47,+32.718,+20.521,+0.984
1629754980,+3.47,+32.735,+20.565,+0.985
1629755040,+3.47,+32.762,+20.338,+0.985
1629755100,+3.47,+32.779,+20.530,+0.984
1629755160,+3.47,+32.788,+20.439,+0.981
1629755220,+3.47,+32.779,+20.475,+0.984
1629755280,+3.47,+32.744,+20.347,+0.983
1629755340,+3.47,+32.779,+20.372,+0.983
1629755400,+3.47,+32.779,+20.378,+0.982
1629755460,+3.47,+32.779,+20.506,+0.981
1629755520,+3.47,+32.814,+20.847,+0.984
1629755580,+3.47,+32.841,+20.996,+0.980
1629755640,+3.47,+32.858,+21.403,+0.983
1629755700,+3.47,+32.858,+21.466,+0.984
1629755760,+3.47,+32.867,+21.492,+0.985
1629755820,+3.47,+32.885,+21.308,+0.982
1629755880,+3.47,+32.938,+21.652,+0.984
1629755940,+3.47,+32.973,+21.629,+0.982
1629756000,+3.47,+32.964,+21.757,+0.983
1629756060,+3.47,+32.955,+21.738,+0.982
1629756120,+3.47,+32.946,+21.942,+0.984
1629756180,+3.47,+32.929,+21.814,+0.980
1629756240,+3.47,+32.938,+22.127,+0.982
1629756300,+3.47,+32.964,+22.360,+0.984
1629756360,+3.47,+32.964,+22.169,+0.983
1629756420,+3.47,+32.964,+22.008,+0.980
1629756480,+3.47,+32.973,+22.205,+0.984
1629756540,+3.47,+32.991,+22.161,+0.981
1629756600,+3.47,+32.982,+22.280,+0.981
1629756660,+3.47,+32.991,+22.248,+0.980
1629756720,+3.47,+33.008,+22.183,+0.981
1629756780,+3.47,+32.991,+22.187,+0.980
1629756840,+3.47,+32.991,+21.972,+0.981
1629756900,+3.47,+32.955,+22.277,+0.986
1629756960,+3.47,+32.964,+22.211,+0.984
1629757020,+3.47,+32.938,+21.972,+0.985
1629757080,+3.47,+32.946,+21.901,+0.981
1629757140,+3.47,+32.982,+22.208,+0.984
1629757200,+3.47,+32.982,+22.105,+0.982
1629757260,+3.47,+32.999,+22.094,+0.981
1629757320,+3.47,+32.999,+21.890,+0.983
1629757380,+3.47,+32.982,+21.696,+0.983
1629757440,+3.47,+32.938,+21.668,+0.982
1629757500,+3.47,+32.929,+21.442,+0.980
1629757560,+3.47,+32.920,+21.648,+0.982
1629757620,+3.47,+32.938,+21.931,+0.983
1629757680,+3.47,+32.955,+21.771,+0.983
1629757740,+3.47,+33.008,+21.565,+0.979
1629757800,+3.47,+33.008,+21.565,+0.983
1629757860,+3.47,+33.008,+21.305,+0.982
1629757920,+3.47,+33.026,+21.278,+0.983
1629757980,+3.47,+33.026,+21.658,+0.985
1629758040,+3.47,+33.026,+20.961,+0.983
1629758100,+3.47,+33.043,+20.942,+0.983
1629758160,+3.47,+33.035,+20.608,+0.984
1629758220,+3.47,+33.026,+20.182,+0.980
1629758280,+3.47,+33.017,+20.078,+0.983
1629758340,+3.47,+32.973,+20.146,+0.984
1629758400,+3.47,+32.938,+20.290,+0.980
1629758460,+3.47,+32.938,+20.487,+0.984
1629758520,+3.47,+32.964,+20.337,+0.982
1629758580,+3.47,+32.973,+20.304,+0.981
1629758640,+3.47,+32.991,+20.352,+0.979
1629758700,+3.47,+32.999,+20.517,+0.983
1629758760,+3.47,+33.026,+20.952,+0.982
1629758820,+3.47,+33.035,+20.895,+0.981
1629758880,+3.47,+33.043,+20.973,+0.986
1629758940,+3.47,+33.052,+20.942,+0.981
1629759000,+3.47,+33.061,+21.419,+0.984
1629759060,+3.47,+33.043,+21.630,+0.986
1629759120,+3.47,+33.043,+21.534,+0.981
1629759180,+3.47,+33.035,+21.326,+0.982
1629759240,+3.47,+33.052,+21.576,+0.981
1629759300,+3.47,+33.052,+21.616,+0.984
1629759360,+3.47,+33.070,+21.211,+0.983
1629759420,+3.47,+33.096,+21.734,+0.980
1629759480,+3.47,+33.114,+21.439,+0.982
1629759540,+3.47,+33.140,+21.829,+0.982
1629759600,+3.47,+33.158,+21.685,+0.981
1629759660,+3.47,+33.149,+21.975,+0.982
1629759720,+3.47,+33.149,+22.447,+0.983
1629759780,+3.47,+33.167,+22.912,+0.981
1629759840,+3.47,+33.167,+22.874,+0.981
1629759900,+3.47,+33.149,+22.620,+0.983
1629759960,+3.47,+33.149,+22.467,+0.981
1629760020,+3.47,+33.123,+22.402,+0.983
1629760080,+3.47,+33.123,+21.994,+0.980
1629760140,+3.47,+33.123,+22.394,+0.982
1629760200,+3.47,+33.105,+22.363,+0.981
1629760260,+3.47,+33.132,+21.767,+0.984
1629760320,+3.47,+33.167,+21.863,+0.979
1629760380,+3.47,+33.167,+22.400,+0.982
1629760440,+3.47,+33.176,+22.518,+0.984
1629760500,+3.47,+33.149,+22.235,+0.981
1629760560,+3.47,+33.114,+22.240,+0.983
1629760620,+3.47,+33.079,+22.168,+0.983
1629760680,+3.47,+33.114,+22.152,+0.983
1629760740,+3.47,+33.114,+22.059,+0.981
1629760800,+3.47,+33.087,+22.259,+0.982
1629760860,+3.47,+33.087,+21.949,+0.981
1629760920,+3.47,+33.096,+22.494,+0.982
1629760980,+3.47,+33.096,+22.447,+0.983
1629761040,+3.47,+33.140,+20.589,+0.983
1629761100,+3.47,+33.105,+20.366,+0.982
1629761160,+3.47,+33.114,+20.365,+0.980
1629761220,+3.47,+33.105,+20.366,+0.982
1629761280,+3.47,+33.123,+20.086,+0.983
1629761340,+3.47,+33.114,+20.002,+0.980
1629761400,+3.47,+33.132,+20.761,+0.984
1629761460,+3.47,+33.132,+21.004,+0.983
1629761520,+3.47,+33.132,+20.774,+0.981
1629761580,+3.47,+33.114,+20.794,+0.983
1629761640,+3.47,+33.096,+20.798,+0.984
1629761700,+3.47,+33.114,+20.628,+0.983
1629761760,+3.47,+33.105,+20.568,+0.982
1629761820,+3.47,+33.132,+20.397,+0.981
1629761880,+3.47,+33.132,+20.455,+0.984
1629761940,+3.47,+33.123,+20.177,+0.981
1629762000,+3.47,+33.114,+20.117,+0.982
1629762060,+3.47,+33.087,+20.128,+0.984
1629762120,+3.47,+33.096,+20.017,+0.984
1629762180,+3.47,+33.087,+20.048,+0.983
1629762240,+3.47,+33.105,+19.920,+0.983
1629762300,+3.47,+33.105,+19.974,+0.985
1629762360,+3.47,+33.105,+20.430,+0.984
1629762420,+3.47,+33.079,+20.335,+0.983
1629762480,+3.47,+33.096,+20.086,+0.981
1629762540,+3.47,+33.114,+19.888,+0.978
1629762600,+3.47,+33.123,+19.967,+0.983
1629762660,+3.47,+33.123,+19.793,+0.983
1629762720,+3.47,+33.140,+19.866,+0.983
1629762780,+3.47,+33.158,+19.843,+0.984
1629762840,+3.47,+33.158,+19.868,+0.983
1629762900,+3.47,+33.149,+19.704,+0.981
1629762960,+3.47,+33.158,+19.499,+0.984
1629763020,+3.47,+33.158,+19.364,+0.980
1629763080,+3.47,+33.176,+19.277,+0.981
1629763140,+3.47,+33.211,+18.878,+0.983
1629763200,+3.47,+33.220,+19.019,+0.982
1629763260,+3.47,+33.211,+19.290,+0.983
1629763320,+3.47,+33.202,+19.529,+0.981
1629763380,+3.47,+33.202,+19.798,+0.984
1629763440,+3.47,+33.193,+19.394,+0.982
1629763500,+3.47,+33.167,+19.348,+0.981
1629763560,+3.47,+33.167,+19.506,+0.981
1629763620,+3.47,+33.149,+19.723,+0.985
1629763680,+3.47,+33.149,+20.053,+0.986
1629763740,+3.47,+33.140,+20.142,+0.983
1629763800,+3.47,+33.140,+20.099,+0.981
1629763860,+3.47,+33.105,+20.033,+0.985
1629763920,+3.47,+33.105,+19.869,+0.984
1629763980,+3.47,+33.132,+19.552,+0.981
1629764040,+3.47,+33.105,+19.923,+0.981
1629764100,+3.47,+33.132,+19.621,+0.981
1629764160,+3.47,+33.149,+19.446,+0.982
1629764220,+3.47,+33.140,+19.625,+0.983
1629764280,+3.47,+33.140,+19.553,+0.981
1629764340,+3.47,+33.176,+19.330,+0.984
1629764400,+3.47,+33.317,+17.093,+0.983
1629764460,+3.47,+33.432,+16.399,+0.981
1629764520,+3.47,+33.653,+20.515,+0.985
1629764580,+3.47,+33.105, +6.529,+0.981
1629764640,+3.47,+33.511, +3.172,+0.979
1629764700,+3.47,+33.715, +2.399,+0.980
1629764760,+3.47,+33.839, +2.075,+0.980
1629764820,+3.47,+33.928, +1.889,+0.980
1629764880,+3.47,+33.990, +2.208,+0.980
1629764940,+3.47,+33.830, +6.562,+0.978
1629765000,+3.47,+33.423, +6.679,+0.983
1629765060,+3.47,+32.718, +6.814,+0.985
1629765120,+3.48,+32.235, +6.885,+0.986
1629765180,+3.47,+31.745, +6.933,+0.986
1629765240,+3.48,+31.274, +7.035,+0.988
1629765300,+3.48,+30.866, +7.086,+0.989
