7450-387970
OS REV: 1.05 Sensor Cal: 1615486469
Time (sec),  BV (Volts),  T (deg C),  DO (mg/l),  Q ()
1631409000,+3.48,+29.871,+13.536,+0.978
1631409060,+3.48,+29.871,+13.512,+0.979
1631409120,+3.48,+29.828,+13.514,+0.980
1631409180,+3.48,+29.836,+13.490,+0.980
1631409240,+3.48,+29.836,+13.470,+0.979
1631409300,+3.48,+29.793,+13.531,+0.981
1631409360,+3.48,+29.802,+13.570,+0.981
1631409420,+3.48,+29.776,+13.634,+0.982
1631409480,+3.48,+29.776,+13.657,+0.981
1631409540,+3.48,+29.768,+13.701,+0.979
1631409600,+3.48,+29.768,+13.848,+0.982
1631409660,+3.48,+29.742,+13.922,+0.980
1631409720,+3.48,+29.724,+14.037,+0.981
1631409780,+3.48,+29.707,+14.129,+0.981
1631409840,+3.47,+29.699,+14.226,+0.981
1631409900,+3.47,+29.681,+14.387,+0.984
1631409960,+3.47,+29.681,+14.447,+0.985
1631410020,+3.48,+29.664,+14.526,+0.984
1631410080,+3.48,+29.647,+14.617,+0.983
1631410140,+3.47,+29.638,+14.698,+0.983
1631410200,+3.47,+29.621,+14.796,+0.985
1631410260,+3.47,+29.630,+14.789,+0.983
1631410320,+3.47,+29.613,+14.827,+0.984
1631410380,+3.48,+29.595,+14.824,+0.984
1631410440,+3.48,+29.587,+14.819,+0.983
1631410500,+3.48,+29.569,+14.833,+0.983
1631410560,+3.48,+29.561,+14.797,+0.984
1631410620,+3.48,+29.526,+14.737,+0.983
1631410680,+3.48,+29.535,+14.687,+0.984
1631410740,+3.48,+29.535,+14.630,+0.983
1631410800,+3.48,+29.509,+14.640,+0.984
1631410860,+3.48,+29.483,+14.603,+0.983
1631410920,+3.48,+29.483,+14.583,+0.984
1631410980,+3.48,+29.466,+14.545,+0.983
1631411040,+3.48,+29.458,+14.494,+0.983
1631411100,+3.48,+29.449,+14.413,+0.982
1631411160,+3.48,+29.415,+14.358,+0.983
1631411220,+3.48,+29.406,+14.275,+0.983
1631411280,+3.48,+29.406,+14.164,+0.982
1631411340,+3.48,+29.380,+14.118,+0.982
1631411400,+3.48,+29.380,+14.094,+0.985
1631411460,+3.48,+29.354,+13.994,+0.984
1631411520,+3.48,+29.354,+13.903,+0.983
1631411580,+3.48,+29.320,+13.859,+0.984
1631411640,+3.48,+29.329,+13.762,+0.983
1631411700,+3.48,+29.320,+13.716,+0.983
1631411760,+3.48,+29.286,+13.697,+0.984
1631411820,+3.48,+29.277,+13.642,+0.984
1631411880,+3.48,+29.269,+13.637,+0.984
1631411940,+3.48,+29.251,+13.605,+0.984
1631412000,+3.48,+29.243,+13.616,+0.985
1631412060,+3.48,+29.217,+13.616,+0.984
1631412120,+3.48,+29.200,+13.613,+0.984
1631412180,+3.48,+29.183,+13.642,+0.986
1631412240,+3.48,+29.183,+13.554,+0.984
1631412300,+3.48,+29.166,+13.508,+0.984
1631412360,+3.48,+29.148,+13.448,+0.984
1631412420,+3.48,+29.123,+13.378,+0.983
1631412480,+3.48,+29.140,+13.346,+0.983
1631412540,+3.48,+29.114,+13.278,+0.982
1631412600,+3.48,+29.105,+13.243,+0.982
1631412660,+3.48,+29.088,+13.212,+0.983
1631412720,+3.48,+29.063,+13.124,+0.982
1631412780,+3.48,+29.063,+13.064,+0.982
1631412840,+3.48,+29.037,+12.943,+0.981
1631412900,+3.48,+29.028,+12.894,+0.983
1631412960,+3.48,+29.028,+12.745,+0.981
1631413020,+3.48,+29.028,+12.673,+0.982
1631413080,+3.48,+29.003,+12.612,+0.983
1631413140,+3.48,+28.994,+12.549,+0.983
1631413200,+3.48,+28.960,+12.482,+0.982
1631413260,+3.48,+28.968,+12.407,+0.982
1631413320,+3.48,+28.942,+12.390,+0.983
1631413380,+3.48,+28.934,+12.342,+0.982
1631413440,+3.48,+28.925,+12.324,+0.983
1631413500,+3.48,+28.908,+12.312,+0.984
1631413560,+3.48,+28.900,+12.254,+0.984
1631413620,+3.48,+28.900,+12.123,+0.982
1631413680,+3.48,+28.874,+12.060,+0.982
1631413740,+3.48,+28.865,+12.122,+0.984
1631413800,+3.48,+28.865,+12.168,+0.980
1631413860,+3.48,+28.840,+12.191,+0.981
1631413920,+3.48,+28.831,+12.158,+0.982
1631413980,+3.48,+28.805,+12.116,+0.982
1631414040,+3.48,+28.805,+12.065,+0.982
1631414100,+3.48,+28.780,+12.018,+0.982
1631414160,+3.48,+28.780,+11.958,+0.981
1631414220,+3.48,+28.771,+11.905,+0.981
1631414280,+3.48,+28.780,+11.888,+0.983
1631414340,+3.48,+28.771,+11.845,+0.982
1631414400,+3.48,+28.745,+11.795,+0.982
1631414460,+3.48,+28.728,+11.709,+0.981
1631414520,+3.48,+28.711,+11.635,+0.981
1631414580,+3.48,+28.720,+11.558,+0.980
1631414640,+3.48,+28.703,+11.466,+0.981
1631414700,+3.48,+28.694,+11.397,+0.981
1631414760,+3.48,+28.677,+11.328,+0.980
1631414820,+3.48,+28.660,+11.274,+0.980
1631414880,+3.48,+28.651,+11.215,+0.980
1631414940,+3.48,+28.626,+11.158,+0.979
1631415000,+3.48,+28.634,+11.118,+0.979
1631415060,+3.48,+28.617,+11.118,+0.979
1631415120,+3.48,+28.609,+11.129,+0.979
1631415180,+3.48,+28.600,+11.173,+0.981
1631415240,+3.48,+28.583,+11.218,+0.981
1631415300,+3.48,+28.566,+11.262,+0.981
1631415360,+3.48,+28.549,+11.323,+0.980
1631415420,+3.48,+28.540,+11.394,+0.980
1631415480,+3.48,+28.532,+11.488,+0.981
1631415540,+3.48,+28.523,+11.582,+0.982
1631415600,+3.48,+28.506,+11.612,+0.979
1631415660,+3.48,+28.497,+11.668,+0.980
1631415720,+3.48,+28.472,+11.760,+0.982
1631415780,+3.48,+28.472,+11.736,+0.979
1631415840,+3.48,+28.463,+11.769,+0.980
1631415900,+3.48,+28.446,+11.802,+0.981
1631415960,+3.48,+28.446,+11.830,+0.981
1631416020,+3.48,+28.446,+11.834,+0.980
1631416080,+3.48,+28.403,+11.907,+0.982
1631416140,+3.48,+28.395,+11.899,+0.980
1631416200,+3.48,+28.395,+11.950,+0.980
1631416260,+3.48,+28.386,+12.034,+0.983
1631416320,+3.48,+28.378,+12.047,+0.981
1631416380,+3.48,+28.378,+12.113,+0.981
1631416440,+3.48,+28.352,+12.158,+0.981
1631416500,+3.48,+28.344,+12.173,+0.980
1631416560,+3.48,+28.318,+12.236,+0.982
1631416620,+3.48,+28.326,+12.215,+0.981
1631416680,+3.48,+28.326,+12.228,+0.980
1631416740,+3.48,+28.301,+12.261,+0.982
1631416800,+3.48,+28.301,+12.250,+0.981
1631416860,+3.48,+28.301,+12.297,+0.982
1631416920,+3.48,+28.275,+12.296,+0.981
1631416980,+3.48,+28.275,+12.340,+0.982
1631417040,+3.48,+28.267,+12.329,+0.982
1631417100,+3.48,+28.250,+12.345,+0.981
1631417160,+3.48,+28.233,+12.403,+0.983
1631417220,+3.48,+28.233,+12.405,+0.982
1631417280,+3.48,+28.207,+12.460,+0.984
1631417340,+3.48,+28.207,+12.488,+0.984
1631417400,+3.48,+28.190,+12.500,+0.983
1631417460,+3.48,+28.190,+12.487,+0.981
1631417520,+3.48,+28.173,+12.543,+0.982
1631417580,+3.48,+28.173,+12.552,+0.982
1631417640,+3.48,+28.164,+12.549,+0.981
1631417700,+3.48,+28.156,+12.597,+0.983
1631417760,+3.48,+28.147,+12.595,+0.982
1631417820,+3.48,+28.130,+12.615,+0.982
1631417880,+3.48,+28.105,+12.666,+0.983
1631417940,+3.48,+28.113,+12.656,+0.983
1631418000,+3.48,+28.087,+12.655,+0.982
1631418060,+3.48,+28.096,+12.666,+0.983
1631418120,+3.48,+28.096,+12.670,+0.983
1631418180,+3.48,+28.053,+12.685,+0.982
1631418240,+3.48,+28.062,+12.690,+0.983
1631418300,+3.48,+28.045,+12.694,+0.984
1631418360,+3.48,+28.045,+12.682,+0.984
1631418420,+3.48,+28.045,+12.665,+0.982
1631418480,+3.48,+28.045,+12.724,+0.985
1631418540,+3.48,+28.019,+12.730,+0.984
1631418600,+3.48,+28.019,+12.722,+0.983
1631418660,+3.48,+28.011,+12.760,+0.984
1631418720,+3.48,+28.002,+12.763,+0.983
1631418780,+3.48,+27.994,+12.801,+0.984
1631418840,+3.48,+27.977,+12.784,+0.984
1631418900,+3.48,+27.977,+12.760,+0.983
1631418960,+3.48,+27.960,+12.773,+0.984
1631419020,+3.48,+27.968,+12.787,+0.984
1631419080,+3.48,+27.951,+12.782,+0.984
1631419140,+3.48,+27.925,+12.766,+0.983
1631419200,+3.48,+27.917,+12.763,+0.984
1631419260,+3.48,+27.934,+12.696,+0.982
1631419320,+3.48,+27.917,+12.725,+0.984
1631419380,+3.48,+27.925,+12.732,+0.984
1631419440,+3.48,+27.908,+12.736,+0.984
1631419500,+3.48,+27.900,+12.740,+0.984
1631419560,+3.48,+27.891,+12.767,+0.985
1631419620,+3.48,+27.883,+12.697,+0.982
1631419680,+3.48,+27.874,+12.688,+0.983
1631419740,+3.48,+27.866,+12.691,+0.984
1631419800,+3.48,+27.849,+12.638,+0.983
1631419860,+3.48,+27.849,+12.610,+0.983
1631419920,+3.48,+27.823,+12.603,+0.983
1631419980,+3.48,+27.815,+12.554,+0.982
1631420040,+3.48,+27.823,+12.531,+0.983
1631420100,+3.48,+27.832,+12.475,+0.982
1631420160,+3.48,+27.815,+12.478,+0.983
1631420220,+3.48,+27.798,+12.458,+0.983
1631420280,+3.48,+27.823,+12.473,+0.983
1631420340,+3.48,+27.789,+12.485,+0.983
1631420400,+3.48,+27.764,+12.508,+0.982
1631420460,+3.48,+27.772,+12.514,+0.982
1631420520,+3.48,+27.764,+12.568,+0.983
1631420580,+3.48,+27.755,+12.591,+0.983
1631420640,+3.48,+27.747,+12.581,+0.982
1631420700,+3.48,+27.738,+12.598,+0.984
1631420760,+3.48,+27.738,+12.561,+0.983
1631420820,+3.48,+27.730,+12.545,+0.982
1631420880,+3.48,+27.721,+12.572,+0.984
1631420940,+3.48,+27.721,+12.566,+0.983
1631421000,+3.48,+27.704,+12.578,+0.982
1631421060,+3.48,+27.696,+12.611,+0.982
1631421120,+3.48,+27.687,+12.671,+0.985
1631421180,+3.48,+27.678,+12.687,+0.983
1631421240,+3.48,+27.670,+12.654,+0.983
1631421300,+3.48,+27.670,+12.610,+0.983
1631421360,+3.48,+27.661,+12.562,+0.983
1631421420,+3.48,+27.644,+12.537,+0.983
1631421480,+3.48,+27.636,+12.511,+0.983
1631421540,+3.48,+27.636,+12.497,+0.984
1631421600,+3.48,+27.610,+12.446,+0.982
1631421660,+3.48,+27.602,+12.471,+0.984
1631421720,+3.48,+27.602,+12.434,+0.984
1631421780,+3.48,+27.585,+12.419,+0.984
1631421840,+3.48,+27.602,+12.362,+0.983
1631421900,+3.48,+27.585,+12.327,+0.983
1631421960,+3.48,+27.576,+12.301,+0.984
1631422020,+3.48,+27.542,+12.314,+0.984
1631422080,+3.48,+27.542,+12.335,+0.984
1631422140,+3.48,+27.542,+12.344,+0.984
1631422200,+3.48,+27.542,+12.361,+0.984
1631422260,+3.48,+27.525,+12.403,+0.984
1631422320,+3.48,+27.534,+12.442,+0.984
1631422380,+3.48,+27.525,+12.454,+0.984
1631422440,+3.48,+27.508,+12.472,+0.984
1631422500,+3.48,+27.500,+12.461,+0.984
1631422560,+3.48,+27.517,+12.418,+0.984
1631422620,+3.48,+27.500,+12.397,+0.984
1631422680,+3.48,+27.483,+12.396,+0.984
1631422740,+3.48,+27.466,+12.369,+0.984
1631422800,+3.48,+27.449,+12.329,+0.984
1631422860,+3.48,+27.457,+12.284,+0.984
1631422920,+3.48,+27.457,+12.247,+0.983
1631422980,+3.48,+27.423,+12.210,+0.983
1631423040,+3.48,+27.423,+12.191,+0.983
1631423100,+3.48,+27.415,+12.170,+0.985
1631423160,+3.48,+27.406,+12.111,+0.984
1631423220,+3.48,+27.415,+12.054,+0.984
1631423280,+3.48,+27.398,+11.997,+0.983
1631423340,+3.48,+27.389,+11.942,+0.983
1631423400,+3.48,+27.389,+11.912,+0.983
1631423460,+3.48,+27.381,+11.906,+0.984
1631423520,+3.48,+27.372,+11.861,+0.983
1631423580,+3.48,+27.355,+11.860,+0.984
1631423640,+3.48,+27.355,+11.836,+0.984
1631423700,+3.48,+27.338,+11.842,+0.984
1631423760,+3.48,+27.364,+11.822,+0.983
1631423820,+3.48,+27.338,+11.831,+0.984
1631423880,+3.48,+27.330,+11.811,+0.983
1631423940,+3.48,+27.338,+11.797,+0.984
1631424000,+3.48,+27.313,+11.815,+0.984
1631424060,+3.48,+27.313,+11.794,+0.983
1631424120,+3.48,+27.296,+11.782,+0.983
1631424180,+3.48,+27.304,+11.766,+0.983
1631424240,+3.48,+27.287,+11.782,+0.984
1631424300,+3.48,+27.287,+11.737,+0.983
1631424360,+3.48,+27.287,+11.707,+0.983
1631424420,+3.48,+27.270,+11.687,+0.983
1631424480,+3.48,+27.262,+11.673,+0.983
1631424540,+3.48,+27.262,+11.657,+0.983
1631424600,+3.48,+27.262,+11.655,+0.985
1631424660,+3.48,+27.253,+11.633,+0.984
1631424720,+3.48,+27.245,+11.605,+0.984
1631424780,+3.48,+27.236,+11.579,+0.984
1631424840,+3.48,+27.228,+11.538,+0.985
1631424900,+3.48,+27.219,+11.455,+0.984
1631424960,+3.48,+27.211,+11.395,+0.983
1631425020,+3.48,+27.211,+11.341,+0.984
1631425080,+3.48,+27.211,+11.249,+0.983
1631425140,+3.48,+27.202,+11.174,+0.983
1631425200,+3.48,+27.177,+11.123,+0.984
1631425260,+3.48,+27.177,+11.038,+0.983
1631425320,+3.48,+27.186,+10.989,+0.985
1631425380,+3.48,+27.169,+10.901,+0.983
1631425440,+3.48,+27.160,+10.864,+0.984
1631425500,+3.48,+27.152,+10.770,+0.983
1631425560,+3.48,+27.135,+10.717,+0.984
1631425620,+3.48,+27.135,+10.629,+0.983
1631425680,+3.48,+27.135,+10.574,+0.983
1631425740,+3.48,+27.126,+10.515,+0.984
1631425800,+3.48,+27.109,+10.451,+0.983
1631425860,+3.48,+27.118,+10.393,+0.983
1631425920,+3.48,+27.118,+10.348,+0.984
1631425980,+3.48,+27.109,+10.265,+0.982
1631426040,+3.48,+27.092,+10.235,+0.983
1631426100,+3.48,+27.101,+10.196,+0.982
1631426160,+3.48,+27.084,+10.188,+0.983
1631426220,+3.48,+27.075,+10.119,+0.983
1631426280,+3.48,+27.067,+10.063,+0.982
1631426340,+3.48,+27.058, +9.998,+0.981
1631426400,+3.48,+27.050, +9.990,+0.982
1631426460,+3.48,+27.050, +9.943,+0.981
1631426520,+3.48,+27.058, +9.911,+0.981
1631426580,+3.48,+27.041, +9.909,+0.981
1631426640,+3.48,+27.033, +9.938,+0.982
1631426700,+3.48,+27.024, +9.922,+0.981
1631426760,+3.48,+27.024, +9.940,+0.982
1631426820,+3.48,+27.007, +9.920,+0.982
1631426880,+3.48,+27.016, +9.904,+0.981
1631426940,+3.48,+26.999, +9.906,+0.981
1631427000,+3.48,+26.990, +9.914,+0.982
1631427060,+3.48,+26.982, +9.930,+0.982
1631427120,+3.48,+26.982, +9.956,+0.982
1631427180,+3.48,+26.982, +9.941,+0.981
1631427240,+3.48,+26.956, +9.943,+0.982
1631427300,+3.48,+26.973, +9.926,+0.982
1631427360,+3.48,+26.948, +9.923,+0.982
1631427420,+3.48,+26.931, +9.924,+0.982
1631427480,+3.48,+26.923, +9.926,+0.982
1631427540,+3.48,+26.931, +9.916,+0.982
1631427600,+3.48,+26.914, +9.916,+0.982
1631427660,+3.48,+26.914, +9.894,+0.981
1631427720,+3.48,+26.906, +9.893,+0.982
1631427780,+3.48,+26.906, +9.880,+0.983
1631427840,+3.48,+26.897, +9.799,+0.982
1631427900,+3.48,+26.897, +9.744,+0.983
1631427960,+3.48,+26.889, +9.678,+0.981
1631428020,+3.48,+26.872, +9.635,+0.981
1631428080,+3.48,+26.889, +9.595,+0.981
1631428140,+3.48,+26.872, +9.568,+0.982
1631428200,+3.48,+26.855, +9.559,+0.982
1631428260,+3.48,+26.846, +9.562,+0.982
1631428320,+3.48,+26.855, +9.511,+0.982
1631428380,+3.48,+26.838, +9.473,+0.982
1631428440,+3.48,+26.829, +9.431,+0.983
1631428500,+3.48,+26.829, +9.355,+0.981
1631428560,+3.48,+26.829, +9.295,+0.982
1631428620,+3.48,+26.829, +9.237,+0.982
1631428680,+3.48,+26.812, +9.191,+0.983
1631428740,+3.48,+26.795, +9.153,+0.982
1631428800,+3.48,+26.787, +9.120,+0.983
1631428860,+3.48,+26.787, +9.078,+0.982
1631428920,+3.48,+26.778, +9.052,+0.982
1631428980,+3.48,+26.770, +9.055,+0.982
1631429040,+3.48,+26.787, +9.029,+0.982
1631429100,+3.48,+26.778, +9.026,+0.982
1631429160,+3.48,+26.770, +9.006,+0.982
1631429220,+3.48,+26.762, +8.987,+0.982
1631429280,+3.48,+26.762, +8.943,+0.982
1631429340,+3.48,+26.736, +8.910,+0.982
1631429400,+3.48,+26.728, +8.875,+0.982
1631429460,+3.48,+26.745, +8.809,+0.981
1631429520,+3.48,+26.745, +8.795,+0.982
1631429580,+3.48,+26.728, +8.759,+0.982
1631429640,+3.48,+26.719, +8.733,+0.982
1631429700,+3.48,+26.719, +8.700,+0.982
1631429760,+3.48,+26.719, +8.641,+0.982
1631429820,+3.48,+26.702, +8.563,+0.982
1631429880,+3.48,+26.702, +8.471,+0.982
1631429940,+3.48,+26.685, +8.377,+0.981
1631430000,+3.48,+26.694, +8.306,+0.982
1631430060,+3.48,+26.677, +8.233,+0.982
1631430120,+3.48,+26.685, +8.156,+0.982
1631430180,+3.48,+26.677, +8.082,+0.981
1631430240,+3.48,+26.668, +8.018,+0.982
1631430300,+3.48,+26.677, +7.936,+0.981
1631430360,+3.48,+26.643, +7.855,+0.981
1631430420,+3.48,+26.651, +7.773,+0.982
1631430480,+3.48,+26.651, +7.667,+0.981
1631430540,+3.48,+26.643, +7.562,+0.981
1631430600,+3.48,+26.643, +7.466,+0.981
1631430660,+3.48,+26.634, +7.356,+0.980
1631430720,+3.48,+26.634, +7.271,+0.980
1631430780,+3.48,+26.626, +7.172,+0.981
1631430840,+3.48,+26.634, +7.063,+0.981
1631430900,+3.48,+26.626, +6.953,+0.981
1631430960,+3.48,+26.618, +6.839,+0.980
1631431020,+3.48,+26.609, +6.753,+0.980
1631431080,+3.48,+26.618, +6.654,+0.980
1631431140,+3.48,+26.609, +6.544,+0.979
1631431200,+3.48,+26.592, +6.438,+0.978
1631431260,+3.48,+26.575, +6.346,+0.979
1631431320,+3.48,+26.584, +6.256,+0.978
1631431380,+3.48,+26.584, +6.196,+0.979
1631431440,+3.48,+26.567, +6.109,+0.979
1631431500,+3.48,+26.567, +6.028,+0.978
1631431560,+3.48,+26.558, +5.933,+0.978
1631431620,+3.48,+26.550, +5.885,+0.979
1631431680,+3.48,+26.550, +5.833,+0.979
1631431740,+3.48,+26.550, +5.748,+0.978
1631431800,+3.48,+26.533, +5.679,+0.979
1631431860,+3.48,+26.541, +5.656,+0.979
1631431920,+3.48,+26.533, +5.592,+0.978
1631431980,+3.48,+26.516, +5.551,+0.979
1631432040,+3.48,+26.499, +5.477,+0.979
1631432100,+3.48,+26.508, +5.380,+0.979
1631432160,+3.48,+26.482, +5.247,+0.978
1631432220,+3.48,+26.482, +5.179,+0.979
1631432280,+3.48,+26.482, +5.067,+0.978
1631432340,+3.48,+26.499, +4.939,+0.977
1631432400,+3.48,+26.491, +4.836,+0.977
1631432460,+3.48,+26.491, +4.736,+0.978
1631432520,+3.48,+26.457, +4.718,+0.979
1631432580,+3.48,+26.465, +4.683,+0.979
1631432640,+3.48,+26.465, +4.627,+0.979
1631432700,+3.48,+26.465, +4.537,+0.977
1631432760,+3.47,+26.448, +4.430,+0.976
1631432820,+3.47,+26.457, +4.363,+0.977
1631432880,+3.47,+26.431, +4.266,+0.977
1631432940,+3.47,+26.440, +4.150,+0.976
1631433000,+3.47,+26.431, +4.038,+0.975
1631433060,+3.47,+26.423, +3.883,+0.972
1631433120,+3.47,+26.431, +3.739,+0.970
1631433180,+3.47,+26.414, +3.571,+0.969
1631433240,+3.47,+26.406, +3.433,+0.967
1631433300,+3.47,+26.389, +3.369,+0.967
1631433360,+3.47,+26.398, +3.300,+0.967
1631433420,+3.47,+26.364, +3.219,+0.966
1631433480,+3.47,+26.372, +3.137,+0.965
1631433540,+3.47,+26.389, +3.063,+0.966
1631433600,+3.47,+26.381, +3.020,+0.967
1631433660,+3.47,+26.372, +2.968,+0.967
1631433720,+3.47,+26.372, +2.913,+0.968
1631433780,+3.47,+26.364, +2.895,+0.969
1631433840,+3.47,+26.364, +2.828,+0.968
1631433900,+3.47,+26.372, +2.799,+0.969
1631433960,+3.47,+26.355, +2.757,+0.967
1631434020,+3.47,+26.364, +2.710,+0.966
1631434080,+3.47,+26.355, +2.635,+0.966
1631434140,+3.47,+26.347, +2.510,+0.965
1631434200,+3.47,+26.347, +2.370,+0.964
1631434260,+3.47,+26.338, +2.226,+0.962
1631434320,+3.47,+26.330, +2.106,+0.960
1631434380,+3.47,+26.321, +2.001,+0.959
1631434440,+3.47,+26.305, +1.935,+0.959
1631434500,+3.47,+26.321, +1.876,+0.959
1631434560,+3.47,+26.330, +1.751,+0.955
1631434620,+3.47,+26.330, +1.653,+0.952
1631434680,+3.47,+26.313, +1.590,+0.950
1631434740,+3.47,+26.321, +1.527,+0.949
1631434800,+3.47,+26.305, +1.478,+0.948
1631434860,+3.47,+26.296, +1.444,+0.947
1631434920,+3.47,+26.288, +1.424,+0.947
1631434980,+3.47,+26.279, +1.371,+0.946
1631435040,+3.47,+26.288, +1.310,+0.946
1631435100,+3.47,+26.288, +1.202,+0.944
1631435160,+3.47,+26.279, +1.115,+0.944
1631435220,+3.47,+26.288, +1.026,+0.944
1631435280,+3.47,+26.279, +0.943,+0.944
1631435340,+3.47,+26.271, +0.923,+0.945
1631435400,+3.47,+26.271, +0.928,+0.947
1631435460,+3.47,+26.279, +0.940,+0.948
1631435520,+3.47,+26.271, +0.956,+0.949
1631435580,+3.47,+26.262, +0.979,+0.950
1631435640,+3.47,+26.262, +0.981,+0.950
1631435700,+3.47,+26.262, +0.923,+0.949
1631435760,+3.47,+26.254, +0.874,+0.949
1631435820,+3.47,+26.237, +0.824,+0.949
1631435880,+3.47,+26.229, +0.778,+0.949
1631435940,+3.47,+26.245, +0.732,+0.949
1631436000,+3.47,+26.229, +0.688,+0.950
1631436060,+3.47,+26.220, +0.656,+0.951
1631436120,+3.47,+26.229, +0.627,+0.951
1631436180,+3.47,+26.212, +0.598,+0.952
1631436240,+3.47,+26.220, +0.578,+0.953
1631436300,+3.47,+26.220, +0.561,+0.954
1631436360,+3.47,+26.212, +0.547,+0.954
1631436420,+3.47,+26.229, +0.525,+0.953
1631436480,+3.47,+26.203, +0.507,+0.953
1631436540,+3.47,+26.203, +0.490,+0.954
1631436600,+3.47,+26.203, +0.476,+0.955
1631436660,+3.47,+26.186, +0.454,+0.955
1631436720,+3.47,+26.178, +0.445,+0.956
1631436780,+3.47,+26.186, +0.431,+0.957
1631436840,+3.47,+26.178, +0.412,+0.957
1631436900,+3.47,+26.178, +0.398,+0.958
1631436960,+3.47,+26.178, +0.385,+0.959
1631437020,+3.47,+26.161, +0.380,+0.959
1631437080,+3.47,+26.161, +0.386,+0.959
1631437140,+3.47,+26.169, +0.406,+0.959
1631437200,+3.47,+26.152, +0.427,+0.959
1631437260,+3.48,+26.161, +0.441,+0.958
1631437320,+3.47,+26.152, +0.461,+0.959
1631437380,+3.48,+26.144, +0.468,+0.960
1631437440,+3.48,+26.144, +0.477,+0.960
1631437500,+3.47,+26.136, +0.485,+0.959
1631437560,+3.48,+26.127, +0.494,+0.960
1631437620,+3.48,+26.127, +0.488,+0.960
1631437680,+3.47,+26.127, +0.479,+0.960
1631437740,+3.48,+26.127, +0.465,+0.960
1631437800,+3.48,+26.110, +0.443,+0.961
1631437860,+3.48,+26.110, +0.420,+0.962
1631437920,+3.48,+26.110, +0.412,+0.963
1631437980,+3.47,+26.110, +0.406,+0.963
1631438040,+3.48,+26.102, +0.396,+0.964
1631438100,+3.48,+26.068, +0.378,+0.964
1631438160,+3.48,+26.102, +0.354,+0.965
1631438220,+3.48,+26.085, +0.337,+0.965
1631438280,+3.48,+26.093, +0.328,+0.965
1631438340,+3.48,+26.085, +0.313,+0.965
1631438400,+3.47,+26.060, +0.301,+0.966
1631438460,+3.48,+26.085, +0.290,+0.966
1631438520,+3.47,+26.076, +0.293,+0.965
1631438580,+3.47,+26.076, +0.297,+0.964
1631438640,+3.48,+26.076, +0.307,+0.963
1631438700,+3.47,+26.068, +0.314,+0.963
1631438760,+3.48,+26.060, +0.328,+0.964
1631438820,+3.48,+26.060, +0.319,+0.964
1631438880,+3.48,+26.060, +0.294,+0.963
1631438940,+3.48,+26.051, +0.275,+0.963
1631439000,+3.48,+26.043, +0.260,+0.964
1631439060,+3.48,+26.043, +0.235,+0.964
1631439120,+3.47,+26.034, +0.213,+0.965
1631439180,+3.47,+26.026, +0.182,+0.965
1631439240,+3.48,+26.034, +0.144,+0.966
1631439300,+3.48,+26.026, +0.121,+0.966
1631439360,+3.48,+26.034, +0.106,+0.966
1631439420,+3.48,+26.034, +0.096,+0.966
1631439480,+3.48,+26.043, +0.089,+0.966
1631439540,+3.47,+26.034, +0.088,+0.966
1631439600,+3.48,+26.017, +0.088,+0.966
1631439660,+3.48,+26.026, +0.090,+0.966
1631439720,+3.48,+26.017, +0.092,+0.966
1631439780,+3.48,+26.017, +0.088,+0.966
1631439840,+3.48,+26.009, +0.084,+0.966
1631439900,+3.48,+25.992, +0.094,+0.966
1631439960,+3.48,+26.000, +0.099,+0.965
1631440020,+3.48,+25.992, +0.095,+0.965
1631440080,+3.48,+25.992, +0.092,+0.965
1631440140,+3.48,+25.967, +0.088,+0.965
1631440200,+3.48,+25.984, +0.083,+0.966
1631440260,+3.48,+25.967, +0.076,+0.966
1631440320,+3.48,+25.967, +0.064,+0.966
1631440380,+3.48,+25.984, +0.060,+0.966
1631440440,+3.48,+25.967, +0.057,+0.966
1631440500,+3.48,+25.975, +0.059,+0.966
1631440560,+3.48,+25.958, +0.060,+0.966
1631440620,+3.48,+25.950, +0.053,+0.966
1631440680,+3.48,+25.967, +0.047,+0.966
1631440740,+3.48,+25.958, +0.046,+0.966
1631440800,+3.48,+25.941, +0.047,+0.966
1631440860,+3.48,+25.950, +0.045,+0.966
1631440920,+3.48,+25.924, +0.048,+0.966
1631440980,+3.48,+25.933, +0.045,+0.966
1631441040,+3.48,+25.941, +0.042,+0.966
1631441100,+3.48,+25.933, +0.040,+0.966
1631441160,+3.48,+25.933, +0.039,+0.966
1631441220,+3.48,+25.950, +0.044,+0.966
1631441280,+3.48,+25.950, +0.054,+0.966
1631441340,+3.48,+25.916, +0.069,+0.966
1631441400,+3.48,+25.933, +0.070,+0.966
1631441460,+3.48,+25.933, +0.067,+0.966
1631441520,+3.48,+25.916, +0.065,+0.966
1631441580,+3.48,+25.899, +0.060,+0.966
1631441640,+3.48,+25.916, +0.055,+0.966
1631441700,+3.48,+25.916, +0.052,+0.966
1631441760,+3.48,+25.933, +0.051,+0.966
1631441820,+3.48,+25.916, +0.051,+0.966
1631441880,+3.48,+25.908, +0.040,+0.966
1631441940,+3.48,+25.924, +0.038,+0.966
1631442000,+3.48,+25.908, +0.038,+0.966
1631442060,+3.48,+25.899, +0.038,+0.966
1631442120,+3.48,+25.891, +0.038,+0.966
1631442180,+3.48,+25.882, +0.039,+0.966
1631442240,+3.48,+25.891, +0.037,+0.966
1631442300,+3.48,+25.891, +0.037,+0.966
1631442360,+3.48,+25.891, +0.037,+0.966
1631442420,+3.48,+25.891, +0.037,+0.966
1631442480,+3.48,+25.882, +0.038,+0.966
1631442540,+3.48,+25.891, +0.037,+0.966
1631442600,+3.48,+25.882, +0.037,+0.966
1631442660,+3.48,+25.882, +0.037,+0.966
1631442720,+3.48,+25.874, +0.038,+0.966
1631442780,+3.48,+25.865, +0.040,+0.966
1631442840,+3.48,+25.882, +0.040,+0.966
1631442900,+3.48,+25.865, +0.040,+0.966
1631442960,+3.48,+25.865, +0.038,+0.966
1631443020,+3.48,+25.865, +0.038,+0.966
1631443080,+3.48,+25.857, +0.038,+0.966
1631443140,+3.48,+25.840, +0.038,+0.966
1631443200,+3.48,+25.849, +0.038,+0.966
1631443260,+3.48,+25.849, +0.038,+0.966
1631443320,+3.48,+25.832, +0.037,+0.966
1631443380,+3.48,+25.823, +0.037,+0.966
1631443440,+3.48,+25.840, +0.037,+0.966
1631443500,+3.48,+25.840, +0.037,+0.966
1631443560,+3.48,+25.832, +0.037,+0.966
1631443620,+3.48,+25.823, +0.037,+0.966
1631443680,+3.48,+25.815, +0.037,+0.966
1631443740,+3.48,+25.823, +0.037,+0.966
1631443800,+3.48,+25.832, +0.037,+0.966
1631443860,+3.48,+25.806, +0.037,+0.966
1631443920,+3.48,+25.806, +0.038,+0.966
1631443980,+3.48,+25.806, +0.037,+0.966
1631444040,+3.48,+25.806, +0.037,+0.966
1631444100,+3.48,+25.798, +0.037,+0.966
1631444160,+3.48,+25.789, +0.037,+0.966
1631444220,+3.48,+25.789, +0.036,+0.966
1631444280,+3.48,+25.789, +0.037,+0.966
1631444340,+3.48,+25.798, +0.037,+0.966
1631444400,+3.48,+25.789, +0.037,+0.966
1631444460,+3.48,+25.789, +0.037,+0.966
1631444520,+3.48,+25.773, +0.037,+0.966
1631444580,+3.48,+25.789, +0.037,+0.966
1631444640,+3.48,+25.781, +0.037,+0.966
1631444700,+3.48,+25.781, +0.037,+0.966
1631444760,+3.48,+25.764, +0.037,+0.966
1631444820,+3.48,+25.773, +0.037,+0.966
1631444880,+3.48,+25.756, +0.037,+0.966
1631444940,+3.48,+25.747, +0.037,+0.966
1631445000,+3.48,+25.764, +0.037,+0.966
1631445060,+3.48,+25.747, +0.037,+0.966
1631445120,+3.48,+25.764, +0.037,+0.967
1631445180,+3.48,+25.739, +0.037,+0.966
1631445240,+3.48,+25.764, +0.037,+0.966
1631445300,+3.48,+25.756, +0.037,+0.967
1631445360,+3.48,+25.747, +0.037,+0.966
1631445420,+3.48,+25.756, +0.037,+0.966
1631445480,+3.48,+25.730, +0.037,+0.966
1631445540,+3.48,+25.739, +0.037,+0.966
1631445600,+3.48,+25.747, +0.037,+0.966
1631445660,+3.48,+25.739, +0.037,+0.966
1631445720,+3.48,+25.730, +0.037,+0.966
1631445780,+3.48,+25.722, +0.037,+0.967
1631445840,+3.48,+25.722, +0.037,+0.966
1631445900,+3.48,+25.722, +0.037,+0.967
1631445960,+3.48,+25.714, +0.036,+0.966
1631446020,+3.48,+25.714, +0.037,+0.967
1631446080,+3.48,+25.722, +0.037,+0.967
1631446140,+3.48,+25.722, +0.037,+0.966
1631446200,+3.48,+25.714, +0.037,+0.966
1631446260,+3.48,+25.714, +0.036,+0.967
1631446320,+3.48,+25.697, +0.037,+0.967
1631446380,+3.48,+25.688, +0.037,+0.966
1631446440,+3.48,+25.697, +0.037,+0.967
1631446500,+3.48,+25.680, +0.037,+0.967
1631446560,+3.48,+25.680, +0.037,+0.967
1631446620,+3.48,+25.688, +0.037,+0.967
1631446680,+3.48,+25.688, +0.037,+0.967
1631446740,+3.48,+25.671, +0.037,+0.967
1631446800,+3.48,+25.680, +0.037,+0.967
1631446860,+3.48,+25.680, +0.037,+0.967
1631446920,+3.48,+25.680, +0.036,+0.966
1631446980,+3.48,+25.671, +0.037,+0.967
1631447040,+3.48,+25.680, +0.037,+0.967
1631447100,+3.48,+25.663, +0.037,+0.967
1631447160,+3.48,+25.646, +0.038,+0.967
1631447220,+3.48,+25.671, +0.037,+0.967
1631447280,+3.48,+25.655, +0.037,+0.967
1631447340,+3.48,+25.663, +0.037,+0.967
1631447400,+3.48,+25.638, +0.037,+0.967
1631447460,+3.48,+25.655, +0.037,+0.967
1631447520,+3.48,+25.655, +0.037,+0.967
1631447580,+3.48,+25.638, +0.037,+0.967
1631447640,+3.48,+25.629, +0.037,+0.967
1631447700,+3.48,+25.629, +0.037,+0.967
1631447760,+3.48,+25.621, +0.036,+0.967
1631447820,+3.48,+25.629, +0.037,+0.967
1631447880,+3.48,+25.629, +0.037,+0.967
1631447940,+3.48,+25.629, +0.036,+0.966
1631448000,+3.48,+25.629, +0.036,+0.966
1631448060,+3.48,+25.621, +0.037,+0.967
1631448120,+3.48,+25.612, +0.036,+0.967
1631448180,+3.48,+25.604, +0.037,+0.967
1631448240,+3.48,+25.604, +0.037,+0.967
1631448300,+3.48,+25.612, +0.037,+0.967
1631448360,+3.48,+25.612, +0.037,+0.967
1631448420,+3.48,+25.604, +0.037,+0.967
1631448480,+3.48,+25.596, +0.036,+0.967
1631448540,+3.48,+25.604, +0.036,+0.967
1631448600,+3.48,+25.596, +0.037,+0.967
1631448660,+3.48,+25.579, +0.037,+0.967
1631448720,+3.48,+25.596, +0.037,+0.967
1631448780,+3.48,+25.596, +0.037,+0.967
1631448840,+3.48,+25.587, +0.037,+0.967
1631448900,+3.48,+25.587, +0.037,+0.967
1631448960,+3.48,+25.579, +0.038,+0.967
1631449020,+3.48,+25.604, +0.037,+0.967
1631449080,+3.48,+25.579, +0.037,+0.967
1631449140,+3.48,+25.570, +0.038,+0.967
1631449200,+3.48,+25.579, +0.037,+0.967
1631449260,+3.48,+25.587, +0.037,+0.967
1631449320,+3.48,+25.579, +0.037,+0.967
1631449380,+3.48,+25.570, +0.037,+0.967
1631449440,+3.48,+25.553, +0.072,+0.967
1631449500,+3.48,+25.562, +0.233,+0.968
1631449560,+3.48,+25.562, +0.468,+0.967
1631449620,+3.48,+25.553, +0.561,+0.967
1631449680,+3.48,+25.562, +0.612,+0.967
1631449740,+3.48,+25.537, +0.645,+0.968
1631449800,+3.48,+25.553, +0.659,+0.968
1631449860,+3.48,+25.545, +0.729,+0.965
1631449920,+3.48,+25.545, +0.780,+0.963
1631449980,+3.48,+25.528, +0.807,+0.962
1631450040,+3.48,+25.537, +0.840,+0.963
1631450100,+3.48,+25.545, +0.851,+0.962
1631450160,+3.48,+25.537, +1.213,+0.962
1631450220,+3.48,+25.537, +1.387,+0.962
1631450280,+3.48,+25.545, +1.455,+0.963
1631450340,+3.48,+25.520, +1.488,+0.963
1631450400,+3.48,+25.528, +1.488,+0.965
1631450460,+3.48,+25.520, +1.472,+0.965
1631450520,+3.48,+25.528, +1.458,+0.966
1631450580,+3.48,+25.520, +1.450,+0.966
1631450640,+3.48,+25.511, +1.446,+0.966
1631450700,+3.48,+25.503, +1.427,+0.966
1631450760,+3.48,+25.511, +1.385,+0.966
1631450820,+3.48,+25.528, +1.344,+0.966
1631450880,+3.48,+25.511, +1.327,+0.965
1631450940,+3.48,+25.503, +1.363,+0.965
1631451000,+3.48,+25.503, +1.410,+0.965
1631451060,+3.48,+25.503, +1.446,+0.966
1631451120,+3.48,+25.511, +1.477,+0.966
1631451180,+3.48,+25.511, +1.498,+0.967
1631451240,+3.48,+25.503, +1.505,+0.967
1631451300,+3.48,+25.520, +1.495,+0.967
1631451360,+3.48,+25.511, +1.474,+0.968
1631451420,+3.48,+25.494, +1.442,+0.968
1631451480,+3.48,+25.503, +1.433,+0.968
1631451540,+3.48,+25.494, +1.459,+0.969
1631451600,+3.48,+25.494, +1.490,+0.969
1631451660,+3.48,+25.494, +1.519,+0.969
1631451720,+3.48,+25.494, +2.132,+0.973
1631451780,+3.47,+25.478, +2.360,+0.974
1631451840,+3.48,+25.494, +2.455,+0.974
1631451900,+3.48,+25.469, +2.510,+0.975
1631451960,+3.48,+25.469, +2.541,+0.975
1631452020,+3.48,+25.478, +2.562,+0.976
1631452080,+3.47,+25.461, +2.569,+0.977
1631452140,+3.48,+25.469, +2.583,+0.977
1631452200,+3.47,+25.478, +2.593,+0.977
1631452260,+3.48,+25.486, +2.599,+0.978
1631452320,+3.48,+25.478, +2.605,+0.978
1631452380,+3.48,+25.478, +2.603,+0.979
1631452440,+3.48,+25.478, +2.593,+0.979
1631452500,+3.48,+25.469, +2.597,+0.979
1631452560,+3.47,+25.486, +2.601,+0.979
1631452620,+3.47,+25.478, +2.629,+0.980
1631452680,+3.47,+25.469, +2.656,+0.980
1631452740,+3.48,+25.469, +2.677,+0.980
1631452800,+3.48,+25.486, +2.741,+0.980
1631452860,+3.48,+25.478, +2.855,+0.981
1631452920,+3.48,+25.469, +2.992,+0.982
1631452980,+3.47,+25.486, +3.142,+0.981
1631453040,+3.48,+25.486, +3.303,+0.982
1631453100,+3.48,+25.478, +3.455,+0.982
1631453160,+3.48,+25.469, +3.614,+0.982
1631453220,+3.48,+25.486, +3.777,+0.983
1631453280,+3.48,+25.486, +3.933,+0.982
1631453340,+3.48,+25.486, +4.100,+0.983
1631453400,+3.47,+25.494, +4.276,+0.983
1631453460,+3.48,+25.503, +4.468,+0.983
1631453520,+3.48,+25.503, +4.670,+0.983
1631453580,+3.47,+25.511, +4.872,+0.983
1631453640,+3.48,+25.520, +5.100,+0.982
1631453700,+3.48,+25.511, +5.344,+0.982
1631453760,+3.48,+25.520, +5.599,+0.983
1631453820,+3.47,+25.528, +5.838,+0.982
1631453880,+3.47,+25.545, +6.092,+0.982
1631453940,+3.48,+25.520, +6.324,+0.982
1631454000,+3.48,+25.520, +6.417,+0.983
1631454060,+3.47,+25.537, +6.522,+0.983
1631454120,+3.48,+25.537, +6.667,+0.982
1631454180,+3.47,+25.520, +6.837,+0.982
1631454240,+3.47,+25.537, +7.028,+0.983
1631454300,+3.48,+25.545, +7.252,+0.983
1631454360,+3.48,+25.537, +7.492,+0.982
1631454420,+3.47,+25.545, +7.752,+0.983
1631454480,+3.47,+25.545, +8.011,+0.983
1631454540,+3.47,+25.553, +8.286,+0.983
1631454600,+3.47,+25.553, +8.561,+0.983
1631454660,+3.47,+25.553, +8.829,+0.983
1631454720,+3.47,+25.545, +9.090,+0.983
1631454780,+3.47,+25.570, +9.188,+0.982
1631454840,+3.47,+25.562, +9.377,+0.983
1631454900,+3.47,+25.553, +9.585,+0.982
1631454960,+3.47,+25.562, +9.902,+0.984
1631455020,+3.47,+25.570,+10.150,+0.982
1631455080,+3.47,+25.579,+10.415,+0.984
1631455140,+3.47,+25.579,+10.647,+0.983
1631455200,+3.47,+25.579,+10.863,+0.984
1631455260,+3.47,+25.596,+11.081,+0.984
1631455320,+3.47,+25.587,+11.242,+0.983
1631455380,+3.47,+25.587,+11.436,+0.983
1631455440,+3.47,+25.587,+11.637,+0.984
1631455500,+3.47,+25.604,+11.738,+0.984
1631455560,+3.47,+25.587,+11.843,+0.983
1631455620,+3.47,+25.596,+12.000,+0.984
1631455680,+3.47,+25.612,+12.136,+0.983
1631455740,+3.47,+25.579,+12.352,+0.985
1631455800,+3.47,+25.604,+12.521,+0.984
1631455860,+3.47,+25.621,+12.672,+0.984
1631455920,+3.47,+25.629,+12.809,+0.983
1631455980,+3.47,+25.629,+13.021,+0.983
1631456040,+3.47,+25.638,+13.248,+0.984
1631456100,+3.47,+25.621,+13.483,+0.984
1631456160,+3.47,+25.638,+13.696,+0.984
1631456220,+3.47,+25.629,+13.954,+0.984
1631456280,+3.47,+25.629,+13.089,+0.985
1631456340,+3.47,+25.621,+12.222,+0.981
1631456400,+3.47,+25.612,+12.046,+0.982
1631456460,+3.47,+25.612,+12.052,+0.982
1631456520,+3.47,+25.638,+12.157,+0.983
1631456580,+3.47,+25.646,+12.381,+0.983
1631456640,+3.47,+25.646,+12.513,+0.982
1631456700,+3.47,+25.663,+12.558,+0.981
1631456760,+3.47,+25.655,+12.743,+0.981
1631456820,+3.47,+25.663,+12.976,+0.982
1631456880,+3.47,+25.663,+13.199,+0.982
1631456940,+3.47,+25.680,+13.463,+0.983
1631457000,+3.47,+25.680,+13.696,+0.983
1631457060,+3.47,+25.697,+13.981,+0.983
1631457120,+3.47,+25.705,+14.326,+0.982
1631457180,+3.47,+25.714,+14.661,+0.983
1631457240,+3.47,+25.705,+14.953,+0.983
1631457300,+3.47,+25.697,+15.264,+0.984
1631457360,+3.47,+25.730,+15.602,+0.985
1631457420,+3.47,+25.722,+15.943,+0.984
1631457480,+3.47,+25.722,+16.224,+0.984
1631457540,+3.47,+25.764,+16.531,+0.986
1631457600,+3.47,+25.730,+16.766,+0.984
1631457660,+3.47,+25.756,+17.049,+0.984
1631457720,+3.47,+25.747,+17.349,+0.985
1631457780,+3.47,+25.756,+17.641,+0.986
1631457840,+3.47,+25.756,+17.881,+0.985
1631457900,+3.47,+25.773,+18.156,+0.986
1631457960,+3.47,+25.781,+18.441,+0.987
1631458020,+3.47,+25.764,+18.727,+0.987
1631458080,+3.47,+25.781,+18.983,+0.985
1631458140,+3.47,+25.789,+19.356,+0.987
1631458200,+3.47,+25.789,+19.564,+0.985
1631458260,+3.47,+25.806,+19.943,+0.987
1631458320,+3.47,+25.806,+20.262,+0.987
1631458380,+3.47,+25.815,+20.623,+0.987
1631458440,+3.47,+25.832,+20.860,+0.986
1631458500,+3.47,+25.832,+21.156,+0.986
1631458560,+3.47,+25.840,+21.428,+0.986
1631458620,+3.47,+25.840,+21.696,+0.987
1631458680,+3.47,+25.849,+21.953,+0.987
1631458740,+3.47,+25.857,+22.145,+0.986
1631458800,+3.47,+25.882,+22.390,+0.987
1631458860,+3.47,+25.891,+22.630,+0.987
1631458920,+3.47,+25.882,+22.896,+0.990
1631458980,+3.47,+25.899,+23.031,+0.987
1631459040,+3.47,+25.908,+23.326,+0.988
1631459100,+3.47,+25.908,+23.604,+0.986
1631459160,+3.47,+25.924,+23.922,+0.987
1631459220,+3.47,+25.924,+24.179,+0.987
1631459280,+3.47,+25.941,+24.362,+0.988
1631459340,+3.47,+25.941,+24.511,+0.988
1631459400,+3.47,+25.933,+24.670,+0.988
1631459460,+3.47,+25.950,+24.923,+0.991
1631459520,+3.47,+25.950,+24.985,+0.987
1631459580,+3.47,+25.992,+25.151,+0.989
1631459640,+3.47,+25.975,+25.231,+0.989
1631459700,+3.47,+25.975,+25.165,+0.983
1631459760,+3.47,+25.984,+25.576,+0.989
1631459820,+3.47,+25.992,+25.685,+0.988
1631459880,+3.47,+25.992,+25.961,+0.989
1631459940,+3.47,+26.000,+26.075,+0.987
1631460000,+3.47,+26.026,+26.295,+0.989
1631460060,+3.47,+26.009,+26.445,+0.988
1631460120,+3.47,+26.009,+26.563,+0.987
1631460180,+3.47,+26.017,+26.707,+0.988
1631460240,+3.47,+26.026,+26.792,+0.987
1631460300,+3.47,+26.034,+26.908,+0.987
1631460360,+3.47,+26.034,+26.949,+0.987
1631460420,+3.47,+26.051,+25.748,+0.985
1631460480,+3.47,+26.043,+24.915,+0.986
1631460540,+3.47,+26.051,+24.633,+0.988
1631460600,+3.47,+26.051,+24.345,+0.983
1631460660,+3.47,+26.076,+24.422,+0.987
1631460720,+3.47,+26.068,+24.608,+0.985
1631460780,+3.47,+26.068,+25.065,+0.986
1631460840,+3.47,+26.102,+25.565,+0.985
1631460900,+3.47,+26.085,+26.240,+0.988
1631460960,+3.47,+26.102,+26.753,+0.987
1631461020,+3.47,+26.119,+27.052,+0.984
1631461080,+3.47,+26.119,+27.480,+0.987
1631461140,+3.47,+26.136,+27.703,+0.985
1631461200,+3.47,+26.144,+28.093,+0.988
1631461260,+3.47,+26.144,+28.096,+0.987
1631461320,+3.47,+26.144,+27.661,+0.986
1631461380,+3.47,+26.161,+27.155,+0.986
1631461440,+3.47,+26.169,+26.519,+0.984
1631461500,+3.47,+26.195,+26.088,+0.984
1631461560,+3.47,+26.203,+26.044,+0.983
1631461620,+3.47,+26.220,+26.351,+0.986
1631461680,+3.47,+26.220,+26.773,+0.986
1631461740,+3.47,+26.237,+27.235,+0.985
1631461800,+3.47,+26.254,+27.886,+0.989
1631461860,+3.47,+26.245,+28.323,+0.987
1631461920,+3.47,+26.279,+28.618,+0.985
1631461980,+3.47,+26.296,+28.850,+0.983
1631462040,+3.47,+26.305,+29.259,+0.984
1631462100,+3.47,+26.321,+29.679,+0.984
1631462160,+3.47,+26.355,+29.871,+0.982
1631462220,+3.47,+26.355,+30.250,+0.987
1631462280,+3.47,+26.389,+30.336,+0.985
1631462340,+3.47,+26.398,+30.621,+0.986
1631462400,+3.47,+26.398,+30.848,+0.984
1631462460,+3.47,+26.406,+31.129,+0.984
1631462520,+3.47,+26.423,+31.315,+0.983
1631462580,+3.47,+26.431,+31.480,+0.982
1631462640,+3.47,+26.431,+31.176,+0.983
1631462700,+3.47,+26.448,+30.541,+0.979
1631462760,+3.47,+26.474,+30.195,+0.980
1631462820,+3.47,+26.482,+30.127,+0.983
1631462880,+3.47,+26.482,+30.263,+0.986
1631462940,+3.47,+26.516,+30.403,+0.985
1631463000,+3.47,+26.524,+30.496,+0.983
1631463060,+3.47,+26.524,+30.729,+0.983
1631463120,+3.47,+26.541,+30.981,+0.983
1631463180,+3.47,+26.524,+31.376,+0.984
1631463240,+3.47,+26.550,+31.614,+0.985
1631463300,+3.47,+26.558,+31.542,+0.983
1631463360,+3.47,+26.550,+31.831,+0.986
1631463420,+3.47,+26.550,+31.891,+0.983
1631463480,+3.47,+26.567,+32.067,+0.983
1631463540,+3.47,+26.575,+32.382,+0.987
1631463600,+3.47,+26.584,+32.291,+0.984
1631463660,+3.47,+26.601,+32.158,+0.983
1631463720,+3.47,+26.601,+32.058,+0.983
1631463780,+3.47,+26.609,+32.230,+0.987
1631463840,+3.47,+26.618,+32.260,+0.986
1631463900,+3.47,+26.634,+32.343,+0.987
1631463960,+3.47,+26.651,+32.089,+0.986
1631464020,+3.47,+26.643,+31.536,+0.984
1631464080,+3.47,+26.660,+30.605,+0.983
1631464140,+3.47,+26.660,+30.435,+0.986
1631464200,+3.47,+26.668,+30.505,+0.983
1631464260,+3.47,+26.685,+30.980,+0.988
1631464320,+3.47,+26.702,+31.012,+0.985
1631464380,+3.47,+26.719,+31.226,+0.985
1631464440,+3.47,+26.736,+31.365,+0.985
1631464500,+3.47,+26.753,+31.605,+0.984
1631464560,+3.47,+26.753,+31.898,+0.985
1631464620,+3.47,+26.770,+32.032,+0.984
1631464680,+3.47,+26.795,+32.034,+0.981
1631464740,+3.47,+26.804,+32.206,+0.981
1631464800,+3.47,+26.804,+32.690,+0.987
1631464860,+3.47,+26.821,+33.008,+0.990
1631464920,+3.47,+26.829,+33.032,+0.987
1631464980,+3.47,+26.846,+32.903,+0.984
1631465040,+3.47,+26.829,+32.666,+0.983
1631465100,+3.47,+26.838,+32.781,+0.988
1631465160,+3.47,+26.838,+32.612,+0.988
1631465220,+3.47,+26.829,+32.096,+0.986
1631465280,+3.47,+26.821,+31.576,+0.984
1631465340,+3.47,+26.821,+31.498,+0.988
1631465400,+3.47,+26.804,+31.073,+0.980
1631465460,+3.47,+26.804,+31.370,+0.985
1631465520,+3.47,+26.812,+31.433,+0.986
1631465580,+3.47,+26.795,+31.317,+0.984
1631465640,+3.47,+26.812,+31.343,+0.985
1631465700,+3.47,+26.812,+31.487,+0.986
1631465760,+3.47,+26.812,+31.612,+0.985
1631465820,+3.47,+26.821,+31.587,+0.985
1631465880,+3.47,+26.838,+31.966,+0.990
1631465940,+3.47,+26.863,+32.042,+0.987
1631466000,+3.47,+26.880,+32.060,+0.985
1631466060,+3.47,+26.880,+31.913,+0.986
1631466120,+3.47,+26.889,+31.417,+0.984
1631466180,+3.47,+26.897,+31.011,+0.984
1631466240,+3.47,+26.906,+30.628,+0.987
1631466300,+3.47,+26.906,+30.435,+0.988
1631466360,+3.47,+26.923,+30.174,+0.986
1631466420,+3.47,+26.931,+30.261,+0.985
1631466480,+3.47,+26.973,+30.558,+0.986
1631466540,+3.47,+26.982,+30.875,+0.987
1631466600,+3.47,+26.999,+30.960,+0.985
1631466660,+3.47,+27.016,+31.045,+0.987
1631466720,+3.47,+27.058,+30.977,+0.986
1631466780,+3.47,+27.101,+31.258,+0.986
1631466840,+3.47,+27.118,+31.617,+0.986
1631466900,+3.47,+27.152,+31.770,+0.985
1631466960,+3.47,+27.177,+31.690,+0.986
1631467020,+3.47,+27.202,+31.486,+0.984
1631467080,+3.47,+27.228,+31.391,+0.984
1631467140,+3.47,+27.245,+31.549,+0.984
1631467200,+3.47,+27.270,+31.749,+0.985
1631467260,+3.47,+27.279,+31.933,+0.986
1631467320,+3.47,+27.296,+32.062,+0.988
1631467380,+3.47,+27.304,+32.048,+0.985
1631467440,+3.47,+27.304,+32.113,+0.982
1631467500,+3.47,+27.304,+32.363,+0.985
1631467560,+3.47,+27.313,+32.313,+0.982
1631467620,+3.47,+27.313,+32.495,+0.983
1631467680,+3.47,+27.313,+32.732,+0.982
1631467740,+3.47,+27.313,+32.997,+0.984
1631467800,+3.47,+27.321,+33.200,+0.985
1631467860,+3.47,+27.330,+33.214,+0.986
1631467920,+3.47,+27.313,+32.905,+0.985
1631467980,+3.47,+27.313,+32.470,+0.983
1631468040,+3.47,+27.330,+32.252,+0.984
1631468100,+3.47,+27.321,+32.205,+0.986
1631468160,+3.47,+27.338,+31.913,+0.982
1631468220,+3.47,+27.330,+32.014,+0.988
1631468280,+3.47,+27.338,+31.691,+0.985
1631468340,+3.47,+27.338,+31.656,+0.987
1631468400,+3.47,+27.355,+31.425,+0.983
1631468460,+3.47,+27.355,+31.754,+0.984
1631468520,+3.47,+27.372,+32.124,+0.986
1631468580,+3.47,+27.381,+32.462,+0.987
1631468640,+3.47,+27.389,+32.761,+0.988
1631468700,+3.47,+27.415,+32.777,+0.987
1631468760,+3.47,+27.440,+32.542,+0.985
1631468820,+3.47,+27.449,+32.435,+0.985
1631468880,+3.47,+27.466,+32.227,+0.982
1631468940,+3.47,+27.483,+32.471,+0.986
1631469000,+3.47,+27.491,+32.595,+0.985
1631469060,+3.47,+27.508,+32.640,+0.981
1631469120,+3.47,+27.525,+33.120,+0.987
1631469180,+3.47,+27.534,+33.220,+0.983
1631469240,+3.47,+27.568,+33.457,+0.985
1631469300,+3.47,+27.585,+33.345,+0.981
1631469360,+3.47,+27.610,+33.709,+0.984
1631469420,+3.47,+27.593,+33.960,+0.983
1631469480,+3.47,+27.619,+33.971,+0.981
1631469540,+3.47,+27.644,+34.104,+0.984
1631469600,+3.47,+27.653,+34.188,+0.985
1631469660,+3.47,+27.661,+33.999,+0.981
1631469720,+3.47,+27.678,+33.985,+0.983
1631469780,+3.47,+27.704,+34.039,+0.986
1631469840,+3.47,+27.704,+33.872,+0.985
1631469900,+3.47,+27.713,+33.884,+0.987
1631469960,+3.47,+27.704,+33.814,+0.984
1631470020,+3.47,+27.713,+33.790,+0.984
1631470080,+3.47,+27.704,+34.104,+0.988
1631470140,+3.47,+27.730,+34.275,+0.988
1631470200,+3.47,+27.738,+34.376,+0.990
1631470260,+3.47,+27.730,+34.139,+0.985
1631470320,+3.47,+27.747,+33.938,+0.987
1631470380,+3.47,+27.755,+34.052,+0.985
1631470440,+3.47,+27.772,+34.375,+0.987
1631470500,+3.47,+27.798,+34.221,+0.983
1631470560,+3.47,+27.806,+34.454,+0.987
1631470620,+3.47,+27.849,+34.388,+0.987
1631470680,+3.47,+27.874,+34.411,+0.987
1631470740,+3.47,+27.866,+34.397,+0.984
1631470800,+3.47,+27.883,+34.831,+0.989
1631470860,+3.47,+27.908,+34.621,+0.983
1631470920,+3.47,+27.908,+34.358,+0.985
1631470980,+3.47,+27.900,+33.826,+0.982
1631471040,+3.47,+27.908,+33.576,+0.985
1631471100,+3.47,+27.925,+33.348,+0.987
1631471160,+3.47,+27.934,+33.221,+0.986
1631471220,+3.47,+27.977,+33.312,+0.987
1631471280,+3.47,+28.019,+33.396,+0.986
1631471340,+3.47,+28.070,+33.623,+0.986
1631471400,+3.47,+28.070,+33.519,+0.983
1631471460,+3.47,+28.105,+33.857,+0.987
1631471520,+3.47,+28.122,+33.942,+0.983
1631471580,+3.47,+28.122,+34.500,+0.988
1631471640,+3.47,+28.156,+34.572,+0.984
1631471700,+3.47,+28.156,+35.023,+0.989
1631471760,+3.47,+28.156,+35.011,+0.985
1631471820,+3.47,+28.173,+35.217,+0.985
1631471880,+3.47,+28.190,+35.383,+0.985
1631471940,+3.47,+28.198,+35.816,+0.990
1631472000,+3.47,+28.241,+35.302,+0.981
1631472060,+3.47,+28.267,+35.539,+0.986
1631472120,+3.47,+28.275,+35.597,+0.985
1631472180,+3.47,+28.309,+35.675,+0.986
1631472240,+3.47,+28.309,+35.625,+0.984
1631472300,+3.47,+28.318,+35.554,+0.985
1631472360,+3.47,+28.326,+35.453,+0.988
1631472420,+3.47,+28.344,+34.650,+0.983
1631472480,+3.47,+28.335,+34.560,+0.988
1631472540,+3.47,+28.326,+34.385,+0.985
1631472600,+3.47,+28.309,+34.121,+0.982
1631472660,+3.47,+28.284,+34.583,+0.989
1631472720,+3.47,+28.284,+34.538,+0.989
1631472780,+3.47,+28.258,+34.230,+0.986
1631472840,+3.47,+28.241,+34.230,+0.985
1631472900,+3.47,+28.250,+34.509,+0.988
1631472960,+3.47,+28.258,+34.539,+0.986
1631473020,+3.47,+28.309,+34.654,+0.986
1631473080,+3.47,+28.361,+34.837,+0.990
1631473140,+3.47,+28.403,+34.638,+0.988
1631473200,+3.47,+28.438,+34.423,+0.982
1631473260,+3.47,+28.472,+34.746,+0.983
1631473320,+3.47,+28.514,+35.074,+0.985
1631473380,+3.47,+28.540,+35.460,+0.992
1631473440,+3.47,+28.583,+35.242,+0.985
1631473500,+3.47,+28.574,+35.327,+0.987
1631473560,+3.47,+28.591,+34.621,+0.989
1631473620,+3.47,+28.574,+33.612,+0.987
1631473680,+3.47,+28.566,+33.055,+0.988
1631473740,+3.47,+28.566,+32.509,+0.982
1631473800,+3.47,+28.557,+32.637,+0.984
1631473860,+3.47,+28.540,+32.991,+0.990
1631473920,+3.47,+28.514,+32.902,+0.985
1631473980,+3.47,+28.497,+33.126,+0.986
1631474040,+3.47,+28.523,+33.679,+0.991
1631474100,+3.47,+28.549,+33.812,+0.989
1631474160,+3.47,+28.549,+33.836,+0.985
1631474220,+3.47,+28.549,+34.149,+0.986
1631474280,+3.47,+28.540,+34.538,+0.990
1631474340,+3.47,+28.583,+34.493,+0.987
1631474400,+3.47,+28.609,+34.940,+0.990
1631474460,+3.47,+28.634,+35.047,+0.987
1631474520,+3.47,+28.651,+35.218,+0.987
1631474580,+3.47,+28.694,+35.344,+0.984
1631474640,+3.47,+28.754,+35.832,+0.987
1631474700,+3.47,+28.814,+35.982,+0.986
1631474760,+3.47,+28.848,+35.831,+0.983
1631474820,+3.47,+28.891,+35.999,+0.984
1631474880,+3.47,+28.934,+35.956,+0.983
1631474940,+3.47,+28.960,+35.481,+0.981
1631475000,+3.47,+28.951,+35.844,+0.990
1631475060,+3.47,+28.951,+35.361,+0.983
1631475120,+3.47,+28.934,+35.382,+0.984
1631475180,+3.47,+28.925,+35.192,+0.985
1631475240,+3.47,+28.925,+35.036,+0.984
1631475300,+3.47,+28.968,+35.078,+0.990
1631475360,+3.47,+28.968,+34.597,+0.984
1631475420,+3.47,+28.951,+34.554,+0.991
1631475480,+3.47,+28.960,+33.913,+0.987
1631475540,+3.47,+28.925,+33.489,+0.986
1631475600,+3.47,+28.908,+32.947,+0.986
1631475660,+3.47,+28.891,+32.560,+0.987
1631475720,+3.47,+28.848,+32.359,+0.988
1631475780,+3.47,+28.814,+31.770,+0.984
1631475840,+3.47,+28.840,+31.555,+0.986
1631475900,+3.47,+28.814,+31.326,+0.985
1631475960,+3.47,+28.823,+31.380,+0.989
1631476020,+3.47,+28.865,+31.066,+0.984
1631476080,+3.47,+28.942,+30.995,+0.986
1631476140,+3.47,+28.951,+30.784,+0.990
1631476200,+3.47,+28.968,+30.314,+0.986
1631476260,+3.47,+29.003,+30.275,+0.991
1631476320,+3.47,+28.977,+30.199,+0.991
1631476380,+3.47,+28.985,+30.262,+0.986
1631476440,+3.47,+28.960,+30.350,+0.985
1631476500,+3.47,+28.908,+30.791,+0.993
1631476560,+3.47,+28.865,+30.540,+0.986
1631476620,+3.47,+28.814,+30.560,+0.985
1631476680,+3.47,+28.788,+30.368,+0.984
1631476740,+3.47,+28.763,+30.271,+0.986
1631476800,+3.47,+28.720,+30.228,+0.988
1631476860,+3.47,+28.728,+30.053,+0.986
1631476920,+3.47,+28.720,+29.962,+0.984
1631476980,+3.47,+28.754,+30.124,+0.985
1631477040,+3.47,+28.745,+30.360,+0.986
1631477100,+3.47,+28.771,+30.748,+0.988
1631477160,+3.47,+28.788,+30.486,+0.989
1631477220,+3.47,+28.805,+30.163,+0.987
1631477280,+3.47,+28.831,+30.405,+0.990
1631477340,+3.47,+28.874,+30.726,+0.988
1631477400,+3.47,+28.917,+30.942,+0.984
1631477460,+3.47,+28.968,+31.214,+0.985
1631477520,+3.47,+28.985,+31.645,+0.992
1631477580,+3.47,+29.020,+31.624,+0.987
1631477640,+3.47,+29.071,+31.829,+0.988
1631477700,+3.47,+29.114,+31.965,+0.986
1631477760,+3.47,+29.183,+31.951,+0.984
1631477820,+3.47,+29.217,+31.923,+0.985
1631477880,+3.47,+29.208,+32.079,+0.990
1631477940,+3.47,+29.208,+31.760,+0.981
1631478000,+3.47,+29.208,+32.192,+0.986
1631478060,+3.47,+29.217,+32.328,+0.986
1631478120,+3.47,+29.234,+32.485,+0.989
1631478180,+3.47,+29.260,+32.165,+0.984
1631478240,+3.47,+29.260,+32.048,+0.985
1631478300,+3.47,+29.260,+31.983,+0.987
1631478360,+3.47,+29.260,+31.938,+0.986
1631478420,+3.47,+29.269,+32.155,+0.986
1631478480,+3.47,+29.286,+32.251,+0.983
1631478540,+3.47,+29.312,+32.460,+0.982
1631478600,+3.47,+29.346,+32.598,+0.982
1631478660,+3.47,+29.363,+32.641,+0.986
1631478720,+3.47,+29.389,+32.491,+0.984
1631478780,+3.47,+29.415,+32.470,+0.985
1631478840,+3.47,+29.432,+32.448,+0.984
1631478900,+3.47,+29.449,+32.354,+0.982
1631478960,+3.47,+29.458,+32.622,+0.987
1631479020,+3.47,+29.466,+32.714,+0.986
1631479080,+3.47,+29.466,+33.102,+0.990
1631479140,+3.47,+29.458,+33.004,+0.987
1631479200,+3.47,+29.483,+33.097,+0.985
1631479260,+3.47,+29.535,+33.079,+0.988
1631479320,+3.47,+29.578,+33.042,+0.987
1631479380,+3.47,+29.621,+32.869,+0.987
1631479440,+3.47,+29.656,+32.582,+0.984
1631479500,+3.47,+29.690,+32.512,+0.984
1631479560,+3.47,+29.716,+32.839,+0.987
1631479620,+3.47,+29.733,+32.697,+0.985
1631479680,+3.47,+29.759,+32.314,+0.984
1631479740,+3.47,+29.759,+32.123,+0.985
1631479800,+3.47,+29.716,+31.841,+0.985
1631479860,+3.47,+29.673,+31.806,+0.987
1631479920,+3.47,+29.664,+31.652,+0.985
1631479980,+3.47,+29.647,+31.686,+0.987
1631480040,+3.47,+29.604,+31.560,+0.985
1631480100,+3.47,+29.578,+31.439,+0.984
1631480160,+3.47,+29.552,+31.481,+0.986
1631480220,+3.47,+29.561,+31.529,+0.986
1631480280,+3.47,+29.552,+31.657,+0.986
1631480340,+3.47,+29.561,+31.696,+0.986
1631480400,+3.47,+29.552,+31.653,+0.985
1631480460,+3.47,+29.552,+31.577,+0.985
1631480520,+3.47,+29.518,+31.669,+0.985
1631480580,+3.47,+29.526,+31.555,+0.983
1631480640,+3.47,+29.475,+31.749,+0.990
1631480700,+3.47,+29.475,+31.554,+0.986
1631480760,+3.47,+29.466,+31.651,+0.988
1631480820,+3.47,+29.475,+31.594,+0.984
1631480880,+3.47,+29.483,+31.719,+0.986
1631480940,+3.47,+29.492,+31.597,+0.986
1631481000,+3.47,+29.466,+31.687,+0.985
1631481060,+3.47,+29.526,+32.031,+0.989
1631481120,+3.47,+29.569,+31.788,+0.983
1631481180,+3.47,+29.587,+31.716,+0.984
1631481240,+3.47,+29.630,+31.548,+0.986
1631481300,+3.47,+29.664,+31.570,+0.986
1631481360,+3.47,+29.724,+31.503,+0.986
1631481420,+3.47,+29.776,+31.506,+0.985
1631481480,+3.47,+29.802,+31.712,+0.988
1631481540,+3.47,+29.845,+31.454,+0.982
1631481600,+3.47,+29.836,+31.947,+0.990
1631481660,+3.47,+29.776,+31.801,+0.984
1631481720,+3.47,+29.768,+31.803,+0.983
1631481780,+3.47,+29.724,+32.182,+0.989
1631481840,+3.47,+29.716,+32.129,+0.986
1631481900,+3.47,+29.733,+32.184,+0.985
1631481960,+3.47,+29.793,+32.178,+0.986
1631482020,+3.47,+29.862,+32.095,+0.988
1631482080,+3.47,+29.897,+31.627,+0.981
1631482140,+3.47,+30.026,+31.691,+0.983
1631482200,+3.47,+30.095,+31.761,+0.987
1631482260,+3.47,+30.000,+31.944,+0.986
1631482320,+3.47,+30.026,+32.181,+0.987
1631482380,+3.47,+30.052,+32.351,+0.988
1631482440,+3.47,+30.104,+32.394,+0.986
1631482500,+3.47,+30.130,+32.312,+0.985
1631482560,+3.47,+30.104,+32.324,+0.985
1631482620,+3.47,+30.087,+32.484,+0.982
1631482680,+3.47,+30.138,+32.681,+0.987
1631482740,+3.47,+30.147,+32.626,+0.987
1631482800,+3.47,+30.138,+32.413,+0.982
1631482860,+3.47,+30.095,+32.214,+0.983
1631482920,+3.47,+30.061,+31.991,+0.985
1631482980,+3.47,+30.026,+31.806,+0.987
1631483040,+3.47,+30.000,+31.531,+0.984
1631483100,+3.47,+29.983,+31.271,+0.982
1631483160,+3.47,+30.018,+31.057,+0.980
1631483220,+3.48,+30.009,+31.587,+0.989
1631483280,+3.47,+29.992,+31.518,+0.986
1631483340,+3.47,+30.009,+31.075,+0.983
1631483400,+3.48,+30.009,+30.947,+0.984
1631483460,+3.47,+29.974,+31.182,+0.985
1631483520,+3.47,+29.974,+31.341,+0.983
1631483580,+3.47,+30.009,+31.737,+0.985
1631483640,+3.47,+30.095,+31.841,+0.985
1631483700,+3.47,+30.164,+32.003,+0.988
1631483760,+3.47,+30.156,+32.017,+0.981
1631483820,+3.47,+30.173,+32.238,+0.983
1631483880,+3.47,+30.164,+32.463,+0.983
1631483940,+3.47,+30.182,+32.829,+0.985
1631484000,+3.47,+30.234,+32.843,+0.986
1631484060,+3.47,+30.225,+32.992,+0.987
1631484120,+3.47,+30.208,+32.967,+0.986
1631484180,+3.47,+30.190,+32.978,+0.984
1631484240,+3.47,+30.173,+33.126,+0.988
1631484300,+3.47,+30.190,+32.770,+0.986
1631484360,+3.47,+30.173,+32.489,+0.986
1631484420,+3.47,+30.199,+32.131,+0.984
1631484480,+3.47,+30.225,+32.261,+0.987
1631484540,+3.47,+30.225,+32.142,+0.983
1631484600,+3.47,+30.251,+32.292,+0.986
1631484660,+3.47,+30.268,+32.418,+0.987
1631484720,+3.47,+30.259,+32.249,+0.986
1631484780,+3.47,+30.242,+32.130,+0.987
1631484840,+3.47,+30.225,+32.056,+0.991
1631484900,+3.47,+30.216,+31.593,+0.986
1631484960,+3.47,+30.225,+31.543,+0.986
1631485020,+3.47,+30.242,+31.449,+0.982
1631485080,+3.47,+30.268,+31.342,+0.984
1631485140,+3.47,+30.311,+31.351,+0.985
1631485200,+3.47,+30.346,+31.529,+0.988
1631485260,+3.47,+30.372,+31.293,+0.984
1631485320,+3.47,+30.363,+31.256,+0.982
1631485380,+3.47,+30.346,+31.502,+0.987
1631485440,+3.47,+30.320,+31.481,+0.987
1631485500,+3.47,+30.294,+31.361,+0.987
1631485560,+3.47,+30.320,+31.128,+0.986
1631485620,+3.47,+30.320,+30.847,+0.985
1631485680,+3.47,+30.294,+30.716,+0.986
1631485740,+3.47,+30.285,+30.530,+0.985
1631485800,+3.47,+30.251,+30.462,+0.986
1631485860,+3.47,+30.234,+30.185,+0.984
1631485920,+3.47,+30.225,+30.203,+0.988
1631485980,+3.47,+30.208,+29.917,+0.984
1631486040,+3.47,+30.182,+29.818,+0.984
1631486100,+3.47,+30.190,+29.831,+0.985
1631486160,+3.47,+30.225,+29.736,+0.987
1631486220,+3.47,+30.277,+29.411,+0.984
1631486280,+3.47,+30.320,+29.138,+0.986
1631486340,+3.47,+30.380,+28.566,+0.981
1631486400,+3.47,+30.441,+28.346,+0.985
1631486460,+3.47,+30.432,+28.058,+0.984
1631486520,+3.47,+30.415,+28.058,+0.989
1631486580,+3.47,+30.398,+27.848,+0.987
1631486640,+3.47,+30.398,+27.782,+0.989
1631486700,+3.47,+30.329,+27.540,+0.985
1631486760,+3.47,+30.277,+27.387,+0.985
1631486820,+3.47,+30.208,+27.339,+0.987
1631486880,+3.48,+30.199,+27.149,+0.986
1631486940,+3.48,+30.156,+27.047,+0.987
1631487000,+3.48,+30.113,+26.858,+0.985
1631487060,+3.48,+30.104,+26.847,+0.986
1631487120,+3.48,+30.052,+26.774,+0.986
1631487180,+3.48,+30.043,+26.609,+0.985
1631487240,+3.48,+30.018,+26.539,+0.986
1631487300,+3.48,+30.000,+26.435,+0.985
1631487360,+3.48,+30.000,+26.486,+0.984
1631487420,+3.48,+30.018,+26.897,+0.987
1631487480,+3.48,+30.043,+26.860,+0.982
1631487540,+3.48,+30.052,+27.167,+0.987
1631487600,+3.48,+30.043,+27.179,+0.986
1631487660,+3.48,+30.035,+27.168,+0.987
1631487720,+3.48,+30.000,+27.257,+0.991
1631487780,+3.48,+30.000,+26.828,+0.983
1631487840,+3.48,+30.009,+26.817,+0.987
1631487900,+3.48,+30.043,+26.623,+0.985
1631487960,+3.48,+30.104,+26.343,+0.985
1631488020,+3.48,+30.147,+26.002,+0.985
1631488080,+3.48,+30.156,+25.903,+0.989
1631488140,+3.48,+30.182,+25.575,+0.986
1631488200,+3.47,+30.225,+25.323,+0.986
1631488260,+3.47,+30.329,+24.944,+0.983
1631488320,+3.47,+30.406,+24.796,+0.988
1631488380,+3.47,+30.528,+24.243,+0.984
1631488440,+3.47,+30.510,+24.004,+0.986
1631488500,+3.47,+30.432,+23.835,+0.985
1631488560,+3.47,+30.363,+23.791,+0.985
1631488620,+3.47,+30.251,+23.823,+0.986
1631488680,+3.48,+30.164,+23.774,+0.984
1631488740,+3.48,+30.087,+23.819,+0.984
1631488800,+3.48,+30.018,+23.985,+0.986
1631488860,+3.48,+29.940,+23.985,+0.984
1631488920,+3.48,+29.923,+24.106,+0.988
1631488980,+3.48,+29.940,+24.057,+0.988
1631489040,+3.48,+29.931,+23.963,+0.986
1631489100,+3.48,+29.957,+23.954,+0.986
1631489160,+3.48,+29.983,+23.927,+0.986
1631489220,+3.48,+30.018,+23.920,+0.988
1631489280,+3.48,+30.018,+23.714,+0.985
1631489340,+3.48,+30.035,+23.622,+0.986
1631489400,+3.48,+30.052,+23.627,+0.987
1631489460,+3.48,+30.052,+23.619,+0.987
1631489520,+3.48,+30.052,+23.645,+0.987
1631489580,+3.48,+30.052,+23.716,+0.987
1631489640,+3.48,+30.052,+23.663,+0.985
1631489700,+3.48,+30.052,+23.628,+0.984
1631489760,+3.48,+30.043,+23.660,+0.984
1631489820,+3.48,+30.035,+23.728,+0.986
1631489880,+3.48,+30.061,+23.666,+0.986
1631489940,+3.48,+30.061,+23.569,+0.986
1631490000,+3.48,+30.069,+23.563,+0.987
1631490060,+3.48,+30.104,+23.357,+0.985
1631490120,+3.48,+30.130,+23.314,+0.987
1631490180,+3.48,+30.147,+23.200,+0.986
1631490240,+3.48,+30.164,+23.122,+0.987
1631490300,+3.48,+30.182,+23.018,+0.987
1631490360,+3.48,+30.208,+22.901,+0.984
1631490420,+3.48,+30.208,+22.779,+0.983
1631490480,+3.48,+30.190,+22.856,+0.986
1631490540,+3.48,+30.199,+22.794,+0.986
1631490600,+3.48,+30.173,+22.691,+0.985
1631490660,+3.48,+30.182,+22.614,+0.986
1631490720,+3.48,+30.251,+22.451,+0.986
1631490780,+3.48,+30.294,+22.132,+0.984
1631490840,+3.48,+30.285,+21.908,+0.984
1631490900,+3.48,+30.277,+21.948,+0.988
1631490960,+3.48,+30.277,+21.768,+0.983
1631491020,+3.48,+30.346,+21.645,+0.987
1631491080,+3.47,+30.406,+21.440,+0.987
1631491140,+3.47,+30.441,+21.328,+0.986
1631491200,+3.47,+30.484,+21.382,+0.985
1631491260,+3.47,+30.519,+21.400,+0.984
1631491320,+3.47,+30.536,+21.444,+0.984
1631491380,+3.47,+30.545,+21.549,+0.987
1631491440,+3.47,+30.536,+21.575,+0.987
1631491500,+3.47,+30.536,+21.458,+0.984
1631491560,+3.47,+30.519,+21.514,+0.986
1631491620,+3.47,+30.510,+21.506,+0.987
1631491680,+3.47,+30.493,+21.437,+0.984
1631491740,+3.47,+30.484,+21.416,+0.985
1631491800,+3.47,+30.493,+21.201,+0.982
1631491860,+3.47,+30.476,+21.153,+0.983
1631491920,+3.47,+30.476,+21.222,+0.984
1631491980,+3.47,+30.458,+21.204,+0.983
1631492040,+3.47,+30.424,+21.247,+0.984
1631492100,+3.48,+30.406,+21.289,+0.986
1631492160,+3.47,+30.406,+21.270,+0.987
1631492220,+3.48,+30.398,+21.184,+0.985
1631492280,+3.48,+30.372,+21.241,+0.985
1631492340,+3.48,+30.329,+21.268,+0.986
1631492400,+3.48,+30.294,+21.267,+0.985
1631492460,+3.48,+30.277,+21.340,+0.985
1631492520,+3.48,+30.225,+21.401,+0.986
1631492580,+3.48,+30.199,+21.467,+0.987
1631492640,+3.48,+30.173,+21.404,+0.985
1631492700,+3.48,+30.147,+21.479,+0.987
1631492760,+3.48,+30.121,+21.345,+0.983
1631492820,+3.48,+30.104,+21.443,+0.986
1631492880,+3.48,+30.087,+21.518,+0.988
1631492940,+3.48,+30.061,+21.543,+0.985
1631493000,+3.48,+30.035,+21.707,+0.987
1631493060,+3.48,+30.026,+21.659,+0.984
1631493120,+3.48,+30.026,+21.755,+0.986
1631493180,+3.48,+30.018,+21.685,+0.983
1631493240,+3.48,+30.000,+21.786,+0.987
1631493300,+3.48,+30.000,+21.654,+0.983
1631493360,+3.48,+30.000,+21.672,+0.986
1631493420,+3.48,+29.966,+21.554,+0.985
1631493480,+3.48,+29.957,+21.597,+0.987
1631493540,+3.48,+29.931,+21.793,+0.986
1631493600,+3.48,+29.931,+21.876,+0.985
1631493660,+3.48,+29.914,+21.929,+0.985
1631493720,+3.48,+29.905,+21.864,+0.985
1631493780,+3.48,+29.897,+21.550,+0.982
1631493840,+3.48,+29.888,+21.489,+0.986
1631493900,+3.48,+29.854,+21.304,+0.987
1631493960,+3.48,+29.845,+21.114,+0.987
1631494020,+3.48,+29.836,+20.895,+0.986
1631494080,+3.48,+29.828,+20.779,+0.987
1631494140,+3.48,+29.828,+20.523,+0.984
1631494200,+3.48,+29.819,+20.363,+0.984
1631494260,+3.48,+29.802,+20.253,+0.985
1631494320,+3.48,+29.811,+20.158,+0.985
1631494380,+3.48,+29.811,+19.944,+0.983
1631494440,+3.48,+29.793,+19.922,+0.986
1631494500,+3.48,+29.785,+19.825,+0.985
1631494560,+3.48,+29.785,+19.795,+0.985
1631494620,+3.48,+29.768,+19.875,+0.988
1631494680,+3.48,+29.742,+19.749,+0.985
1631494740,+3.48,+29.759,+19.684,+0.986
1631494800,+3.47,+29.733,+19.659,+0.987
1631494860,+3.47,+29.716,+19.688,+0.986
1631494920,+3.47,+29.707,+19.736,+0.985
1631494980,+3.47,+29.690,+19.898,+0.987
1631495040,+3.47,+29.664,+19.892,+0.985
1631495100,+3.47,+29.656,+19.833,+0.986
1631495160,+3.47,+29.638,+19.718,+0.987
1631495220,+3.47,+29.647,+19.439,+0.983
1631495280,+3.47,+29.647,+19.316,+0.985
1631495340,+3.47,+29.621,+19.224,+0.984
