7450-387970
OS REV: 1.05 Sensor Cal: 1615486469
Time (sec),  BV (Volts),  T (deg C),  DO (mg/l),  Q ()
1630285800,+3.48,+30.311,+13.492,+0.986
1630285860,+3.49,+30.303,+13.507,+0.985
1630285920,+3.49,+30.303,+13.425,+0.986
1630285980,+3.49,+30.294,+13.451,+0.987
1630286040,+3.49,+30.285,+13.455,+0.986
1630286100,+3.49,+30.285,+13.459,+0.985
1630286160,+3.49,+30.294,+13.407,+0.988
1630286220,+3.49,+30.277,+13.448,+0.986
1630286280,+3.49,+30.268,+13.500,+0.987
1630286340,+3.49,+30.268,+13.586,+0.987
1630286400,+3.49,+30.277,+13.550,+0.987
1630286460,+3.49,+30.268,+13.521,+0.985
1630286520,+3.49,+30.259,+13.337,+0.985
1630286580,+3.49,+30.259,+13.182,+0.985
1630286640,+3.49,+30.242,+13.160,+0.986
1630286700,+3.49,+30.234,+13.116,+0.986
1630286760,+3.49,+30.251,+12.965,+0.987
1630286820,+3.49,+30.242,+12.773,+0.986
1630286880,+3.49,+30.234,+12.647,+0.986
1630286940,+3.49,+30.234,+12.446,+0.986
1630287000,+3.49,+30.216,+12.243,+0.986
1630287060,+3.49,+30.216,+12.073,+0.985
1630287120,+3.49,+30.199,+12.060,+0.985
1630287180,+3.49,+30.208,+12.182,+0.986
1630287240,+3.49,+30.199,+12.223,+0.986
1630287300,+3.49,+30.190,+12.291,+0.986
1630287360,+3.49,+30.190,+12.302,+0.985
1630287420,+3.49,+30.182,+12.264,+0.985
1630287480,+3.49,+30.190,+12.203,+0.986
1630287540,+3.49,+30.182,+12.123,+0.986
1630287600,+3.49,+30.156,+11.946,+0.985
1630287660,+3.49,+30.164,+11.810,+0.986
1630287720,+3.49,+30.173,+11.685,+0.986
1630287780,+3.49,+30.164,+11.622,+0.985
1630287840,+3.49,+30.156,+11.537,+0.985
1630287900,+3.49,+30.147,+11.420,+0.985
1630287960,+3.49,+30.138,+11.323,+0.985
1630288020,+3.49,+30.138,+11.237,+0.985
1630288080,+3.49,+30.121,+11.590,+0.985
1630288140,+3.49,+30.104,+11.671,+0.985
1630288200,+3.49,+30.121,+11.694,+0.986
1630288260,+3.49,+30.121,+11.629,+0.986
1630288320,+3.49,+30.095,+11.592,+0.985
1630288380,+3.49,+30.113,+11.520,+0.985
1630288440,+3.49,+30.104,+11.473,+0.986
1630288500,+3.49,+30.078,+11.394,+0.984
1630288560,+3.49,+30.087,+11.387,+0.984
1630288620,+3.49,+30.078,+11.357,+0.985
1630288680,+3.49,+30.078,+11.327,+0.985
1630288740,+3.49,+30.078,+11.309,+0.986
1630288800,+3.49,+30.069,+11.261,+0.984
1630288860,+3.49,+30.061,+11.165,+0.984
1630288920,+3.49,+30.052,+11.151,+0.985
1630288980,+3.49,+30.052,+11.210,+0.986
1630289040,+3.49,+30.061,+11.179,+0.986
1630289100,+3.49,+30.035,+11.101,+0.984
1630289160,+3.49,+30.035,+11.002,+0.986
1630289220,+3.49,+30.035,+10.797,+0.984
1630289280,+3.49,+30.018,+10.681,+0.985
1630289340,+3.49,+30.018,+10.562,+0.984
1630289400,+3.49,+30.018,+10.513,+0.985
1630289460,+3.49,+30.018,+10.497,+0.985
1630289520,+3.49,+30.026,+10.506,+0.985
1630289580,+3.49,+30.009,+10.606,+0.986
1630289640,+3.49,+30.009,+10.688,+0.986
1630289700,+3.49,+29.983,+10.734,+0.985
1630289760,+3.49,+29.983,+10.768,+0.986
1630289820,+3.49,+29.974,+10.745,+0.985
1630289880,+3.49,+29.974,+10.715,+0.986
1630289940,+3.49,+29.966,+10.654,+0.985
1630290000,+3.49,+29.974,+10.618,+0.985
1630290060,+3.49,+29.966,+10.547,+0.986
1630290120,+3.49,+29.966,+10.470,+0.984
1630290180,+3.49,+29.966,+10.433,+0.986
1630290240,+3.49,+29.957,+10.322,+0.985
1630290300,+3.49,+29.940,+10.258,+0.985
1630290360,+3.49,+29.949,+10.212,+0.985
1630290420,+3.49,+29.957,+10.136,+0.985
1630290480,+3.49,+29.931,+10.076,+0.984
1630290540,+3.49,+29.931,+10.010,+0.985
1630290600,+3.49,+29.931, +9.803,+0.985
1630290660,+3.49,+29.931, +9.519,+0.983
1630290720,+3.49,+29.940, +9.306,+0.984
1630290780,+3.49,+29.923, +9.173,+0.983
1630290840,+3.49,+29.931, +9.103,+0.984
1630290900,+3.49,+29.914, +9.091,+0.984
1630290960,+3.49,+29.931, +9.069,+0.984
1630291020,+3.49,+29.905, +9.054,+0.985
1630291080,+3.49,+29.914, +9.123,+0.985
1630291140,+3.49,+29.897, +9.188,+0.984
1630291200,+3.49,+29.897, +9.190,+0.985
1630291260,+3.49,+29.897, +9.151,+0.985
1630291320,+3.49,+29.888, +9.152,+0.986
1630291380,+3.49,+29.871, +9.130,+0.983
1630291440,+3.49,+29.880, +9.096,+0.984
1630291500,+3.49,+29.888, +9.056,+0.984
1630291560,+3.49,+29.871, +9.000,+0.984
1630291620,+3.49,+29.862, +9.013,+0.984
1630291680,+3.49,+29.862, +9.011,+0.985
1630291740,+3.49,+29.854, +9.016,+0.985
1630291800,+3.49,+29.836, +8.974,+0.984
1630291860,+3.49,+29.854, +8.984,+0.984
1630291920,+3.49,+29.845, +8.945,+0.984
1630291980,+3.49,+29.845, +8.904,+0.984
1630292040,+3.49,+29.836, +8.879,+0.986
1630292100,+3.49,+29.828, +8.818,+0.985
1630292160,+3.49,+29.819, +8.727,+0.984
1630292220,+3.49,+29.811, +8.642,+0.984
1630292280,+3.49,+29.845, +8.505,+0.984
1630292340,+3.49,+29.811, +8.437,+0.985
1630292400,+3.49,+29.811, +8.400,+0.984
1630292460,+3.49,+29.802, +8.383,+0.985
1630292520,+3.49,+29.819, +8.306,+0.985
1630292580,+3.49,+29.802, +8.324,+0.984
1630292640,+3.49,+29.802, +8.358,+0.985
1630292700,+3.49,+29.802, +8.221,+0.984
1630292760,+3.49,+29.793, +8.159,+0.985
1630292820,+3.49,+29.802, +8.115,+0.984
1630292880,+3.49,+29.785, +8.111,+0.984
1630292940,+3.49,+29.785, +8.124,+0.984
1630293000,+3.49,+29.785, +8.138,+0.984
1630293060,+3.49,+29.785, +8.175,+0.984
1630293120,+3.49,+29.793, +8.208,+0.984
1630293180,+3.49,+29.768, +8.212,+0.985
1630293240,+3.48,+29.750, +8.150,+0.984
1630293300,+3.49,+29.768, +8.083,+0.985
1630293360,+3.48,+29.750, +8.096,+0.984
1630293420,+3.48,+29.733, +8.041,+0.984
1630293480,+3.48,+29.750, +8.094,+0.984
1630293540,+3.48,+29.742, +8.124,+0.984
1630293600,+3.48,+29.733, +8.091,+0.985
1630293660,+3.48,+29.733, +7.914,+0.984
1630293720,+3.48,+29.724, +7.808,+0.984
1630293780,+3.48,+29.742, +7.813,+0.984
1630293840,+3.48,+29.733, +7.774,+0.985
1630293900,+3.48,+29.733, +7.680,+0.984
1630293960,+3.48,+29.724, +7.553,+0.985
1630294020,+3.48,+29.716, +7.408,+0.984
1630294080,+3.48,+29.724, +7.327,+0.984
1630294140,+3.48,+29.733, +7.173,+0.984
1630294200,+3.48,+29.716, +7.007,+0.984
1630294260,+3.48,+29.707, +6.976,+0.984
1630294320,+3.48,+29.699, +6.881,+0.983
1630294380,+3.48,+29.716, +6.761,+0.984
1630294440,+3.48,+29.707, +6.683,+0.983
1630294500,+3.48,+29.681, +6.748,+0.984
1630294560,+3.48,+29.690, +6.781,+0.983
1630294620,+3.48,+29.681, +6.793,+0.984
1630294680,+3.48,+29.673, +6.749,+0.983
1630294740,+3.48,+29.673, +6.627,+0.983
1630294800,+3.48,+29.673, +6.595,+0.984
1630294860,+3.48,+29.681, +6.591,+0.985
1630294920,+3.48,+29.690, +6.489,+0.984
1630294980,+3.48,+29.664, +6.429,+0.984
1630295040,+3.48,+29.673, +6.316,+0.984
1630295100,+3.48,+29.664, +6.233,+0.984
1630295160,+3.48,+29.681, +6.207,+0.984
1630295220,+3.48,+29.656, +6.247,+0.984
1630295280,+3.48,+29.647, +6.250,+0.984
1630295340,+3.48,+29.647, +6.124,+0.984
1630295400,+3.48,+29.647, +6.124,+0.984
1630295460,+3.48,+29.647, +6.166,+0.984
1630295520,+3.48,+29.656, +6.222,+0.984
1630295580,+3.48,+29.664, +6.239,+0.983
1630295640,+3.48,+29.647, +6.194,+0.984
1630295700,+3.48,+29.630, +6.156,+0.984
1630295760,+3.48,+29.638, +6.214,+0.984
1630295820,+3.48,+29.621, +6.291,+0.984
1630295880,+3.48,+29.647, +6.256,+0.984
1630295940,+3.48,+29.630, +6.236,+0.984
1630296000,+3.48,+29.621, +6.144,+0.984
1630296060,+3.48,+29.613, +6.033,+0.984
1630296120,+3.48,+29.604, +5.985,+0.984
1630296180,+3.48,+29.613, +5.994,+0.984
1630296240,+3.48,+29.621, +5.933,+0.984
1630296300,+3.48,+29.604, +5.907,+0.985
1630296360,+3.48,+29.595, +5.855,+0.984
1630296420,+3.48,+29.604, +5.803,+0.984
1630296480,+3.48,+29.587, +5.792,+0.984
1630296540,+3.48,+29.604, +5.768,+0.984
1630296600,+3.48,+29.604, +5.716,+0.984
1630296660,+3.48,+29.595, +5.691,+0.984
1630296720,+3.48,+29.587, +5.650,+0.984
1630296780,+3.48,+29.587, +5.554,+0.983
1630296840,+3.48,+29.578, +5.545,+0.984
1630296900,+3.48,+29.578, +5.638,+0.984
1630296960,+3.48,+29.578, +5.666,+0.984
1630297020,+3.48,+29.578, +5.736,+0.984
1630297080,+3.48,+29.569, +5.652,+0.984
1630297140,+3.48,+29.578, +5.640,+0.984
1630297200,+3.48,+29.544, +5.640,+0.984
1630297260,+3.48,+29.561, +5.616,+0.984
1630297320,+3.48,+29.561, +5.636,+0.984
1630297380,+3.48,+29.535, +5.637,+0.984
1630297440,+3.48,+29.544, +5.614,+0.984
1630297500,+3.48,+29.552, +5.612,+0.984
1630297560,+3.48,+29.535, +5.641,+0.984
1630297620,+3.48,+29.535, +5.589,+0.984
1630297680,+3.48,+29.526, +5.534,+0.984
1630297740,+3.48,+29.544, +5.506,+0.984
1630297800,+3.48,+29.544, +5.475,+0.984
1630297860,+3.48,+29.526, +5.419,+0.984
1630297920,+3.48,+29.518, +5.366,+0.984
1630297980,+3.48,+29.552, +5.317,+0.984
1630298040,+3.48,+29.535, +5.295,+0.984
1630298100,+3.48,+29.544, +5.261,+0.984
1630298160,+3.48,+29.544, +5.122,+0.984
1630298220,+3.48,+29.518, +5.057,+0.984
1630298280,+3.48,+29.526, +4.916,+0.984
1630298340,+3.48,+29.518, +4.813,+0.984
1630298400,+3.48,+29.526, +4.705,+0.984
1630298460,+3.48,+29.526, +4.659,+0.984
1630298520,+3.48,+29.518, +4.579,+0.984
1630298580,+3.48,+29.518, +4.539,+0.984
1630298640,+3.48,+29.526, +4.459,+0.984
1630298700,+3.48,+29.518, +4.431,+0.984
1630298760,+3.48,+29.501, +4.369,+0.984
1630298820,+3.48,+29.509, +4.268,+0.984
1630298880,+3.48,+29.518, +4.301,+0.985
1630298940,+3.48,+29.509, +4.296,+0.985
1630299000,+3.48,+29.509, +4.238,+0.985
1630299060,+3.48,+29.492, +4.171,+0.984
1630299120,+3.48,+29.492, +4.162,+0.984
1630299180,+3.48,+29.501, +4.248,+0.984
1630299240,+3.48,+29.483, +4.234,+0.984
1630299300,+3.48,+29.483, +4.241,+0.984
1630299360,+3.48,+29.483, +4.276,+0.984
1630299420,+3.48,+29.458, +4.299,+0.985
1630299480,+3.48,+29.466, +4.443,+0.985
1630299540,+3.48,+29.466, +4.496,+0.984
1630299600,+3.48,+29.458, +4.481,+0.984
1630299660,+3.48,+29.458, +4.470,+0.984
1630299720,+3.48,+29.458, +4.421,+0.984
1630299780,+3.48,+29.466, +4.470,+0.984
1630299840,+3.48,+29.458, +4.344,+0.984
1630299900,+3.48,+29.449, +4.352,+0.984
1630299960,+3.48,+29.440, +4.358,+0.985
1630300020,+3.48,+29.440, +4.352,+0.985
1630300080,+3.48,+29.432, +4.310,+0.985
1630300140,+3.48,+29.440, +4.225,+0.985
1630300200,+3.48,+29.432, +4.103,+0.985
1630300260,+3.48,+29.440, +4.009,+0.985
1630300320,+3.48,+29.432, +4.014,+0.985
1630300380,+3.48,+29.432, +3.981,+0.985
1630300440,+3.48,+29.423, +4.001,+0.985
1630300500,+3.48,+29.440, +3.960,+0.985
1630300560,+3.48,+29.423, +3.930,+0.985
1630300620,+3.48,+29.406, +3.858,+0.985
1630300680,+3.48,+29.423, +3.848,+0.985
1630300740,+3.48,+29.423, +3.830,+0.985
1630300800,+3.48,+29.423, +3.833,+0.985
1630300860,+3.48,+29.432, +3.876,+0.985
1630300920,+3.48,+29.423, +3.998,+0.985
1630300980,+3.48,+29.415, +3.923,+0.985
1630301040,+3.48,+29.432, +3.778,+0.985
1630301100,+3.48,+29.423, +3.661,+0.985
1630301160,+3.48,+29.415, +3.548,+0.985
1630301220,+3.48,+29.406, +3.471,+0.985
1630301280,+3.48,+29.397, +3.375,+0.985
1630301340,+3.48,+29.397, +3.255,+0.985
1630301400,+3.48,+29.397, +3.163,+0.985
1630301460,+3.48,+29.406, +3.040,+0.984
1630301520,+3.48,+29.397, +2.995,+0.985
1630301580,+3.48,+29.406, +3.075,+0.985
1630301640,+3.48,+29.380, +3.159,+0.985
1630301700,+3.48,+29.389, +3.272,+0.986
1630301760,+3.48,+29.380, +3.204,+0.985
1630301820,+3.48,+29.380, +3.241,+0.986
1630301880,+3.48,+29.372, +3.251,+0.985
1630301940,+3.48,+29.363, +3.303,+0.985
1630302000,+3.48,+29.363, +3.356,+0.985
1630302060,+3.48,+29.372, +3.365,+0.985
1630302120,+3.49,+29.363, +3.375,+0.985
1630302180,+3.49,+29.363, +3.337,+0.985
1630302240,+3.49,+29.354, +3.305,+0.985
1630302300,+3.49,+29.363, +3.296,+0.985
1630302360,+3.48,+29.363, +3.217,+0.985
1630302420,+3.48,+29.346, +3.188,+0.986
1630302480,+3.48,+29.337, +3.138,+0.986
1630302540,+3.48,+29.346, +3.079,+0.985
1630302600,+3.49,+29.346, +3.082,+0.986
1630302660,+3.48,+29.346, +3.037,+0.985
1630302720,+3.48,+29.372, +2.961,+0.985
1630302780,+3.48,+29.346, +2.913,+0.985
1630302840,+3.48,+29.354, +2.903,+0.986
1630302900,+3.48,+29.363, +2.906,+0.986
1630302960,+3.49,+29.354, +2.810,+0.986
1630303020,+3.48,+29.346, +2.780,+0.986
1630303080,+3.48,+29.337, +2.737,+0.986
1630303140,+3.49,+29.329, +2.747,+0.986
1630303200,+3.49,+29.320, +2.781,+0.986
1630303260,+3.48,+29.337, +2.777,+0.986
1630303320,+3.48,+29.329, +2.759,+0.986
1630303380,+3.48,+29.329, +2.732,+0.986
1630303440,+3.48,+29.329, +2.705,+0.986
1630303500,+3.49,+29.320, +2.640,+0.986
1630303560,+3.48,+29.312, +2.600,+0.986
1630303620,+3.49,+29.312, +2.584,+0.986
1630303680,+3.49,+29.312, +2.576,+0.986
1630303740,+3.49,+29.303, +2.597,+0.986
1630303800,+3.49,+29.303, +2.574,+0.986
1630303860,+3.49,+29.294, +2.557,+0.986
1630303920,+3.49,+29.312, +2.510,+0.986
1630303980,+3.49,+29.294, +2.671,+0.986
1630304040,+3.48,+29.303, +2.620,+0.986
1630304100,+3.49,+29.294, +2.616,+0.986
1630304160,+3.49,+29.294, +2.608,+0.986
1630304220,+3.49,+29.312, +2.528,+0.986
1630304280,+3.49,+29.286, +2.423,+0.986
1630304340,+3.49,+29.294, +2.339,+0.986
1630304400,+3.49,+29.303, +2.267,+0.986
1630304460,+3.49,+29.294, +2.234,+0.986
1630304520,+3.49,+29.286, +2.158,+0.986
1630304580,+3.48,+29.277, +2.119,+0.987
1630304640,+3.49,+29.286, +2.099,+0.987
1630304700,+3.48,+29.294, +2.037,+0.986
1630304760,+3.49,+29.277, +1.993,+0.986
1630304820,+3.49,+29.286, +1.980,+0.986
1630304880,+3.49,+29.260, +1.976,+0.986
1630304940,+3.48,+29.294, +1.893,+0.986
1630305000,+3.49,+29.277, +1.905,+0.986
1630305060,+3.49,+29.277, +1.950,+0.986
1630305120,+3.49,+29.260, +1.909,+0.986
1630305180,+3.49,+29.269, +1.895,+0.986
1630305240,+3.49,+29.260, +1.883,+0.986
1630305300,+3.49,+29.251, +1.927,+0.986
1630305360,+3.49,+29.251, +1.991,+0.986
1630305420,+3.49,+29.243, +2.024,+0.986
1630305480,+3.49,+29.251, +2.028,+0.987
1630305540,+3.49,+29.226, +2.012,+0.986
1630305600,+3.49,+29.234, +2.049,+0.986
1630305660,+3.49,+29.251, +1.990,+0.986
1630305720,+3.49,+29.243, +1.909,+0.986
1630305780,+3.49,+29.234, +1.787,+0.986
1630305840,+3.49,+29.243, +1.662,+0.986
1630305900,+3.49,+29.243, +1.493,+0.985
1630305960,+3.49,+29.251, +1.400,+0.986
1630306020,+3.49,+29.234, +1.335,+0.986
1630306080,+3.49,+29.234, +1.292,+0.985
1630306140,+3.49,+29.234, +1.285,+0.985
1630306200,+3.49,+29.251, +1.237,+0.985
1630306260,+3.48,+29.243, +1.187,+0.984
1630306320,+3.49,+29.226, +1.140,+0.984
1630306380,+3.49,+29.234, +1.079,+0.984
1630306440,+3.49,+29.234, +1.058,+0.984
1630306500,+3.49,+29.243, +1.015,+0.983
1630306560,+3.49,+29.226, +0.977,+0.983
1630306620,+3.49,+29.217, +0.967,+0.983
1630306680,+3.49,+29.234, +0.931,+0.983
1630306740,+3.49,+29.226, +0.919,+0.983
1630306800,+3.49,+29.208, +0.957,+0.983
1630306860,+3.49,+29.217, +0.989,+0.984
1630306920,+3.49,+29.208, +1.005,+0.984
1630306980,+3.49,+29.191, +0.949,+0.983
1630307040,+3.49,+29.183, +0.925,+0.983
1630307100,+3.49,+29.208, +0.940,+0.983
1630307160,+3.49,+29.200, +1.000,+0.983
1630307220,+3.49,+29.200, +0.973,+0.983
1630307280,+3.49,+29.183, +0.914,+0.983
1630307340,+3.49,+29.183, +0.873,+0.983
1630307400,+3.49,+29.191, +0.872,+0.982
1630307460,+3.49,+29.183, +0.870,+0.982
1630307520,+3.49,+29.183, +0.852,+0.982
1630307580,+3.49,+29.200, +0.838,+0.982
1630307640,+3.49,+29.174, +0.788,+0.981
1630307700,+3.49,+29.183, +0.696,+0.980
1630307760,+3.49,+29.183, +0.657,+0.980
1630307820,+3.49,+29.183, +0.644,+0.980
1630307880,+3.49,+29.174, +0.598,+0.979
1630307940,+3.49,+29.174, +0.623,+0.980
1630308000,+3.49,+29.166, +0.617,+0.979
1630308060,+3.49,+29.174, +0.636,+0.979
1630308120,+3.49,+29.174, +0.671,+0.980
1630308180,+3.49,+29.166, +0.655,+0.980
1630308240,+3.49,+29.157, +0.592,+0.979
1630308300,+3.49,+29.166, +0.559,+0.979
1630308360,+3.49,+29.166, +0.608,+0.979
1630308420,+3.49,+29.157, +0.639,+0.980
1630308480,+3.49,+29.166, +0.678,+0.980
1630308540,+3.49,+29.157, +0.684,+0.980
1630308600,+3.49,+29.157, +0.648,+0.980
1630308660,+3.49,+29.166, +0.640,+0.980
1630308720,+3.49,+29.148, +0.625,+0.980
1630308780,+3.49,+29.140, +0.629,+0.980
1630308840,+3.49,+29.140, +0.640,+0.979
1630308900,+3.49,+29.140, +0.621,+0.979
1630308960,+3.49,+29.131, +0.680,+0.979
1630309020,+3.49,+29.131, +0.798,+0.982
1630309080,+3.49,+29.140, +0.948,+0.983
1630309140,+3.49,+29.140, +1.076,+0.984
1630309200,+3.49,+29.131, +1.143,+0.985
1630309260,+3.49,+29.123, +1.194,+0.985
1630309320,+3.49,+29.123, +1.209,+0.985
1630309380,+3.49,+29.131, +1.244,+0.986
1630309440,+3.49,+29.105, +1.237,+0.985
1630309500,+3.49,+29.097, +1.231,+0.985
1630309560,+3.49,+29.114, +1.244,+0.985
1630309620,+3.49,+29.105, +1.223,+0.985
1630309680,+3.49,+29.114, +1.203,+0.985
1630309740,+3.49,+29.097, +1.199,+0.985
1630309800,+3.49,+29.105, +1.366,+0.986
1630309860,+3.49,+29.105, +1.410,+0.986
1630309920,+3.49,+29.097, +1.421,+0.986
1630309980,+3.49,+29.088, +1.447,+0.986
1630310040,+3.49,+29.088, +1.449,+0.986
1630310100,+3.49,+29.088, +1.440,+0.986
1630310160,+3.49,+29.080, +1.436,+0.986
1630310220,+3.49,+29.080, +1.406,+0.986
1630310280,+3.49,+29.063, +1.371,+0.986
1630310340,+3.49,+29.080, +1.361,+0.986
1630310400,+3.49,+29.071, +1.341,+0.986
1630310460,+3.49,+29.071, +1.282,+0.985
1630310520,+3.49,+29.063, +1.247,+0.985
1630310580,+3.49,+29.063, +1.218,+0.985
1630310640,+3.49,+29.063, +1.181,+0.985
1630310700,+3.49,+29.054, +1.177,+0.985
1630310760,+3.49,+29.054, +1.244,+0.985
1630310820,+3.49,+29.054, +1.229,+0.986
1630310880,+3.49,+29.045, +1.189,+0.985
1630310940,+3.49,+29.063, +1.137,+0.985
1630311000,+3.49,+29.054, +1.115,+0.985
1630311060,+3.49,+29.037, +1.104,+0.985
1630311120,+3.49,+29.045, +1.120,+0.985
1630311180,+3.49,+29.045, +1.114,+0.985
1630311240,+3.49,+29.037, +1.129,+0.985
1630311300,+3.49,+29.037, +1.122,+0.985
1630311360,+3.49,+29.054, +1.100,+0.985
1630311420,+3.49,+29.045, +1.133,+0.985
1630311480,+3.49,+29.037, +1.093,+0.984
1630311540,+3.49,+29.028, +1.000,+0.984
1630311600,+3.49,+29.037, +0.964,+0.983
1630311660,+3.49,+29.020, +1.013,+0.984
1630311720,+3.49,+29.045, +1.067,+0.984
1630311780,+3.49,+29.020, +1.009,+0.984
1630311840,+3.49,+29.011, +0.998,+0.984
1630311900,+3.49,+29.011, +0.957,+0.984
1630311960,+3.49,+29.020, +0.886,+0.983
1630312020,+3.49,+29.011, +0.888,+0.983
1630312080,+3.49,+29.011, +0.852,+0.982
1630312140,+3.49,+29.011, +0.724,+0.981
1630312200,+3.49,+29.003, +0.644,+0.980
1630312260,+3.49,+29.011, +0.597,+0.979
1630312320,+3.49,+29.020, +0.572,+0.979
1630312380,+3.49,+29.003, +0.511,+0.978
1630312440,+3.49,+29.011, +0.470,+0.977
1630312500,+3.49,+28.994, +0.515,+0.978
1630312560,+3.49,+29.003, +0.527,+0.978
1630312620,+3.49,+29.003, +0.510,+0.978
1630312680,+3.49,+28.985, +0.547,+0.978
1630312740,+3.49,+28.985, +0.570,+0.979
1630312800,+3.49,+28.994, +0.495,+0.978
1630312860,+3.49,+28.985, +0.509,+0.978
1630312920,+3.49,+28.985, +0.513,+0.978
1630312980,+3.49,+28.977, +0.513,+0.978
1630313040,+3.49,+28.968, +0.554,+0.979
1630313100,+3.49,+28.985, +0.601,+0.979
1630313160,+3.49,+28.968, +0.653,+0.980
1630313220,+3.49,+28.951, +0.662,+0.981
1630313280,+3.49,+28.968, +0.679,+0.981
1630313340,+3.49,+28.960, +0.645,+0.980
1630313400,+3.49,+28.960, +0.621,+0.980
1630313460,+3.49,+28.977, +0.620,+0.980
1630313520,+3.49,+28.960, +0.629,+0.980
1630313580,+3.49,+28.942, +0.594,+0.979
1630313640,+3.49,+28.951, +0.561,+0.979
1630313700,+3.49,+28.960, +0.501,+0.978
1630313760,+3.49,+28.951, +0.495,+0.978
1630313820,+3.49,+28.934, +0.482,+0.978
1630313880,+3.49,+28.960, +0.480,+0.978
1630313940,+3.49,+28.951, +0.443,+0.977
1630314000,+3.49,+28.951, +0.400,+0.977
1630314060,+3.49,+28.942, +0.383,+0.976
1630314120,+3.49,+28.942, +0.383,+0.976
1630314180,+3.49,+28.942, +0.374,+0.976
1630314240,+3.49,+28.942, +0.378,+0.976
1630314300,+3.49,+28.951, +0.388,+0.976
1630314360,+3.49,+28.925, +0.406,+0.977
1630314420,+3.49,+28.934, +0.423,+0.977
1630314480,+3.49,+28.934, +0.406,+0.977
1630314540,+3.49,+28.934, +0.386,+0.977
1630314600,+3.49,+28.934, +0.410,+0.977
1630314660,+3.49,+28.917, +0.442,+0.977
1630314720,+3.49,+28.917, +0.499,+0.978
1630314780,+3.49,+28.908, +0.528,+0.979
1630314840,+3.49,+28.917, +0.519,+0.979
1630314900,+3.49,+28.908, +0.535,+0.979
1630314960,+3.49,+28.900, +0.486,+0.978
1630315020,+3.49,+28.908, +0.426,+0.977
1630315080,+3.49,+28.900, +0.439,+0.978
1630315140,+3.49,+28.908, +0.543,+0.979
1630315200,+3.49,+28.891, +0.554,+0.979
1630315260,+3.49,+28.900, +0.529,+0.979
1630315320,+3.49,+28.891, +0.461,+0.978
1630315380,+3.49,+28.891, +0.430,+0.977
1630315440,+3.49,+28.891, +0.393,+0.977
1630315500,+3.49,+28.891, +0.418,+0.977
1630315560,+3.49,+28.891, +0.418,+0.977
1630315620,+3.49,+28.891, +0.361,+0.976
1630315680,+3.49,+28.900, +0.291,+0.974
1630315740,+3.49,+28.891, +0.261,+0.974
1630315800,+3.49,+28.883, +0.288,+0.974
1630315860,+3.49,+28.865, +0.432,+0.976
1630315920,+3.49,+28.857, +0.498,+0.978
1630315980,+3.49,+28.865, +0.464,+0.977
1630316040,+3.49,+28.874, +0.390,+0.976
1630316100,+3.49,+28.857, +0.380,+0.975
1630316160,+3.49,+28.848, +0.391,+0.976
1630316220,+3.49,+28.857, +0.388,+0.976
1630316280,+3.49,+28.857, +0.345,+0.975
1630316340,+3.49,+28.865, +0.322,+0.975
1630316400,+3.49,+28.848, +0.349,+0.975
1630316460,+3.49,+28.840, +0.389,+0.976
1630316520,+3.49,+28.831, +0.500,+0.978
1630316580,+3.49,+28.840, +0.553,+0.979
1630316640,+3.49,+28.814, +0.569,+0.979
1630316700,+3.49,+28.823, +0.542,+0.979
1630316760,+3.49,+28.831, +0.521,+0.979
1630316820,+3.49,+28.840, +0.478,+0.978
1630316880,+3.49,+28.831, +0.508,+0.978
1630316940,+3.49,+28.840, +0.502,+0.978
1630317000,+3.49,+28.823, +0.517,+0.979
1630317060,+3.49,+28.831, +0.503,+0.979
1630317120,+3.49,+28.814, +0.569,+0.980
1630317180,+3.49,+28.823, +0.571,+0.980
1630317240,+3.49,+28.814, +0.580,+0.980
1630317300,+3.49,+28.823, +0.679,+0.981
1630317360,+3.49,+28.814, +0.812,+0.983
1630317420,+3.49,+28.814, +0.802,+0.983
1630317480,+3.49,+28.814, +0.805,+0.983
1630317540,+3.49,+28.805, +0.836,+0.983
1630317600,+3.49,+28.814, +0.797,+0.982
1630317660,+3.49,+28.814, +0.758,+0.982
1630317720,+3.49,+28.797, +0.700,+0.981
1630317780,+3.49,+28.805, +0.650,+0.981
1630317840,+3.49,+28.805, +0.628,+0.980
1630317900,+3.49,+28.805, +0.613,+0.980
1630317960,+3.49,+28.805, +0.562,+0.979
1630318020,+3.49,+28.814, +0.532,+0.979
1630318080,+3.49,+28.797, +0.531,+0.979
1630318140,+3.49,+28.788, +0.511,+0.979
1630318200,+3.49,+28.797, +0.489,+0.978
1630318260,+3.49,+28.805, +0.551,+0.979
1630318320,+3.49,+28.788, +0.547,+0.979
1630318380,+3.49,+28.797, +0.552,+0.979
1630318440,+3.49,+28.780, +0.555,+0.979
1630318500,+3.49,+28.788, +0.581,+0.980
1630318560,+3.49,+28.780, +0.597,+0.980
1630318620,+3.49,+28.788, +0.593,+0.980
1630318680,+3.49,+28.771, +0.586,+0.980
1630318740,+3.49,+28.771, +0.690,+0.981
1630318800,+3.49,+28.763, +0.707,+0.982
1630318860,+3.49,+28.771, +0.650,+0.981
1630318920,+3.49,+28.745, +0.651,+0.981
1630318980,+3.49,+28.754, +0.588,+0.980
1630319040,+3.49,+28.754, +0.509,+0.979
1630319100,+3.49,+28.754, +0.461,+0.978
1630319160,+3.49,+28.737, +0.433,+0.978
1630319220,+3.49,+28.745, +0.432,+0.977
1630319280,+3.49,+28.745, +0.390,+0.977
1630319340,+3.49,+28.763, +0.372,+0.976
1630319400,+3.49,+28.745, +0.393,+0.977
1630319460,+3.49,+28.737, +0.476,+0.978
1630319520,+3.49,+28.737, +0.567,+0.980
1630319580,+3.49,+28.754, +0.580,+0.980
1630319640,+3.49,+28.745, +0.516,+0.979
1630319700,+3.49,+28.728, +0.528,+0.979
1630319760,+3.49,+28.728, +0.530,+0.979
1630319820,+3.49,+28.728, +0.490,+0.978
1630319880,+3.49,+28.728, +0.458,+0.978
1630319940,+3.49,+28.720, +0.491,+0.978
1630320000,+3.49,+28.711, +0.489,+0.978
1630320060,+3.49,+28.720, +0.510,+0.979
1630320120,+3.49,+28.737, +0.563,+0.980
1630320180,+3.49,+28.720, +0.556,+0.980
1630320240,+3.49,+28.720, +0.575,+0.980
1630320300,+3.49,+28.720, +0.570,+0.980
1630320360,+3.49,+28.720, +0.513,+0.979
1630320420,+3.49,+28.703, +0.505,+0.979
1630320480,+3.48,+28.703, +0.500,+0.979
1630320540,+3.49,+28.711, +0.547,+0.979
1630320600,+3.49,+28.711, +0.568,+0.980
1630320660,+3.49,+28.711, +0.719,+0.982
1630320720,+3.48,+28.694, +0.699,+0.982
1630320780,+3.48,+28.703, +0.722,+0.982
1630320840,+3.48,+28.694, +0.724,+0.982
1630320900,+3.48,+28.686, +0.715,+0.982
1630320960,+3.48,+28.686, +0.687,+0.981
1630321020,+3.48,+28.686, +0.681,+0.981
1630321080,+3.48,+28.677, +0.610,+0.980
1630321140,+3.48,+28.686, +0.532,+0.979
1630321200,+3.48,+28.694, +0.510,+0.979
1630321260,+3.48,+28.686, +0.461,+0.978
1630321320,+3.48,+28.668, +0.404,+0.977
1630321380,+3.48,+28.668, +0.363,+0.976
1630321440,+3.48,+28.668, +0.331,+0.975
1630321500,+3.48,+28.677, +0.287,+0.974
1630321560,+3.48,+28.677, +0.232,+0.973
1630321620,+3.48,+28.668, +0.194,+0.973
1630321680,+3.48,+28.668, +0.198,+0.973
1630321740,+3.48,+28.668, +0.209,+0.973
1630321800,+3.48,+28.677, +0.209,+0.973
1630321860,+3.48,+28.668, +0.188,+0.973
1630321920,+3.48,+28.677, +0.169,+0.972
1630321980,+3.48,+28.668, +0.147,+0.971
1630322040,+3.48,+28.651, +0.142,+0.971
1630322100,+3.48,+28.660, +0.130,+0.971
1630322160,+3.48,+28.660, +0.122,+0.971
1630322220,+3.48,+28.651, +0.105,+0.970
1630322280,+3.48,+28.651, +0.107,+0.970
1630322340,+3.48,+28.660, +0.094,+0.970
1630322400,+3.48,+28.643, +0.075,+0.970
1630322460,+3.48,+28.643, +0.118,+0.971
1630322520,+3.48,+28.626, +0.159,+0.972
1630322580,+3.48,+28.643, +0.187,+0.972
1630322640,+3.48,+28.634, +0.159,+0.972
1630322700,+3.48,+28.634, +0.108,+0.971
1630322760,+3.48,+28.643, +0.095,+0.970
1630322820,+3.48,+28.626, +0.095,+0.970
1630322880,+3.48,+28.626, +0.071,+0.970
1630322940,+3.48,+28.626, +0.051,+0.969
1630323000,+3.48,+28.626, +0.043,+0.969
1630323060,+3.48,+28.617, +0.041,+0.969
1630323120,+3.48,+28.626, +0.038,+0.969
1630323180,+3.48,+28.609, +0.036,+0.969
1630323240,+3.48,+28.643, +0.037,+0.969
1630323300,+3.48,+28.626, +0.037,+0.969
1630323360,+3.48,+28.609, +0.037,+0.969
1630323420,+3.48,+28.626, +0.038,+0.969
1630323480,+3.48,+28.600, +0.040,+0.969
1630323540,+3.48,+28.591, +0.047,+0.969
1630323600,+3.48,+28.600, +0.042,+0.969
1630323660,+3.48,+28.583, +0.045,+0.969
1630323720,+3.48,+28.583, +0.042,+0.969
1630323780,+3.48,+28.591, +0.039,+0.969
1630323840,+3.48,+28.591, +0.038,+0.969
1630323900,+3.48,+28.574, +0.040,+0.969
1630323960,+3.48,+28.583, +0.040,+0.969
1630324020,+3.48,+28.591, +0.046,+0.969
1630324080,+3.48,+28.566, +0.039,+0.969
1630324140,+3.48,+28.574, +0.038,+0.969
1630324200,+3.48,+28.583, +0.039,+0.969
1630324260,+3.48,+28.566, +0.040,+0.969
1630324320,+3.48,+28.566, +0.039,+0.969
1630324380,+3.48,+28.540, +0.037,+0.969
1630324440,+3.48,+28.557, +0.050,+0.969
1630324500,+3.48,+28.557, +0.040,+0.969
1630324560,+3.48,+28.549, +0.038,+0.969
1630324620,+3.48,+28.549, +0.039,+0.969
1630324680,+3.48,+28.566, +0.038,+0.969
1630324740,+3.48,+28.557, +0.038,+0.969
1630324800,+3.48,+28.557, +0.038,+0.969
1630324860,+3.48,+28.549, +0.037,+0.969
1630324920,+3.48,+28.557, +0.036,+0.969
1630324980,+3.48,+28.557, +0.036,+0.969
1630325040,+3.48,+28.557, +0.035,+0.969
1630325100,+3.48,+28.549, +0.035,+0.969
1630325160,+3.48,+28.557, +0.036,+0.969
1630325220,+3.48,+28.557, +0.035,+0.969
1630325280,+3.48,+28.549, +0.035,+0.969
1630325340,+3.48,+28.557, +0.035,+0.969
1630325400,+3.48,+28.549, +0.035,+0.969
1630325460,+3.48,+28.549, +0.037,+0.969
1630325520,+3.48,+28.566, +0.036,+0.969
1630325580,+3.48,+28.557, +0.037,+0.969
1630325640,+3.48,+28.540, +0.036,+0.969
1630325700,+3.48,+28.532, +0.036,+0.969
1630325760,+3.48,+28.540, +0.036,+0.969
1630325820,+3.48,+28.540, +0.037,+0.969
1630325880,+3.48,+28.549, +0.035,+0.969
1630325940,+3.48,+28.549, +0.035,+0.969
1630326000,+3.48,+28.532, +0.036,+0.969
1630326060,+3.48,+28.523, +0.035,+0.969
1630326120,+3.48,+28.532, +0.036,+0.969
1630326180,+3.48,+28.523, +0.036,+0.969
1630326240,+3.48,+28.532, +0.037,+0.969
1630326300,+3.48,+28.523, +0.036,+0.969
1630326360,+3.48,+28.514, +0.035,+0.969
1630326420,+3.48,+28.523, +0.034,+0.969
1630326480,+3.48,+28.523, +0.035,+0.969
1630326540,+3.48,+28.532, +0.034,+0.969
1630326600,+3.48,+28.506, +0.036,+0.969
1630326660,+3.48,+28.514, +0.038,+0.969
1630326720,+3.48,+28.506, +0.042,+0.969
1630326780,+3.48,+28.506, +0.039,+0.969
1630326840,+3.48,+28.523, +0.038,+0.969
1630326900,+3.48,+28.497, +0.036,+0.969
1630326960,+3.48,+28.506, +0.035,+0.969
1630327020,+3.48,+28.489, +0.035,+0.969
1630327080,+3.48,+28.506, +0.034,+0.969
1630327140,+3.48,+28.497, +0.035,+0.969
1630327200,+3.48,+28.506, +0.036,+0.969
1630327260,+3.48,+28.497, +0.036,+0.969
1630327320,+3.48,+28.480, +0.037,+0.969
1630327380,+3.48,+28.497, +0.037,+0.969
1630327440,+3.48,+28.480, +0.039,+0.969
1630327500,+3.48,+28.480, +0.037,+0.969
1630327560,+3.48,+28.480, +0.037,+0.969
1630327620,+3.48,+28.489, +0.036,+0.969
1630327680,+3.48,+28.489, +0.036,+0.969
1630327740,+3.48,+28.472, +0.037,+0.969
1630327800,+3.48,+28.472, +0.036,+0.969
1630327860,+3.48,+28.472, +0.035,+0.969
1630327920,+3.48,+28.463, +0.035,+0.969
1630327980,+3.48,+28.472, +0.035,+0.969
1630328040,+3.48,+28.480, +0.034,+0.969
1630328100,+3.48,+28.472, +0.035,+0.969
1630328160,+3.48,+28.472, +0.035,+0.969
1630328220,+3.48,+28.472, +0.035,+0.969
1630328280,+3.48,+28.472, +0.035,+0.969
1630328340,+3.48,+28.463, +0.035,+0.969
1630328400,+3.48,+28.472, +0.035,+0.969
1630328460,+3.48,+28.480, +0.038,+0.969
1630328520,+3.48,+28.463, +0.038,+0.969
1630328580,+3.48,+28.480, +0.036,+0.969
1630328640,+3.48,+28.472, +0.038,+0.969
1630328700,+3.48,+28.480, +0.037,+0.969
1630328760,+3.48,+28.489, +0.037,+0.969
1630328820,+3.48,+28.480, +0.037,+0.969
1630328880,+3.48,+28.472, +0.038,+0.969
1630328940,+3.48,+28.472, +0.040,+0.969
1630329000,+3.48,+28.472, +0.039,+0.969
1630329060,+3.48,+28.463, +0.040,+0.969
1630329120,+3.48,+28.472, +0.042,+0.969
1630329180,+3.48,+28.463, +0.047,+0.969
1630329240,+3.48,+28.480, +0.063,+0.970
1630329300,+3.48,+28.472, +0.087,+0.970
1630329360,+3.48,+28.472, +0.114,+0.971
1630329420,+3.48,+28.472, +0.196,+0.973
1630329480,+3.48,+28.480, +0.200,+0.973
1630329540,+3.48,+28.463, +0.221,+0.973
1630329600,+3.48,+28.463, +0.232,+0.974
1630329660,+3.48,+28.480, +0.236,+0.974
1630329720,+3.48,+28.463, +0.245,+0.974
1630329780,+3.48,+28.455, +0.252,+0.974
1630329840,+3.48,+28.489, +0.261,+0.974
1630329900,+3.48,+28.472, +0.281,+0.975
1630329960,+3.48,+28.480, +0.316,+0.975
1630330020,+3.48,+28.480, +0.340,+0.976
1630330080,+3.48,+28.489, +0.364,+0.976
1630330140,+3.48,+28.489, +0.388,+0.977
1630330200,+3.48,+28.497, +0.406,+0.977
1630330260,+3.48,+28.489, +0.421,+0.978
1630330320,+3.48,+28.497, +0.449,+0.978
1630330380,+3.48,+28.489, +0.473,+0.978
1630330440,+3.48,+28.489, +0.479,+0.978
1630330500,+3.48,+28.506, +0.488,+0.979
1630330560,+3.48,+28.506, +0.507,+0.979
1630330620,+3.48,+28.497, +0.524,+0.979
1630330680,+3.48,+28.506, +0.526,+0.979
1630330740,+3.48,+28.497, +0.528,+0.979
1630330800,+3.48,+28.514, +0.534,+0.979
1630330860,+3.48,+28.523, +0.625,+0.981
1630330920,+3.48,+28.506, +0.615,+0.980
1630330980,+3.48,+28.506, +0.612,+0.981
1630331040,+3.48,+28.506, +0.541,+0.979
1630331100,+3.48,+28.506, +0.486,+0.979
1630331160,+3.48,+28.523, +0.469,+0.978
1630331220,+3.48,+28.532, +0.470,+0.978
1630331280,+3.48,+28.514, +0.493,+0.978
1630331340,+3.48,+28.523, +0.517,+0.979
1630331400,+3.48,+28.523, +0.551,+0.979
1630331460,+3.48,+28.523, +0.589,+0.980
1630331520,+3.48,+28.523, +0.629,+0.980
1630331580,+3.48,+28.523, +0.667,+0.981
1630331640,+3.48,+28.540, +0.689,+0.981
1630331700,+3.48,+28.532, +0.687,+0.981
1630331760,+3.48,+28.532, +0.697,+0.981
1630331820,+3.48,+28.549, +0.726,+0.981
1630331880,+3.48,+28.540, +0.762,+0.982
1630331940,+3.48,+28.532, +0.770,+0.982
1630332000,+3.48,+28.523, +0.801,+0.982
1630332060,+3.48,+28.540, +0.822,+0.983
1630332120,+3.48,+28.549, +0.821,+0.982
1630332180,+3.48,+28.549, +0.869,+0.983
1630332240,+3.48,+28.540, +0.846,+0.983
1630332300,+3.48,+28.549, +0.795,+0.982
1630332360,+3.48,+28.549, +0.774,+0.982
1630332420,+3.48,+28.566, +0.743,+0.982
1630332480,+3.48,+28.540, +0.722,+0.981
1630332540,+3.48,+28.557, +0.693,+0.981
1630332600,+3.48,+28.549, +0.692,+0.981
1630332660,+3.48,+28.540, +0.742,+0.982
1630332720,+3.48,+28.523, +0.818,+0.982
1630332780,+3.48,+28.532, +0.832,+0.983
1630332840,+3.48,+28.549, +0.830,+0.982
1630332900,+3.48,+28.532, +0.832,+0.982
1630332960,+3.48,+28.557, +0.849,+0.982
1630333020,+3.48,+28.557, +0.869,+0.983
1630333080,+3.48,+28.549, +0.889,+0.983
1630333140,+3.48,+28.566, +0.941,+0.983
1630333200,+3.48,+28.566, +0.984,+0.984
1630333260,+3.48,+28.583, +1.038,+0.984
1630333320,+3.48,+28.566, +1.067,+0.984
1630333380,+3.48,+28.574, +1.085,+0.984
1630333440,+3.48,+28.583, +1.104,+0.985
1630333500,+3.48,+28.574, +1.148,+0.985
1630333560,+3.48,+28.583, +1.167,+0.985
1630333620,+3.48,+28.574, +1.171,+0.985
1630333680,+3.48,+28.557, +1.218,+0.985
1630333740,+3.48,+28.583, +1.263,+0.985
1630333800,+3.48,+28.574, +1.274,+0.985
1630333860,+3.48,+28.583, +1.288,+0.986
1630333920,+3.48,+28.566, +1.313,+0.986
1630333980,+3.48,+28.583, +1.354,+0.986
1630334040,+3.48,+28.591, +1.432,+0.986
1630334100,+3.48,+28.600, +1.497,+0.986
1630334160,+3.48,+28.617, +1.585,+0.986
1630334220,+3.48,+28.617, +1.624,+0.986
1630334280,+3.48,+28.626, +1.650,+0.986
1630334340,+3.48,+28.609, +1.677,+0.986
1630334400,+3.48,+28.626, +1.738,+0.987
1630334460,+3.48,+28.617, +1.773,+0.987
1630334520,+3.48,+28.634, +1.792,+0.986
1630334580,+3.48,+28.634, +1.844,+0.986
1630334640,+3.48,+28.626, +1.842,+0.987
1630334700,+3.48,+28.617, +1.820,+0.987
1630334760,+3.48,+28.634, +1.832,+0.986
1630334820,+3.48,+28.643, +1.822,+0.986
1630334880,+3.48,+28.626, +1.845,+0.986
1630334940,+3.48,+28.617, +1.868,+0.986
1630335000,+3.48,+28.643, +1.889,+0.987
1630335060,+3.48,+28.651, +1.934,+0.986
1630335120,+3.48,+28.651, +1.986,+0.986
1630335180,+3.48,+28.660, +2.016,+0.986
1630335240,+3.48,+28.660, +2.055,+0.986
1630335300,+3.48,+28.660, +2.090,+0.986
1630335360,+3.48,+28.668, +2.138,+0.986
1630335420,+3.48,+28.660, +2.225,+0.986
1630335480,+3.48,+28.686, +2.295,+0.986
1630335540,+3.48,+28.677, +2.387,+0.986
1630335600,+3.48,+28.686, +2.495,+0.986
1630335660,+3.48,+28.703, +2.632,+0.986
1630335720,+3.48,+28.703, +2.750,+0.986
1630335780,+3.48,+28.711, +2.849,+0.986
1630335840,+3.49,+28.737, +2.925,+0.986
1630335900,+3.49,+28.745, +2.977,+0.986
1630335960,+3.49,+28.763, +3.003,+0.986
1630336020,+3.48,+28.788, +3.026,+0.986
1630336080,+3.48,+28.788, +2.919,+0.986
1630336140,+3.48,+28.788, +2.527,+0.986
1630336200,+3.49,+28.805, +2.472,+0.986
1630336260,+3.48,+28.797, +2.370,+0.986
1630336320,+3.49,+28.805, +2.345,+0.986
1630336380,+3.49,+28.814, +2.363,+0.986
1630336440,+3.48,+28.814, +2.401,+0.986
1630336500,+3.49,+28.831, +2.448,+0.986
1630336560,+3.48,+28.848, +2.547,+0.986
1630336620,+3.49,+28.840, +2.597,+0.986
1630336680,+3.48,+28.840, +2.651,+0.986
1630336740,+3.48,+28.831, +2.685,+0.986
1630336800,+3.49,+28.831, +2.689,+0.986
1630336860,+3.49,+28.831, +2.741,+0.986
1630336920,+3.48,+28.805, +2.754,+0.986
1630336980,+3.49,+28.823, +2.794,+0.985
1630337040,+3.48,+28.840, +2.852,+0.985
1630337100,+3.48,+28.840, +2.899,+0.985
1630337160,+3.49,+28.848, +2.882,+0.986
1630337220,+3.48,+28.848, +2.885,+0.986
1630337280,+3.48,+28.840, +2.883,+0.986
1630337340,+3.48,+28.840, +2.893,+0.986
1630337400,+3.48,+28.848, +2.878,+0.985
1630337460,+3.49,+28.840, +2.913,+0.985
1630337520,+3.49,+28.865, +2.975,+0.985
1630337580,+3.49,+28.865, +3.047,+0.985
1630337640,+3.48,+28.857, +3.091,+0.985
1630337700,+3.48,+28.874, +3.120,+0.985
1630337760,+3.48,+28.883, +3.098,+0.985
1630337820,+3.48,+28.874, +3.066,+0.985
1630337880,+3.48,+28.865, +3.031,+0.985
1630337940,+3.48,+28.874, +2.957,+0.986
1630338000,+3.48,+28.865, +2.916,+0.985
1630338060,+3.48,+28.865, +2.920,+0.985
1630338120,+3.48,+28.883, +2.943,+0.985
1630338180,+3.48,+28.857, +2.993,+0.986
1630338240,+3.48,+28.883, +3.023,+0.986
1630338300,+3.48,+28.891, +3.120,+0.985
1630338360,+3.48,+28.883, +3.255,+0.985
1630338420,+3.48,+28.900, +3.341,+0.985
1630338480,+3.48,+28.900, +3.453,+0.985
1630338540,+3.48,+28.900, +3.573,+0.985
1630338600,+3.48,+28.891, +3.633,+0.985
1630338660,+3.48,+28.891, +3.673,+0.985
1630338720,+3.48,+28.925, +3.684,+0.985
1630338780,+3.48,+28.917, +3.696,+0.984
1630338840,+3.48,+28.925, +3.717,+0.985
1630338900,+3.48,+28.908, +3.716,+0.985
1630338960,+3.48,+28.925, +3.693,+0.984
1630339020,+3.48,+28.925, +3.677,+0.985
1630339080,+3.48,+28.951, +3.668,+0.984
1630339140,+3.48,+28.977, +3.675,+0.985
1630339200,+3.48,+28.977, +3.643,+0.985
1630339260,+3.48,+28.977, +3.607,+0.984
1630339320,+3.48,+28.977, +3.598,+0.985
1630339380,+3.48,+28.977, +3.605,+0.985
1630339440,+3.48,+28.985, +3.607,+0.985
1630339500,+3.48,+28.994, +3.625,+0.985
1630339560,+3.48,+28.994, +3.679,+0.985
1630339620,+3.48,+29.003, +3.746,+0.985
1630339680,+3.48,+28.985, +3.760,+0.985
1630339740,+3.48,+28.985, +3.770,+0.985
1630339800,+3.48,+28.985, +3.778,+0.984
1630339860,+3.48,+28.977, +3.825,+0.984
1630339920,+3.48,+28.994, +3.917,+0.984
1630339980,+3.48,+28.994, +4.061,+0.984
1630340040,+3.48,+28.977, +4.229,+0.984
1630340100,+3.48,+28.977, +4.367,+0.984
1630340160,+3.48,+28.985, +4.508,+0.984
1630340220,+3.48,+29.011, +4.647,+0.984
1630340280,+3.48,+29.003, +4.759,+0.984
1630340340,+3.48,+29.011, +4.825,+0.984
1630340400,+3.48,+29.045, +4.890,+0.984
1630340460,+3.48,+29.037, +4.904,+0.984
1630340520,+3.48,+29.054, +4.911,+0.984
1630340580,+3.48,+29.071, +4.930,+0.984
1630340640,+3.48,+29.071, +4.927,+0.984
1630340700,+3.48,+29.080, +4.999,+0.984
1630340760,+3.48,+29.080, +5.077,+0.984
1630340820,+3.48,+29.097, +5.134,+0.984
1630340880,+3.48,+29.114, +5.227,+0.984
1630340940,+3.48,+29.140, +5.359,+0.983
1630341000,+3.48,+29.157, +5.448,+0.984
1630341060,+3.48,+29.183, +5.553,+0.984
1630341120,+3.48,+29.191, +5.601,+0.984
1630341180,+3.48,+29.208, +5.701,+0.984
1630341240,+3.48,+29.208, +5.798,+0.983
1630341300,+3.48,+29.217, +5.879,+0.983
1630341360,+3.48,+29.217, +5.915,+0.984
1630341420,+3.48,+29.208, +5.910,+0.984
1630341480,+3.48,+29.174, +5.953,+0.983
1630341540,+3.48,+29.183, +6.027,+0.983
1630341600,+3.48,+29.157, +6.053,+0.984
1630341660,+3.48,+29.140, +5.966,+0.983
1630341720,+3.48,+29.148, +5.879,+0.984
1630341780,+3.48,+29.131, +5.923,+0.983
1630341840,+3.48,+29.140, +5.940,+0.983
1630341900,+3.48,+29.131, +5.926,+0.983
1630341960,+3.48,+29.148, +6.048,+0.984
1630342020,+3.48,+29.166, +6.237,+0.983
1630342080,+3.48,+29.174, +6.279,+0.984
1630342140,+3.48,+29.174, +6.234,+0.983
1630342200,+3.48,+29.183, +6.243,+0.983
1630342260,+3.48,+29.174, +6.098,+0.983
1630342320,+3.48,+29.166, +5.996,+0.984
1630342380,+3.48,+29.140, +6.050,+0.984
1630342440,+3.48,+29.148, +6.214,+0.984
1630342500,+3.48,+29.174, +6.287,+0.983
1630342560,+3.48,+29.174, +6.313,+0.984
1630342620,+3.48,+29.183, +6.345,+0.983
1630342680,+3.48,+29.200, +6.429,+0.984
1630342740,+3.48,+29.243, +6.492,+0.983
1630342800,+3.48,+29.226, +6.693,+0.984
1630342860,+3.48,+29.226, +6.903,+0.984
1630342920,+3.48,+29.260, +7.101,+0.983
1630342980,+3.48,+29.269, +7.158,+0.983
1630343040,+3.48,+29.269, +7.119,+0.983
1630343100,+3.48,+29.294, +7.236,+0.984
1630343160,+3.48,+29.320, +7.317,+0.984
1630343220,+3.48,+29.346, +7.375,+0.983
1630343280,+3.48,+29.372, +7.402,+0.984
1630343340,+3.48,+29.389, +7.448,+0.983
1630343400,+3.48,+29.372, +7.412,+0.984
1630343460,+3.48,+29.354, +7.393,+0.983
1630343520,+3.48,+29.320, +7.451,+0.983
1630343580,+3.48,+29.320, +7.480,+0.984
1630343640,+3.48,+29.277, +7.466,+0.984
1630343700,+3.48,+29.251, +7.410,+0.982
1630343760,+3.48,+29.286, +7.546,+0.983
1630343820,+3.48,+29.269, +7.585,+0.983
1630343880,+3.48,+29.277, +7.594,+0.983
1630343940,+3.48,+29.286, +7.582,+0.983
1630344000,+3.48,+29.320, +7.570,+0.983
1630344060,+3.48,+29.312, +7.585,+0.983
1630344120,+3.48,+29.372, +7.693,+0.983
1630344180,+3.48,+29.449, +8.268,+0.983
1630344240,+3.48,+29.492, +9.168,+0.983
1630344300,+3.48,+29.501, +9.450,+0.983
1630344360,+3.48,+29.535, +9.534,+0.984
1630344420,+3.48,+29.526, +9.481,+0.983
1630344480,+3.48,+29.544, +9.513,+0.983
1630344540,+3.48,+29.552, +9.556,+0.983
1630344600,+3.48,+29.544, +9.508,+0.984
1630344660,+3.48,+29.544, +9.461,+0.984
1630344720,+3.48,+29.561, +9.431,+0.984
1630344780,+3.48,+29.561, +9.472,+0.984
1630344840,+3.48,+29.569, +9.794,+0.984
1630344900,+3.48,+29.578, +9.899,+0.984
1630344960,+3.48,+29.595,+10.000,+0.985
1630345020,+3.48,+29.604, +9.964,+0.983
1630345080,+3.48,+29.604, +9.919,+0.984
1630345140,+3.48,+29.595, +9.846,+0.983
1630345200,+3.48,+29.535, +9.558,+0.983
1630345260,+3.48,+29.492, +9.346,+0.984
1630345320,+3.48,+29.466, +9.075,+0.983
1630345380,+3.48,+29.466, +9.002,+0.983
1630345440,+3.48,+29.475, +9.009,+0.983
1630345500,+3.48,+29.526, +9.060,+0.983
1630345560,+3.48,+29.552, +9.120,+0.984
1630345620,+3.48,+29.561, +9.308,+0.984
1630345680,+3.48,+29.552, +9.341,+0.983
1630345740,+3.48,+29.604, +9.632,+0.983
1630345800,+3.48,+29.664,+10.098,+0.984
1630345860,+3.48,+29.647,+10.401,+0.984
1630345920,+3.48,+29.681,+10.558,+0.984
1630345980,+3.48,+29.707,+10.730,+0.984
1630346040,+3.48,+29.690,+10.650,+0.984
1630346100,+3.48,+29.690,+10.484,+0.984
1630346160,+3.48,+29.673,+10.446,+0.984
1630346220,+3.48,+29.638,+10.337,+0.984
1630346280,+3.48,+29.595,+10.073,+0.983
1630346340,+3.48,+29.578,+10.118,+0.984
1630346400,+3.48,+29.561,+10.283,+0.984
1630346460,+3.48,+29.587,+10.480,+0.984
1630346520,+3.48,+29.587,+10.552,+0.984
1630346580,+3.48,+29.621,+10.952,+0.985
1630346640,+3.48,+29.630,+10.987,+0.985
1630346700,+3.48,+29.690,+11.380,+0.984
1630346760,+3.48,+29.699,+11.410,+0.985
1630346820,+3.48,+29.759,+11.612,+0.985
1630346880,+3.48,+29.811,+11.674,+0.984
1630346940,+3.48,+29.819,+11.671,+0.985
1630347000,+3.48,+29.862,+11.630,+0.984
1630347060,+3.48,+29.871,+11.520,+0.984
1630347120,+3.48,+29.888,+11.422,+0.984
1630347180,+3.48,+29.905,+11.234,+0.983
1630347240,+3.48,+29.914,+11.262,+0.985
1630347300,+3.48,+29.905,+11.264,+0.985
1630347360,+3.48,+29.897,+11.137,+0.985
1630347420,+3.48,+29.845,+10.838,+0.985
1630347480,+3.48,+29.828,+10.555,+0.984
1630347540,+3.48,+29.802,+10.358,+0.984
1630347600,+3.48,+29.793,+10.177,+0.984
1630347660,+3.48,+29.776,+10.045,+0.984
1630347720,+3.48,+29.768, +9.957,+0.984
1630347780,+3.48,+29.750, +9.919,+0.984
1630347840,+3.48,+29.742, +9.926,+0.985
1630347900,+3.48,+29.707, +9.900,+0.984
1630347960,+3.48,+29.681, +9.865,+0.985
1630348020,+3.48,+29.673, +9.816,+0.985
1630348080,+3.48,+29.621, +9.668,+0.984
1630348140,+3.48,+29.604, +9.585,+0.984
1630348200,+3.48,+29.613, +9.552,+0.984
1630348260,+3.48,+29.638, +9.571,+0.985
1630348320,+3.48,+29.647, +9.591,+0.984
1630348380,+3.48,+29.699, +9.805,+0.983
1630348440,+3.48,+29.759,+10.103,+0.984
1630348500,+3.48,+29.802,+10.469,+0.984
1630348560,+3.48,+29.819,+10.641,+0.984
1630348620,+3.48,+29.828,+10.691,+0.985
1630348680,+3.48,+29.854,+10.735,+0.985
1630348740,+3.48,+29.854,+10.770,+0.985
1630348800,+3.48,+29.862,+10.783,+0.984
1630348860,+3.48,+29.871,+10.843,+0.984
1630348920,+3.48,+29.871,+10.886,+0.984
1630348980,+3.48,+29.862,+11.080,+0.985
1630349040,+3.48,+29.862,+11.307,+0.984
1630349100,+3.48,+29.845,+11.285,+0.985
1630349160,+3.48,+29.785,+11.110,+0.985
1630349220,+3.48,+29.776,+10.878,+0.984
1630349280,+3.48,+29.768,+10.800,+0.984
1630349340,+3.48,+29.776,+10.674,+0.984
1630349400,+3.48,+29.785,+10.672,+0.984
1630349460,+3.48,+29.836,+10.747,+0.985
1630349520,+3.48,+29.828,+10.994,+0.985
1630349580,+3.48,+29.776,+11.057,+0.984
1630349640,+3.48,+29.793,+11.049,+0.985
1630349700,+3.48,+29.759,+11.016,+0.985
1630349760,+3.48,+29.776,+10.853,+0.985
1630349820,+3.48,+29.768,+10.954,+0.984
1630349880,+3.48,+29.768,+10.900,+0.984
1630349940,+3.48,+29.793,+11.307,+0.984
1630350000,+3.48,+29.802,+11.340,+0.985
1630350060,+3.48,+29.819,+11.217,+0.984
1630350120,+3.48,+29.811,+11.165,+0.984
1630350180,+3.48,+29.802,+11.270,+0.984
1630350240,+3.48,+29.819,+11.281,+0.985
1630350300,+3.48,+29.828,+11.453,+0.985
1630350360,+3.48,+29.854,+11.877,+0.985
1630350420,+3.48,+29.845,+11.919,+0.985
1630350480,+3.48,+29.836,+11.787,+0.986
1630350540,+3.48,+29.845,+11.594,+0.984
1630350600,+3.48,+29.819,+11.459,+0.984
1630350660,+3.48,+29.845,+11.399,+0.984
1630350720,+3.48,+29.836,+11.345,+0.985
1630350780,+3.48,+29.802,+11.137,+0.985
1630350840,+3.48,+29.811,+11.701,+0.986
1630350900,+3.48,+29.811,+11.932,+0.984
1630350960,+3.49,+29.819,+11.747,+0.984
1630351020,+3.48,+29.845,+11.648,+0.984
1630351080,+3.48,+29.819,+11.495,+0.985
1630351140,+3.48,+29.862,+11.418,+0.984
1630351200,+3.48,+29.845,+11.769,+0.984
1630351260,+3.48,+29.836,+11.470,+0.985
1630351320,+3.48,+29.871,+11.274,+0.985
1630351380,+3.49,+29.871,+11.201,+0.984
1630351440,+3.48,+29.862,+11.307,+0.984
1630351500,+3.48,+29.836,+11.338,+0.985
1630351560,+3.48,+29.811,+11.226,+0.984
1630351620,+3.48,+29.819,+11.340,+0.985
1630351680,+3.48,+29.793,+11.550,+0.985
1630351740,+3.48,+29.793,+11.646,+0.985
1630351800,+3.48,+29.785,+11.747,+0.985
1630351860,+3.48,+29.793,+11.888,+0.986
1630351920,+3.48,+29.802,+11.772,+0.984
1630351980,+3.48,+29.802,+11.656,+0.984
1630352040,+3.48,+29.793,+11.515,+0.985
1630352100,+3.48,+29.793,+11.450,+0.985
1630352160,+3.48,+29.811,+11.419,+0.984
1630352220,+3.48,+29.802,+11.344,+0.983
1630352280,+3.48,+29.811,+11.341,+0.985
1630352340,+3.48,+29.836,+11.399,+0.984
1630352400,+3.49,+29.880,+11.555,+0.985
1630352460,+3.48,+29.905,+12.045,+0.984
1630352520,+3.48,+29.940,+12.312,+0.985
1630352580,+3.49,+29.974,+12.627,+0.985
1630352640,+3.48,+29.974,+12.481,+0.986
1630352700,+3.48,+29.992,+12.566,+0.984
1630352760,+3.48,+30.035,+12.708,+0.985
1630352820,+3.48,+30.018,+13.115,+0.985
1630352880,+3.48,+30.052,+13.342,+0.985
1630352940,+3.48,+30.043,+13.530,+0.985
1630353000,+3.48,+30.043,+13.413,+0.985
1630353060,+3.48,+30.043,+13.291,+0.985
1630353120,+3.48,+30.026,+13.185,+0.985
1630353180,+3.48,+29.992,+13.115,+0.986
1630353240,+3.49,+29.974,+13.022,+0.984
1630353300,+3.49,+29.983,+13.265,+0.985
1630353360,+3.48,+29.992,+13.437,+0.986
1630353420,+3.48,+29.983,+13.396,+0.986
1630353480,+3.48,+29.992,+13.474,+0.986
1630353540,+3.48,+30.043,+13.567,+0.987
1630353600,+3.48,+30.113,+13.843,+0.985
1630353660,+3.48,+30.173,+14.108,+0.985
1630353720,+3.48,+30.208,+14.972,+0.987
1630353780,+3.48,+30.216,+15.207,+0.986
1630353840,+3.48,+30.190,+15.088,+0.984
1630353900,+3.48,+30.164,+14.897,+0.986
1630353960,+3.48,+30.113,+14.313,+0.986
1630354020,+3.48,+30.095,+13.802,+0.983
1630354080,+3.48,+30.078,+13.731,+0.986
1630354140,+3.48,+30.087,+13.971,+0.986
1630354200,+3.48,+30.087,+14.186,+0.985
1630354260,+3.48,+30.113,+14.245,+0.986
1630354320,+3.48,+30.121,+14.163,+0.986
1630354380,+3.48,+30.121,+14.067,+0.985
1630354440,+3.48,+30.121,+13.976,+0.986
1630354500,+3.48,+30.130,+14.145,+0.985
1630354560,+3.48,+30.138,+14.283,+0.987
1630354620,+3.48,+30.199,+14.310,+0.986
1630354680,+3.48,+30.199,+14.177,+0.983
1630354740,+3.48,+30.225,+14.594,+0.986
1630354800,+3.48,+30.234,+15.199,+0.985
1630354860,+3.48,+30.190,+14.903,+0.986
1630354920,+3.48,+30.182,+14.752,+0.986
1630354980,+3.48,+30.199,+14.761,+0.985
1630355040,+3.48,+30.242,+14.746,+0.985
1630355100,+3.48,+30.285,+14.774,+0.987
1630355160,+3.48,+30.311,+14.984,+0.986
1630355220,+3.48,+30.329,+15.433,+0.985
1630355280,+3.48,+30.337,+15.651,+0.983
1630355340,+3.48,+30.337,+15.641,+0.985
1630355400,+3.48,+30.285,+15.535,+0.988
1630355460,+3.48,+30.285,+15.414,+0.984
1630355520,+3.48,+30.303,+15.467,+0.985
1630355580,+3.48,+30.320,+15.536,+0.985
1630355640,+3.48,+30.329,+15.620,+0.986
1630355700,+3.48,+30.363,+15.614,+0.984
1630355760,+3.48,+30.303,+15.385,+0.985
1630355820,+3.48,+30.259,+15.240,+0.986
1630355880,+3.48,+30.242,+15.094,+0.986
1630355940,+3.48,+30.208,+14.921,+0.985
1630356000,+3.48,+30.216,+14.791,+0.986
1630356060,+3.48,+30.225,+14.759,+0.987
1630356120,+3.48,+30.242,+14.676,+0.984
1630356180,+3.48,+30.259,+14.549,+0.986
1630356240,+3.48,+30.259,+14.448,+0.986
1630356300,+3.48,+30.277,+14.389,+0.986
1630356360,+3.48,+30.311,+14.732,+0.986
1630356420,+3.48,+30.294,+14.971,+0.984
1630356480,+3.48,+30.303,+15.070,+0.988
1630356540,+3.48,+30.311,+15.146,+0.986
1630356600,+3.48,+30.311,+15.653,+0.986
1630356660,+3.48,+30.398,+16.443,+0.986
1630356720,+3.48,+30.424,+16.834,+0.986
1630356780,+3.48,+30.441,+16.988,+0.985
1630356840,+3.48,+30.441,+16.830,+0.986
1630356900,+3.48,+30.424,+16.494,+0.986
1630356960,+3.48,+30.389,+16.068,+0.984
1630357020,+3.48,+30.424,+16.594,+0.987
1630357080,+3.48,+30.406,+16.657,+0.986
1630357140,+3.48,+30.432,+16.628,+0.985
1630357200,+3.48,+30.441,+16.589,+0.985
1630357260,+3.48,+30.415,+16.295,+0.986
1630357320,+3.48,+30.406,+15.942,+0.986
1630357380,+3.48,+30.450,+15.924,+0.986
1630357440,+3.48,+30.476,+16.453,+0.986
1630357500,+3.48,+30.519,+17.081,+0.985
1630357560,+3.48,+30.571,+17.779,+0.988
1630357620,+3.48,+30.666,+18.509,+0.987
1630357680,+3.48,+30.666,+18.952,+0.986
1630357740,+3.48,+30.692,+18.750,+0.986
1630357800,+3.48,+30.692,+18.638,+0.988
1630357860,+3.48,+30.684,+18.116,+0.986
1630357920,+3.48,+30.614,+17.728,+0.987
1630357980,+3.48,+30.597,+17.387,+0.987
1630358040,+3.48,+30.562,+17.347,+0.985
1630358100,+3.48,+30.545,+17.305,+0.987
1630358160,+3.48,+30.528,+16.895,+0.985
1630358220,+3.48,+30.467,+16.311,+0.985
1630358280,+3.48,+30.441,+15.500,+0.984
1630358340,+3.48,+30.424,+15.505,+0.985
1630358400,+3.48,+30.406,+15.574,+0.985
1630358460,+3.48,+30.415,+15.431,+0.984
1630358520,+3.48,+30.424,+15.329,+0.985
1630358580,+3.48,+30.424,+15.466,+0.984
1630358640,+3.48,+30.476,+15.712,+0.986
1630358700,+3.48,+30.510,+15.815,+0.986
1630358760,+3.48,+30.519,+15.980,+0.986
1630358820,+3.48,+30.545,+16.067,+0.987
1630358880,+3.48,+30.519,+16.063,+0.987
1630358940,+3.48,+30.484,+16.134,+0.986
1630359000,+3.48,+30.476,+16.480,+0.986
1630359060,+3.48,+30.467,+16.455,+0.984
1630359120,+3.48,+30.493,+16.597,+0.987
1630359180,+3.48,+30.502,+16.603,+0.986
1630359240,+3.48,+30.545,+16.997,+0.985
1630359300,+3.48,+30.562,+17.349,+0.985
1630359360,+3.48,+30.571,+17.587,+0.987
1630359420,+3.48,+30.614,+17.854,+0.986
1630359480,+3.48,+30.606,+18.075,+0.988
1630359540,+3.48,+30.614,+17.836,+0.984
1630359600,+3.48,+30.614,+17.808,+0.987
1630359660,+3.48,+30.632,+17.701,+0.985
1630359720,+3.48,+30.658,+17.579,+0.983
1630359780,+3.48,+30.632,+17.673,+0.986
1630359840,+3.48,+30.554,+17.699,+0.987
1630359900,+3.48,+30.536,+17.280,+0.985
1630359960,+3.48,+30.484,+16.957,+0.986
1630360020,+3.48,+30.476,+16.758,+0.987
1630360080,+3.48,+30.467,+16.518,+0.987
1630360140,+3.48,+30.467,+16.264,+0.984
1630360200,+3.48,+30.467,+16.298,+0.987
1630360260,+3.48,+30.441,+16.373,+0.985
1630360320,+3.48,+30.476,+16.394,+0.985
1630360380,+3.48,+30.476,+16.887,+0.985
1630360440,+3.48,+30.510,+17.882,+0.984
1630360500,+3.48,+30.554,+18.524,+0.983
1630360560,+3.48,+30.562,+18.738,+0.987
1630360620,+3.48,+30.588,+18.560,+0.985
1630360680,+3.48,+30.580,+18.363,+0.986
1630360740,+3.48,+30.597,+18.237,+0.988
1630360800,+3.48,+30.623,+18.124,+0.987
1630360860,+3.48,+30.614,+17.801,+0.986
1630360920,+3.48,+30.580,+17.766,+0.987
1630360980,+3.48,+30.580,+17.739,+0.985
1630361040,+3.48,+30.597,+18.287,+0.987
1630361100,+3.48,+30.658,+18.585,+0.985
1630361160,+3.48,+30.710,+18.859,+0.987
1630361220,+3.48,+30.736,+18.938,+0.986
1630361280,+3.48,+30.744,+19.046,+0.986
1630361340,+3.48,+30.779,+19.541,+0.987
1630361400,+3.48,+30.779,+19.890,+0.987
1630361460,+3.48,+30.770,+19.846,+0.986
1630361520,+3.48,+30.770,+19.884,+0.985
1630361580,+3.48,+30.779,+19.787,+0.987
1630361640,+3.48,+30.736,+19.505,+0.985
1630361700,+3.48,+30.770,+19.482,+0.989
1630361760,+3.48,+30.744,+19.205,+0.986
1630361820,+3.48,+30.727,+19.325,+0.986
1630361880,+3.48,+30.692,+19.222,+0.987
1630361940,+3.48,+30.658,+18.938,+0.985
1630362000,+3.48,+30.658,+18.705,+0.986
1630362060,+3.48,+30.649,+18.454,+0.987
1630362120,+3.48,+30.666,+18.486,+0.987
1630362180,+3.48,+30.727,+18.699,+0.987
1630362240,+3.48,+30.779,+19.311,+0.989
1630362300,+3.48,+30.831,+19.627,+0.987
1630362360,+3.48,+30.840,+19.921,+0.986
1630362420,+3.48,+30.857,+20.078,+0.985
1630362480,+3.48,+30.848,+19.949,+0.985
1630362540,+3.48,+30.900,+20.094,+0.988
1630362600,+3.49,+30.927,+20.554,+0.987
1630362660,+3.48,+30.927,+20.734,+0.988
1630362720,+3.49,+30.935,+20.396,+0.986
1630362780,+3.48,+30.909,+20.223,+0.986
1630362840,+3.49,+30.935,+20.121,+0.987
1630362900,+3.48,+30.857,+19.624,+0.985
1630362960,+3.48,+30.805,+19.432,+0.986
1630363020,+3.48,+30.762,+19.091,+0.987
1630363080,+3.48,+30.710,+18.610,+0.984
1630363140,+3.48,+30.666,+18.334,+0.985
1630363200,+3.48,+30.666,+18.030,+0.986
1630363260,+3.48,+30.666,+17.896,+0.985
1630363320,+3.48,+30.692,+18.073,+0.988
1630363380,+3.48,+30.692,+18.107,+0.985
1630363440,+3.48,+30.632,+18.159,+0.987
1630363500,+3.48,+30.614,+17.862,+0.985
1630363560,+3.48,+30.597,+17.735,+0.985
1630363620,+3.48,+30.623,+17.723,+0.987
1630363680,+3.48,+30.658,+17.819,+0.986
1630363740,+3.48,+30.692,+18.044,+0.985
1630363800,+3.48,+30.710,+18.425,+0.987
1630363860,+3.48,+30.779,+18.734,+0.986
1630363920,+3.48,+30.814,+19.323,+0.986
1630363980,+3.48,+30.814,+19.710,+0.987
1630364040,+3.48,+30.814,+19.839,+0.986
1630364100,+3.48,+30.848,+19.986,+0.988
1630364160,+3.48,+30.857,+19.939,+0.986
1630364220,+3.48,+30.822,+20.055,+0.987
1630364280,+3.48,+30.883,+20.635,+0.986
1630364340,+3.48,+30.840,+20.742,+0.988
1630364400,+3.48,+30.805,+20.580,+0.986
1630364460,+3.48,+30.796,+20.340,+0.987
1630364520,+3.48,+30.762,+19.997,+0.987
1630364580,+3.48,+30.736,+19.736,+0.988
1630364640,+3.48,+30.753,+19.593,+0.986
1630364700,+3.48,+30.744,+19.466,+0.988
1630364760,+3.48,+30.727,+19.144,+0.987
1630364820,+3.48,+30.692,+18.728,+0.986
1630364880,+3.48,+30.701,+18.544,+0.986
1630364940,+3.48,+30.718,+18.536,+0.987
1630365000,+3.48,+30.762,+18.668,+0.988
1630365060,+3.48,+30.796,+18.866,+0.985
1630365120,+3.48,+30.857,+19.443,+0.989
1630365180,+3.49,+30.927,+19.937,+0.987
1630365240,+3.49,+31.013,+20.287,+0.988
1630365300,+3.49,+31.022,+20.983,+0.987
1630365360,+3.49,+31.057,+21.272,+0.985
1630365420,+3.49,+31.048,+21.212,+0.987
1630365480,+3.49,+31.039,+21.185,+0.988
1630365540,+3.49,+30.996,+20.574,+0.987
1630365600,+3.49,+30.927,+19.955,+0.983
1630365660,+3.48,+30.883,+19.563,+0.984
1630365720,+3.48,+30.831,+19.142,+0.988
1630365780,+3.48,+30.805,+18.717,+0.985
1630365840,+3.48,+30.805,+18.571,+0.988
1630365900,+3.48,+30.805,+18.514,+0.988
1630365960,+3.48,+30.831,+18.468,+0.985
1630366020,+3.48,+30.857,+18.662,+0.986
1630366080,+3.48,+30.900,+19.021,+0.987
1630366140,+3.48,+30.918,+19.240,+0.988
1630366200,+3.49,+30.927,+19.318,+0.987
1630366260,+3.48,+30.909,+19.119,+0.986
1630366320,+3.49,+30.918,+19.708,+0.986
1630366380,+3.48,+30.892,+19.828,+0.986
1630366440,+3.49,+30.944,+20.140,+0.988
1630366500,+3.49,+30.961,+20.350,+0.986
1630366560,+3.49,+30.970,+20.504,+0.987
1630366620,+3.49,+30.935,+20.071,+0.986
1630366680,+3.48,+30.918,+19.623,+0.985
1630366740,+3.48,+30.900,+19.585,+0.988
1630366800,+3.49,+30.935,+19.573,+0.987
1630366860,+3.49,+30.944,+19.617,+0.986
1630366920,+3.49,+30.935,+19.612,+0.987
1630366980,+3.49,+30.927,+19.244,+0.984
1630367040,+3.48,+30.883,+18.908,+0.986
1630367100,+3.48,+30.866,+18.725,+0.985
1630367160,+3.48,+30.840,+18.556,+0.987
1630367220,+3.48,+30.874,+18.393,+0.986
1630367280,+3.48,+30.900,+18.452,+0.986
1630367340,+3.48,+30.892,+18.475,+0.986
1630367400,+3.48,+30.874,+18.619,+0.984
1630367460,+3.48,+30.874,+18.744,+0.987
1630367520,+3.48,+30.840,+18.643,+0.987
1630367580,+3.48,+30.848,+18.466,+0.988
1630367640,+3.48,+30.814,+18.237,+0.986
1630367700,+3.48,+30.788,+18.145,+0.989
1630367760,+3.48,+30.796,+17.997,+0.986
1630367820,+3.48,+30.779,+18.446,+0.987
1630367880,+3.48,+30.788,+18.992,+0.988
1630367940,+3.48,+30.831,+19.198,+0.986
1630368000,+3.48,+30.857,+19.507,+0.988
1630368060,+3.48,+30.892,+19.605,+0.987
1630368120,+3.48,+30.900,+19.574,+0.986
1630368180,+3.48,+30.900,+19.568,+0.986
1630368240,+3.48,+30.883,+19.329,+0.986
1630368300,+3.48,+30.874,+19.167,+0.985
1630368360,+3.48,+30.892,+19.017,+0.985
1630368420,+3.48,+30.874,+18.898,+0.988
1630368480,+3.48,+30.866,+18.698,+0.986
1630368540,+3.48,+30.848,+18.635,+0.988
1630368600,+3.48,+30.840,+18.322,+0.985
1630368660,+3.48,+30.840,+18.298,+0.985
1630368720,+3.48,+30.874,+18.350,+0.987
1630368780,+3.49,+30.909,+18.534,+0.988
1630368840,+3.49,+30.944,+18.684,+0.988
1630368900,+3.49,+30.935,+18.730,+0.986
1630368960,+3.49,+30.944,+18.887,+0.987
1630369020,+3.49,+30.970,+19.182,+0.987
1630369080,+3.49,+30.987,+19.565,+0.987
1630369140,+3.49,+31.031,+20.083,+0.985
1630369200,+3.49,+31.013,+19.988,+0.986
1630369260,+3.49,+30.996,+19.760,+0.985
1630369320,+3.49,+30.979,+19.570,+0.983
1630369380,+3.49,+30.987,+19.409,+0.984
1630369440,+3.49,+30.987,+19.361,+0.986
1630369500,+3.49,+30.970,+19.229,+0.987
1630369560,+3.49,+30.979,+19.093,+0.984
1630369620,+3.49,+30.970,+19.087,+0.987
1630369680,+3.49,+30.979,+19.120,+0.984
1630369740,+3.49,+30.979,+19.395,+0.987
1630369800,+3.49,+30.987,+19.480,+0.988
1630369860,+3.49,+30.979,+19.411,+0.987
1630369920,+3.49,+30.961,+19.163,+0.984
1630369980,+3.49,+30.961,+19.114,+0.985
1630370040,+3.49,+30.953,+18.929,+0.986
1630370100,+3.49,+30.970,+18.691,+0.985
1630370160,+3.49,+30.961,+18.635,+0.984
1630370220,+3.49,+30.970,+18.480,+0.984
1630370280,+3.49,+30.979,+18.455,+0.984
1630370340,+3.49,+30.979,+18.372,+0.983
1630370400,+3.49,+30.979,+18.366,+0.986
1630370460,+3.49,+30.953,+18.231,+0.986
1630370520,+3.49,+30.970,+18.125,+0.984
1630370580,+3.49,+30.987,+18.168,+0.986
1630370640,+3.49,+30.979,+18.203,+0.987
1630370700,+3.49,+30.970,+18.376,+0.985
1630370760,+3.49,+30.953,+18.435,+0.988
1630370820,+3.49,+30.970,+18.368,+0.988
1630370880,+3.49,+30.970,+18.212,+0.986
1630370940,+3.49,+30.970,+18.147,+0.987
1630371000,+3.49,+30.944,+18.022,+0.988
1630371060,+3.49,+30.961,+17.764,+0.986
1630371120,+3.49,+30.979,+17.615,+0.984
1630371180,+3.49,+30.996,+17.758,+0.987
1630371240,+3.49,+31.013,+17.896,+0.985
1630371300,+3.49,+31.005,+18.034,+0.988
1630371360,+3.49,+30.987,+18.138,+0.984
1630371420,+3.49,+30.987,+18.335,+0.986
1630371480,+3.49,+30.970,+18.313,+0.987
1630371540,+3.49,+30.987,+18.215,+0.985
1630371600,+3.49,+30.970,+18.118,+0.986
1630371660,+3.49,+30.987,+18.102,+0.986
1630371720,+3.49,+30.996,+17.973,+0.984
1630371780,+3.49,+30.996,+18.042,+0.987
1630371840,+3.49,+30.979,+17.843,+0.985
1630371900,+3.49,+31.005,+17.961,+0.986
1630371960,+3.49,+31.005,+18.009,+0.987
1630372020,+3.49,+30.996,+17.987,+0.986
1630372080,+3.49,+30.996,+17.991,+0.986
1630372140,+3.49,+31.013,+17.944,+0.985
