7450-387970
OS REV: 1.05 Sensor Cal: 1615486469
Time (sec),  BV (Volts),  T (deg C),  DO (mg/l),  Q ()
1630545000,+3.49,+33.026,+23.816,+0.983
1630545060,+3.49,+33.061,+23.640,+0.980
1630545120,+3.49,+33.061,+23.647,+0.981
1630545180,+3.49,+33.070,+23.655,+0.984
1630545240,+3.49,+33.070,+23.505,+0.982
1630545300,+3.49,+33.061,+23.410,+0.982
1630545360,+3.49,+33.087,+23.413,+0.985
1630545420,+3.49,+33.043,+23.259,+0.983
1630545480,+3.49,+33.035,+23.255,+0.984
1630545540,+3.49,+33.017,+23.200,+0.983
1630545600,+3.49,+33.035,+23.141,+0.982
1630545660,+3.49,+33.017,+23.158,+0.984
1630545720,+3.49,+32.999,+23.121,+0.985
1630545780,+3.49,+32.982,+22.883,+0.980
1630545840,+3.49,+32.982,+23.027,+0.985
1630545900,+3.49,+32.955,+22.981,+0.983
1630545960,+3.49,+32.973,+22.997,+0.984
1630546020,+3.49,+32.955,+22.846,+0.979
1630546080,+3.49,+32.955,+22.908,+0.982
1630546140,+3.49,+32.946,+22.977,+0.984
1630546200,+3.49,+32.964,+22.975,+0.984
1630546260,+3.49,+32.991,+22.883,+0.982
1630546320,+3.49,+32.982,+22.546,+0.982
1630546380,+3.49,+33.008,+22.464,+0.983
1630546440,+3.49,+33.052,+22.265,+0.983
1630546500,+3.49,+33.035,+22.138,+0.982
1630546560,+3.49,+33.017,+22.220,+0.981
1630546620,+3.49,+33.043,+22.261,+0.984
1630546680,+3.49,+33.017,+22.237,+0.982
1630546740,+3.49,+33.017,+22.324,+0.983
1630546800,+3.49,+32.982,+22.333,+0.980
1630546860,+3.49,+33.008,+22.648,+0.981
1630546920,+3.49,+33.008,+22.795,+0.982
1630546980,+3.49,+33.008,+22.851,+0.983
1630547040,+3.49,+32.991,+22.873,+0.983
1630547100,+3.49,+32.991,+23.001,+0.985
1630547160,+3.49,+32.991,+22.901,+0.982
1630547220,+3.49,+32.973,+22.858,+0.981
1630547280,+3.49,+32.973,+22.952,+0.982
1630547340,+3.49,+32.973,+23.047,+0.982
1630547400,+3.49,+32.973,+23.131,+0.984
1630547460,+3.49,+32.982,+23.069,+0.983
1630547520,+3.49,+32.999,+22.972,+0.982
1630547580,+3.49,+32.982,+23.067,+0.984
1630547640,+3.49,+33.017,+22.944,+0.986
1630547700,+3.49,+33.043,+22.559,+0.981
1630547760,+3.49,+33.070,+22.465,+0.984
1630547820,+3.49,+33.043,+22.384,+0.985
1630547880,+3.49,+33.052,+22.266,+0.982
1630547940,+3.49,+33.087,+22.180,+0.982
1630548000,+3.49,+33.087,+22.153,+0.983
1630548060,+3.49,+33.061,+22.043,+0.981
1630548120,+3.49,+33.043,+22.063,+0.984
1630548180,+3.49,+33.052,+22.015,+0.983
1630548240,+3.49,+33.035,+22.041,+0.987
1630548300,+3.49,+33.061,+21.757,+0.984
1630548360,+3.49,+33.043,+21.510,+0.982
1630548420,+3.49,+33.043,+21.494,+0.983
1630548480,+3.49,+33.043,+21.337,+0.984
1630548540,+3.49,+33.043,+21.083,+0.982
1630548600,+3.49,+33.043,+20.933,+0.981
1630548660,+3.49,+33.079,+20.559,+0.984
1630548720,+3.49,+33.052,+20.329,+0.981
1630548780,+3.49,+33.061,+20.132,+0.984
1630548840,+3.49,+33.070,+19.851,+0.983
1630548900,+3.49,+33.096,+19.810,+0.983
1630548960,+3.49,+33.105,+19.673,+0.984
1630549020,+3.49,+33.149,+19.642,+0.985
1630549080,+3.49,+33.123,+19.718,+0.984
1630549140,+3.49,+33.132,+19.742,+0.982
1630549200,+3.49,+33.123,+20.053,+0.983
1630549260,+3.49,+33.123,+20.064,+0.982
1630549320,+3.49,+33.123,+19.998,+0.982
1630549380,+3.49,+33.140,+20.001,+0.982
1630549440,+3.49,+33.132,+19.974,+0.982
1630549500,+3.49,+33.123,+19.940,+0.982
1630549560,+3.49,+33.132,+20.105,+0.982
1630549620,+3.49,+33.132,+20.213,+0.982
1630549680,+3.49,+33.140,+20.303,+0.982
1630549740,+3.49,+33.132,+20.371,+0.983
1630549800,+3.49,+33.123,+20.461,+0.984
1630549860,+3.49,+33.114,+20.509,+0.984
1630549920,+3.49,+33.132,+20.534,+0.985
1630549980,+3.49,+33.105,+20.458,+0.984
1630550040,+3.49,+33.114,+20.276,+0.980
1630550100,+3.49,+33.105,+20.418,+0.985
1630550160,+3.49,+33.087,+20.160,+0.982
1630550220,+3.49,+33.061,+20.221,+0.986
1630550280,+3.49,+33.079,+20.113,+0.983
1630550340,+3.49,+33.043,+20.261,+0.988
1630550400,+3.49,+33.035,+20.195,+0.984
1630550460,+3.49,+32.999,+20.135,+0.983
1630550520,+3.49,+33.008,+20.062,+0.981
1630550580,+3.49,+32.999,+20.058,+0.984
1630550640,+3.49,+33.008,+19.973,+0.983
1630550700,+3.49,+32.999,+19.945,+0.983
1630550760,+3.49,+32.982,+19.944,+0.984
1630550820,+3.49,+32.964,+19.876,+0.983
1630550880,+3.49,+32.946,+19.954,+0.984
1630550940,+3.49,+32.938,+19.960,+0.985
1630551000,+3.49,+32.920,+19.888,+0.985
1630551060,+3.49,+32.920,+19.823,+0.985
1630551120,+3.49,+32.894,+19.724,+0.984
1630551180,+3.49,+32.885,+19.700,+0.984
1630551240,+3.49,+32.867,+19.589,+0.982
1630551300,+3.49,+32.850,+19.872,+0.985
1630551360,+3.49,+32.858,+19.975,+0.984
1630551420,+3.49,+32.850,+20.008,+0.986
1630551480,+3.49,+32.832,+19.902,+0.985
1630551540,+3.49,+32.832,+19.808,+0.986
1630551600,+3.49,+32.814,+19.656,+0.985
1630551660,+3.49,+32.823,+19.561,+0.986
1630551720,+3.49,+32.797,+19.457,+0.986
1630551780,+3.49,+32.788,+19.231,+0.983
1630551840,+3.49,+32.770,+19.222,+0.985
1630551900,+3.49,+32.753,+19.125,+0.985
1630551960,+3.49,+32.735,+19.025,+0.984
1630552020,+3.49,+32.718,+18.943,+0.983
1630552080,+3.49,+32.726,+18.994,+0.983
1630552140,+3.49,+32.691,+18.995,+0.982
1630552200,+3.49,+32.700,+18.964,+0.983
1630552260,+3.49,+32.691,+18.908,+0.983
1630552320,+3.49,+32.656,+18.904,+0.984
1630552380,+3.49,+32.656,+18.745,+0.984
1630552440,+3.49,+32.647,+18.696,+0.986
1630552500,+3.49,+32.647,+18.571,+0.985
1630552560,+3.49,+32.639,+18.406,+0.985
1630552620,+3.49,+32.603,+18.286,+0.984
1630552680,+3.49,+32.595,+18.264,+0.986
1630552740,+3.49,+32.603,+18.169,+0.984
1630552800,+3.49,+32.595,+18.136,+0.984
1630552860,+3.49,+32.603,+18.072,+0.985
1630552920,+3.49,+32.568,+17.996,+0.985
1630552980,+3.49,+32.568,+18.200,+0.984
1630553040,+3.49,+32.559,+18.302,+0.986
1630553100,+3.49,+32.533,+18.255,+0.986
1630553160,+3.49,+32.542,+18.204,+0.987
1630553220,+3.49,+32.533,+18.027,+0.982
1630553280,+3.49,+32.516,+18.076,+0.984
1630553340,+3.49,+32.507,+18.122,+0.986
1630553400,+3.49,+32.516,+18.089,+0.985
1630553460,+3.49,+32.480,+18.122,+0.987
1630553520,+3.49,+32.480,+18.056,+0.986
1630553580,+3.49,+32.489,+17.927,+0.984
1630553640,+3.49,+32.472,+17.879,+0.985
1630553700,+3.49,+32.445,+17.676,+0.983
1630553760,+3.49,+32.437,+17.631,+0.984
1630553820,+3.49,+32.428,+17.615,+0.985
1630553880,+3.49,+32.419,+17.565,+0.982
1630553940,+3.49,+32.410,+17.542,+0.983
1630554000,+3.49,+32.428,+17.461,+0.983
1630554060,+3.49,+32.410,+17.487,+0.984
1630554120,+3.49,+32.384,+17.537,+0.986
1630554180,+3.49,+32.384,+17.488,+0.984
1630554240,+3.49,+32.375,+17.480,+0.984
1630554300,+3.49,+32.358,+17.433,+0.985
1630554360,+3.49,+32.358,+17.352,+0.983
1630554420,+3.50,+32.349,+17.317,+0.984
1630554480,+3.49,+32.323,+17.343,+0.986
1630554540,+3.49,+32.323,+17.378,+0.986
1630554600,+3.49,+32.331,+17.397,+0.984
1630554660,+3.49,+32.323,+17.401,+0.984
1630554720,+3.49,+32.314,+17.419,+0.984
1630554780,+3.50,+32.279,+17.486,+0.984
1630554840,+3.49,+32.296,+17.576,+0.985
1630554900,+3.49,+32.279,+17.664,+0.987
1630554960,+3.49,+32.261,+17.616,+0.986
1630555020,+3.50,+32.252,+17.528,+0.985
1630555080,+3.50,+32.244,+17.438,+0.986
1630555140,+3.50,+32.226,+17.390,+0.986
1630555200,+3.50,+32.226,+17.431,+0.986
1630555260,+3.50,+32.217,+17.366,+0.985
1630555320,+3.50,+32.200,+17.401,+0.986
1630555380,+3.50,+32.191,+17.416,+0.986
1630555440,+3.50,+32.182,+17.386,+0.985
1630555500,+3.50,+32.182,+17.298,+0.983
1630555560,+3.50,+32.174,+17.288,+0.984
1630555620,+3.50,+32.156,+17.341,+0.986
1630555680,+3.50,+32.156,+17.350,+0.987
1630555740,+3.50,+32.147,+17.361,+0.984
1630555800,+3.50,+32.139,+17.397,+0.987
1630555860,+3.50,+32.130,+17.379,+0.985
1630555920,+3.50,+32.130,+17.226,+0.987
1630555980,+3.50,+32.112,+17.083,+0.986
1630556040,+3.50,+32.095,+17.210,+0.985
1630556100,+3.50,+32.060,+17.263,+0.985
1630556160,+3.50,+32.060,+17.332,+0.986
1630556220,+3.50,+32.068,+17.347,+0.986
1630556280,+3.50,+32.068,+17.286,+0.985
1630556340,+3.50,+32.060,+17.225,+0.986
1630556400,+3.50,+32.051,+17.206,+0.984
1630556460,+3.50,+32.042,+17.172,+0.985
1630556520,+3.49,+32.042,+17.155,+0.985
1630556580,+3.49,+32.033,+17.173,+0.986
1630556640,+3.49,+32.025,+17.148,+0.985
1630556700,+3.49,+32.016,+17.183,+0.985
1630556760,+3.49,+32.007,+17.192,+0.984
1630556820,+3.49,+31.990,+17.492,+0.986
1630556880,+3.49,+31.981,+17.712,+0.987
1630556940,+3.49,+31.981,+17.805,+0.987
1630557000,+3.49,+31.972,+17.818,+0.986
1630557060,+3.49,+31.955,+17.821,+0.987
1630557120,+3.49,+31.946,+17.768,+0.987
1630557180,+3.49,+31.972,+17.651,+0.986
1630557240,+3.49,+31.946,+17.606,+0.985
1630557300,+3.49,+31.955,+17.526,+0.986
1630557360,+3.49,+31.946,+17.408,+0.985
1630557420,+3.49,+31.928,+17.320,+0.985
1630557480,+3.49,+31.920,+17.234,+0.987
1630557540,+3.49,+31.920,+17.089,+0.987
1630557600,+3.49,+31.902,+16.983,+0.986
1630557660,+3.49,+31.894,+16.894,+0.986
1630557720,+3.49,+31.885,+16.882,+0.986
1630557780,+3.49,+31.876,+16.936,+0.987
1630557840,+3.49,+31.867,+16.843,+0.986
1630557900,+3.49,+31.867,+16.770,+0.986
1630557960,+3.49,+31.867,+16.672,+0.987
1630558020,+3.49,+31.859,+16.545,+0.986
1630558080,+3.49,+31.859,+16.442,+0.984
1630558140,+3.49,+31.850,+16.401,+0.987
1630558200,+3.49,+31.841,+16.188,+0.985
1630558260,+3.49,+31.832,+16.187,+0.986
1630558320,+3.49,+31.806,+16.149,+0.984
1630558380,+3.49,+31.824,+16.141,+0.985
1630558440,+3.49,+31.806,+16.117,+0.987
1630558500,+3.49,+31.797,+16.094,+0.984
1630558560,+3.49,+31.806,+16.176,+0.986
1630558620,+3.49,+31.789,+16.206,+0.986
1630558680,+3.49,+31.780,+16.230,+0.985
1630558740,+3.49,+31.780,+16.277,+0.986
1630558800,+3.49,+31.762,+16.280,+0.984
1630558860,+3.49,+31.762,+16.295,+0.986
1630558920,+3.49,+31.771,+16.213,+0.985
1630558980,+3.49,+31.762,+16.150,+0.985
1630559040,+3.49,+31.745,+16.154,+0.986
1630559100,+3.49,+31.745,+16.133,+0.987
1630559160,+3.49,+31.736,+16.052,+0.985
1630559220,+3.49,+31.736,+15.938,+0.986
1630559280,+3.49,+31.701,+15.848,+0.987
1630559340,+3.49,+31.710,+15.695,+0.985
1630559400,+3.49,+31.710,+15.629,+0.984
1630559460,+3.49,+31.710,+15.713,+0.985
1630559520,+3.49,+31.666,+16.188,+0.985
1630559580,+3.49,+31.666,+16.241,+0.985
1630559640,+3.49,+31.666,+16.211,+0.986
1630559700,+3.49,+31.666,+16.159,+0.984
1630559760,+3.49,+31.640,+16.182,+0.988
1630559820,+3.49,+31.658,+16.134,+0.986
1630559880,+3.49,+31.614,+16.157,+0.986
1630559940,+3.49,+31.614,+16.197,+0.987
1630560000,+3.49,+31.632,+16.088,+0.985
1630560060,+3.49,+31.623,+16.111,+0.988
1630560120,+3.49,+31.597,+15.984,+0.986
1630560180,+3.49,+31.605,+15.871,+0.986
1630560240,+3.49,+31.579,+15.773,+0.986
1630560300,+3.49,+31.579,+15.656,+0.985
1630560360,+3.49,+31.597,+15.607,+0.986
1630560420,+3.49,+31.570,+15.599,+0.985
1630560480,+3.49,+31.570,+15.624,+0.987
1630560540,+3.49,+31.579,+15.628,+0.986
1630560600,+3.49,+31.544,+15.651,+0.985
1630560660,+3.49,+31.553,+15.663,+0.986
1630560720,+3.49,+31.527,+15.712,+0.986
1630560780,+3.49,+31.536,+15.713,+0.986
1630560840,+3.49,+31.518,+15.747,+0.986
1630560900,+3.49,+31.509,+15.901,+0.987
1630560960,+3.49,+31.518,+15.896,+0.987
1630561020,+3.49,+31.509,+15.843,+0.985
1630561080,+3.49,+31.501,+15.841,+0.986
1630561140,+3.49,+31.483,+15.884,+0.987
1630561200,+3.49,+31.509,+15.821,+0.987
1630561260,+3.49,+31.492,+15.819,+0.986
1630561320,+3.49,+31.466,+15.849,+0.986
1630561380,+3.49,+31.483,+15.837,+0.985
1630561440,+3.49,+31.475,+15.823,+0.985
1630561500,+3.49,+31.466,+15.837,+0.987
1630561560,+3.49,+31.466,+15.693,+0.985
1630561620,+3.49,+31.466,+15.681,+0.987
1630561680,+3.49,+31.457,+15.654,+0.985
1630561740,+3.49,+31.457,+15.578,+0.986
1630561800,+3.49,+31.440,+15.402,+0.987
1630561860,+3.49,+31.431,+15.348,+0.984
1630561920,+3.49,+31.414,+15.535,+0.988
1630561980,+3.49,+31.422,+15.511,+0.986
1630562040,+3.49,+31.405,+15.530,+0.986
1630562100,+3.49,+31.414,+15.539,+0.986
1630562160,+3.49,+31.405,+15.556,+0.985
1630562220,+3.49,+31.405,+15.621,+0.987
1630562280,+3.49,+31.379,+15.588,+0.985
1630562340,+3.49,+31.405,+15.551,+0.985
1630562400,+3.49,+31.379,+15.516,+0.986
1630562460,+3.49,+31.379,+15.432,+0.985
1630562520,+3.49,+31.361,+15.386,+0.986
1630562580,+3.49,+31.370,+15.286,+0.983
1630562640,+3.49,+31.344,+15.300,+0.986
1630562700,+3.49,+31.344,+15.316,+0.987
1630562760,+3.49,+31.335,+15.248,+0.985
1630562820,+3.49,+31.344,+15.224,+0.984
1630562880,+3.49,+31.326,+15.258,+0.984
1630562940,+3.49,+31.326,+15.211,+0.985
1630563000,+3.49,+31.300,+15.259,+0.986
1630563060,+3.49,+31.300,+15.282,+0.988
1630563120,+3.49,+31.309,+15.237,+0.987
1630563180,+3.49,+31.300,+15.164,+0.985
1630563240,+3.49,+31.292,+15.234,+0.987
1630563300,+3.49,+31.292,+15.187,+0.986
1630563360,+3.49,+31.283,+15.207,+0.987
1630563420,+3.49,+31.274,+15.188,+0.987
1630563480,+3.49,+31.292,+15.139,+0.986
1630563540,+3.49,+31.283,+15.120,+0.987
1630563600,+3.49,+31.257,+15.068,+0.986
1630563660,+3.49,+31.248,+15.043,+0.986
1630563720,+3.49,+31.239,+15.041,+0.987
1630563780,+3.49,+31.248,+14.958,+0.987
1630563840,+3.49,+31.239,+14.947,+0.987
1630563900,+3.49,+31.239,+14.891,+0.985
1630563960,+3.49,+31.222,+14.910,+0.987
1630564020,+3.49,+31.239,+14.860,+0.987
1630564080,+3.49,+31.222,+14.817,+0.987
1630564140,+3.49,+31.231,+14.818,+0.987
1630564200,+3.49,+31.205,+14.839,+0.985
1630564260,+3.49,+31.205,+14.876,+0.985
1630564320,+3.49,+31.205,+14.861,+0.985
1630564380,+3.49,+31.196,+14.834,+0.986
1630564440,+3.49,+31.196,+14.865,+0.987
1630564500,+3.49,+31.187,+14.929,+0.986
1630564560,+3.49,+31.187,+14.968,+0.986
1630564620,+3.50,+31.179,+15.027,+0.985
1630564680,+3.49,+31.161,+15.022,+0.985
1630564740,+3.50,+31.170,+14.983,+0.986
1630564800,+3.49,+31.152,+14.984,+0.987
1630564860,+3.50,+31.161,+14.872,+0.988
1630564920,+3.50,+31.144,+14.799,+0.987
1630564980,+3.50,+31.135,+14.801,+0.986
1630565040,+3.49,+31.144,+14.790,+0.986
1630565100,+3.49,+31.135,+14.792,+0.986
1630565160,+3.49,+31.126,+14.757,+0.985
1630565220,+3.49,+31.126,+14.691,+0.983
1630565280,+3.49,+31.135,+14.689,+0.986
1630565340,+3.49,+31.118,+14.625,+0.985
1630565400,+3.49,+31.100,+14.619,+0.987
1630565460,+3.50,+31.100,+14.615,+0.988
1630565520,+3.49,+31.109,+14.506,+0.987
1630565580,+3.49,+31.074,+14.441,+0.986
1630565640,+3.50,+31.083,+14.352,+0.985
1630565700,+3.50,+31.065,+14.332,+0.987
1630565760,+3.49,+31.092,+14.316,+0.987
1630565820,+3.49,+31.074,+14.288,+0.985
1630565880,+3.50,+31.057,+14.294,+0.986
1630565940,+3.49,+31.074,+14.217,+0.986
1630566000,+3.50,+31.057,+14.178,+0.986
1630566060,+3.49,+31.065,+14.118,+0.987
1630566120,+3.50,+31.039,+14.029,+0.985
1630566180,+3.50,+31.048,+14.019,+0.986
1630566240,+3.50,+31.039,+14.074,+0.986
1630566300,+3.49,+31.013,+14.054,+0.986
1630566360,+3.50,+31.031,+13.999,+0.987
1630566420,+3.50,+31.022,+13.918,+0.985
1630566480,+3.50,+31.022,+13.877,+0.986
1630566540,+3.49,+31.005,+13.778,+0.986
1630566600,+3.50,+30.996,+13.840,+0.987
1630566660,+3.49,+30.987,+13.971,+0.986
1630566720,+3.50,+31.005,+14.081,+0.987
1630566780,+3.49,+30.979,+14.208,+0.989
1630566840,+3.50,+30.970,+14.146,+0.986
1630566900,+3.49,+30.979,+14.089,+0.987
1630566960,+3.50,+30.979,+14.088,+0.987
1630567020,+3.50,+30.953,+14.104,+0.985
1630567080,+3.50,+30.953,+14.158,+0.987
1630567140,+3.49,+30.935,+14.128,+0.984
1630567200,+3.49,+30.944,+14.252,+0.988
1630567260,+3.49,+30.944,+14.276,+0.987
1630567320,+3.49,+30.935,+14.225,+0.985
1630567380,+3.49,+30.918,+14.311,+0.987
1630567440,+3.49,+30.935,+14.327,+0.987
1630567500,+3.49,+30.927,+14.224,+0.984
1630567560,+3.49,+30.918,+14.286,+0.986
1630567620,+3.49,+30.900,+14.388,+0.987
1630567680,+3.49,+30.909,+14.400,+0.987
1630567740,+3.49,+30.900,+14.343,+0.986
1630567800,+3.49,+30.900,+14.322,+0.986
1630567860,+3.49,+30.900,+14.358,+0.986
1630567920,+3.49,+30.874,+14.593,+0.986
1630567980,+3.49,+30.883,+14.722,+0.986
1630568040,+3.49,+30.883,+14.703,+0.988
1630568100,+3.49,+30.874,+14.579,+0.986
1630568160,+3.49,+30.866,+14.541,+0.987
1630568220,+3.49,+30.866,+14.409,+0.985
1630568280,+3.49,+30.866,+14.370,+0.986
1630568340,+3.49,+30.874,+14.288,+0.986
1630568400,+3.49,+30.874,+14.270,+0.987
1630568460,+3.49,+30.857,+14.356,+0.989
1630568520,+3.49,+30.840,+14.342,+0.987
1630568580,+3.49,+30.840,+14.391,+0.989
1630568640,+3.49,+30.831,+14.323,+0.985
1630568700,+3.49,+30.831,+14.295,+0.986
1630568760,+3.49,+30.822,+14.281,+0.985
1630568820,+3.49,+30.814,+14.240,+0.985
1630568880,+3.49,+30.822,+14.261,+0.988
1630568940,+3.49,+30.814,+14.207,+0.987
1630569000,+3.49,+30.805,+14.136,+0.986
1630569060,+3.49,+30.814,+14.084,+0.987
1630569120,+3.49,+30.788,+13.993,+0.987
1630569180,+3.49,+30.788,+13.879,+0.986
1630569240,+3.49,+30.805,+13.776,+0.986
1630569300,+3.49,+30.788,+13.661,+0.985
1630569360,+3.49,+30.796,+13.646,+0.987
1630569420,+3.49,+30.779,+13.669,+0.987
1630569480,+3.49,+30.770,+13.690,+0.987
1630569540,+3.49,+30.770,+13.683,+0.987
1630569600,+3.49,+30.770,+13.618,+0.987
1630569660,+3.49,+30.753,+13.527,+0.986
1630569720,+3.49,+30.770,+13.569,+0.986
1630569780,+3.49,+30.770,+13.562,+0.986
1630569840,+3.49,+30.779,+13.551,+0.986
1630569900,+3.49,+30.736,+13.618,+0.987
1630569960,+3.49,+30.753,+13.593,+0.987
1630570020,+3.49,+30.744,+13.544,+0.986
1630570080,+3.49,+30.736,+13.548,+0.987
1630570140,+3.49,+30.727,+13.473,+0.985
1630570200,+3.49,+30.736,+13.468,+0.985
1630570260,+3.49,+30.718,+13.548,+0.986
1630570320,+3.49,+30.701,+13.623,+0.986
1630570380,+3.49,+30.710,+13.575,+0.986
1630570440,+3.49,+30.701,+13.546,+0.987
1630570500,+3.49,+30.710,+13.489,+0.986
1630570560,+3.49,+30.692,+13.487,+0.986
1630570620,+3.49,+30.692,+13.487,+0.987
1630570680,+3.49,+30.675,+13.472,+0.985
1630570740,+3.49,+30.675,+13.463,+0.986
1630570800,+3.49,+30.675,+13.422,+0.986
1630570860,+3.49,+30.666,+13.368,+0.985
1630570920,+3.49,+30.675,+13.340,+0.986
1630570980,+3.49,+30.666,+13.353,+0.986
1630571040,+3.49,+30.658,+13.426,+0.987
1630571100,+3.49,+30.658,+13.437,+0.986
1630571160,+3.49,+30.649,+13.433,+0.985
1630571220,+3.49,+30.640,+13.547,+0.987
1630571280,+3.49,+30.649,+13.564,+0.986
1630571340,+3.49,+30.632,+13.556,+0.986
1630571400,+3.49,+30.632,+13.485,+0.986
1630571460,+3.49,+30.632,+13.401,+0.985
1630571520,+3.49,+30.632,+13.448,+0.987
1630571580,+3.49,+30.632,+13.403,+0.987
1630571640,+3.49,+30.614,+13.415,+0.987
1630571700,+3.49,+30.588,+13.345,+0.986
1630571760,+3.49,+30.614,+13.284,+0.985
1630571820,+3.49,+30.588,+13.278,+0.986
1630571880,+3.49,+30.588,+13.193,+0.985
1630571940,+3.49,+30.588,+13.202,+0.986
1630572000,+3.49,+30.571,+13.245,+0.987
1630572060,+3.49,+30.571,+13.207,+0.986
1630572120,+3.49,+30.580,+13.171,+0.986
1630572180,+3.49,+30.571,+13.059,+0.985
1630572240,+3.49,+30.580,+13.040,+0.987
1630572300,+3.49,+30.554,+12.967,+0.986
1630572360,+3.49,+30.562,+12.927,+0.986
1630572420,+3.49,+30.554,+12.948,+0.987
1630572480,+3.49,+30.554,+12.911,+0.985
1630572540,+3.49,+30.536,+12.922,+0.986
1630572600,+3.49,+30.545,+12.938,+0.986
1630572660,+3.49,+30.528,+12.976,+0.987
1630572720,+3.49,+30.545,+12.976,+0.986
1630572780,+3.49,+30.528,+12.976,+0.985
1630572840,+3.49,+30.510,+13.067,+0.987
1630572900,+3.49,+30.519,+13.088,+0.986
1630572960,+3.49,+30.519,+13.196,+0.986
1630573020,+3.49,+30.519,+13.266,+0.986
1630573080,+3.49,+30.528,+13.278,+0.986
1630573140,+3.49,+30.519,+13.283,+0.986
1630573200,+3.49,+30.510,+13.266,+0.986
1630573260,+3.49,+30.493,+13.225,+0.987
1630573320,+3.49,+30.493,+13.154,+0.986
1630573380,+3.49,+30.502,+13.129,+0.986
1630573440,+3.49,+30.484,+13.117,+0.987
1630573500,+3.49,+30.493,+13.079,+0.987
1630573560,+3.49,+30.484,+13.020,+0.986
1630573620,+3.49,+30.484,+12.929,+0.986
1630573680,+3.49,+30.476,+12.844,+0.986
1630573740,+3.49,+30.476,+12.821,+0.987
1630573800,+3.49,+30.484,+12.832,+0.986
1630573860,+3.49,+30.467,+12.850,+0.986
1630573920,+3.49,+30.458,+12.914,+0.986
1630573980,+3.49,+30.458,+12.936,+0.984
1630574040,+3.49,+30.450,+13.002,+0.987
1630574100,+3.49,+30.432,+12.957,+0.986
1630574160,+3.49,+30.441,+12.884,+0.986
1630574220,+3.49,+30.450,+12.850,+0.986
1630574280,+3.49,+30.424,+12.771,+0.985
1630574340,+3.49,+30.424,+12.763,+0.986
1630574400,+3.49,+30.432,+12.819,+0.985
1630574460,+3.49,+30.406,+12.850,+0.986
1630574520,+3.49,+30.406,+12.850,+0.985
1630574580,+3.49,+30.406,+12.885,+0.987
1630574640,+3.49,+30.380,+12.872,+0.986
1630574700,+3.49,+30.406,+12.812,+0.987
1630574760,+3.49,+30.389,+12.737,+0.986
1630574820,+3.49,+30.380,+12.780,+0.987
1630574880,+3.49,+30.406,+12.742,+0.987
1630574940,+3.49,+30.380,+12.621,+0.985
1630575000,+3.49,+30.389,+12.550,+0.985
1630575060,+3.49,+30.380,+12.478,+0.985
1630575120,+3.49,+30.363,+12.453,+0.986
1630575180,+3.49,+30.372,+12.431,+0.986
1630575240,+3.49,+30.363,+12.390,+0.985
1630575300,+3.49,+30.355,+12.390,+0.985
1630575360,+3.49,+30.372,+12.434,+0.985
1630575420,+3.49,+30.355,+12.502,+0.986
1630575480,+3.49,+30.346,+12.540,+0.986
1630575540,+3.49,+30.355,+12.562,+0.986
1630575600,+3.49,+30.329,+12.664,+0.986
1630575660,+3.49,+30.337,+12.654,+0.986
1630575720,+3.49,+30.329,+12.614,+0.984
1630575780,+3.49,+30.311,+12.653,+0.987
1630575840,+3.49,+30.311,+12.612,+0.985
1630575900,+3.49,+30.303,+12.578,+0.985
1630575960,+3.49,+30.294,+12.526,+0.985
1630576020,+3.49,+30.285,+12.481,+0.986
1630576080,+3.49,+30.285,+12.515,+0.986
1630576140,+3.49,+30.277,+12.541,+0.985
1630576200,+3.49,+30.277,+12.573,+0.985
1630576260,+3.49,+30.259,+12.634,+0.986
1630576320,+3.49,+30.268,+12.658,+0.985
1630576380,+3.49,+30.268,+12.651,+0.987
1630576440,+3.49,+30.251,+12.592,+0.986
1630576500,+3.49,+30.259,+12.534,+0.985
1630576560,+3.49,+30.268,+12.506,+0.986
1630576620,+3.49,+30.259,+12.469,+0.986
1630576680,+3.49,+30.234,+12.455,+0.987
1630576740,+3.49,+30.242,+12.368,+0.986
1630576800,+3.49,+30.242,+12.310,+0.986
1630576860,+3.49,+30.242,+12.275,+0.985
1630576920,+3.49,+30.242,+12.346,+0.987
1630576980,+3.49,+30.234,+12.314,+0.987
1630577040,+3.49,+30.234,+12.300,+0.987
1630577100,+3.49,+30.234,+12.222,+0.985
1630577160,+3.49,+30.216,+12.169,+0.985
1630577220,+3.49,+30.225,+12.090,+0.986
1630577280,+3.49,+30.208,+12.040,+0.986
1630577340,+3.49,+30.199,+11.979,+0.986
1630577400,+3.49,+30.199,+11.918,+0.985
1630577460,+3.49,+30.208,+11.894,+0.987
1630577520,+3.49,+30.199,+11.853,+0.986
1630577580,+3.49,+30.190,+11.949,+0.986
1630577640,+3.49,+30.182,+12.010,+0.986
1630577700,+3.49,+30.190,+11.997,+0.986
1630577760,+3.49,+30.182,+11.970,+0.986
1630577820,+3.49,+30.164,+12.091,+0.988
1630577880,+3.49,+30.164,+12.155,+0.986
1630577940,+3.49,+30.173,+12.181,+0.987
1630578000,+3.49,+30.173,+12.127,+0.985
1630578060,+3.49,+30.164,+12.116,+0.985
1630578120,+3.49,+30.147,+12.091,+0.987
1630578180,+3.49,+30.156,+11.993,+0.987
1630578240,+3.49,+30.147,+12.163,+0.985
1630578300,+3.49,+30.138,+12.185,+0.987
1630578360,+3.49,+30.156,+12.143,+0.987
1630578420,+3.49,+30.138,+12.078,+0.986
1630578480,+3.49,+30.130,+12.066,+0.987
1630578540,+3.49,+30.130,+11.982,+0.986
1630578600,+3.49,+30.121,+11.903,+0.986
1630578660,+3.49,+30.121,+11.840,+0.987
1630578720,+3.49,+30.121,+11.779,+0.986
1630578780,+3.49,+30.121,+11.635,+0.984
1630578840,+3.49,+30.113,+11.575,+0.986
1630578900,+3.49,+30.121,+11.505,+0.986
1630578960,+3.49,+30.104,+11.454,+0.985
1630579020,+3.49,+30.095,+11.408,+0.986
1630579080,+3.49,+30.104,+11.316,+0.986
1630579140,+3.49,+30.087,+11.279,+0.985
1630579200,+3.49,+30.087,+11.324,+0.986
1630579260,+3.49,+30.069,+11.380,+0.986
1630579320,+3.49,+30.069,+11.368,+0.986
1630579380,+3.49,+30.061,+11.324,+0.986
1630579440,+3.49,+30.069,+11.328,+0.987
1630579500,+3.49,+30.078,+11.338,+0.985
1630579560,+3.49,+30.061,+11.418,+0.987
1630579620,+3.49,+30.061,+11.412,+0.987
1630579680,+3.49,+30.061,+11.339,+0.986
1630579740,+3.49,+30.069,+11.283,+0.986
1630579800,+3.49,+30.052,+11.242,+0.986
1630579860,+3.49,+30.035,+11.234,+0.986
1630579920,+3.49,+30.043,+11.188,+0.986
1630579980,+3.49,+30.035,+11.141,+0.985
1630580040,+3.49,+30.035,+11.114,+0.985
1630580100,+3.49,+30.026,+11.102,+0.985
1630580160,+3.49,+30.018,+11.060,+0.985
1630580220,+3.49,+30.009,+11.098,+0.986
1630580280,+3.49,+30.009,+11.078,+0.986
1630580340,+3.49,+30.000,+11.073,+0.985
1630580400,+3.49,+30.018,+11.084,+0.985
1630580460,+3.49,+29.992,+11.073,+0.985
1630580520,+3.49,+29.992,+11.033,+0.986
1630580580,+3.49,+29.974,+10.985,+0.986
1630580640,+3.49,+29.983,+10.943,+0.987
1630580700,+3.49,+30.000,+10.850,+0.985
1630580760,+3.49,+29.992,+10.794,+0.985
1630580820,+3.49,+29.983,+10.736,+0.985
1630580880,+3.49,+29.974,+10.695,+0.986
1630580940,+3.49,+29.974,+10.594,+0.984
1630581000,+3.49,+29.983,+10.528,+0.985
1630581060,+3.49,+29.983,+10.444,+0.984
1630581120,+3.49,+29.966,+10.422,+0.985
1630581180,+3.49,+29.957,+10.347,+0.985
1630581240,+3.49,+29.957,+10.266,+0.984
1630581300,+3.49,+29.957,+10.245,+0.985
1630581360,+3.49,+29.949,+10.206,+0.985
1630581420,+3.49,+29.957,+10.159,+0.985
1630581480,+3.49,+29.940,+10.173,+0.987
1630581540,+3.49,+29.931,+10.175,+0.985
1630581600,+3.49,+29.931,+10.171,+0.984
1630581660,+3.49,+29.914,+10.465,+0.985
1630581720,+3.49,+29.914,+10.441,+0.986
1630581780,+3.49,+29.905,+10.366,+0.985
1630581840,+3.49,+29.923,+10.386,+0.987
1630581900,+3.49,+29.914,+10.409,+0.985
1630581960,+3.49,+29.897,+10.516,+0.986
1630582020,+3.49,+29.914,+10.494,+0.986
1630582080,+3.49,+29.905,+10.521,+0.986
1630582140,+3.49,+29.897,+10.549,+0.985
1630582200,+3.49,+29.897,+10.501,+0.986
1630582260,+3.49,+29.888,+10.448,+0.986
1630582320,+3.49,+29.880,+10.371,+0.985
1630582380,+3.49,+29.880,+10.355,+0.985
1630582440,+3.49,+29.888,+10.297,+0.985
1630582500,+3.49,+29.888,+10.301,+0.986
1630582560,+3.49,+29.871,+10.266,+0.985
1630582620,+3.49,+29.888,+10.248,+0.985
1630582680,+3.49,+29.880,+10.190,+0.985
1630582740,+3.49,+29.862,+10.139,+0.986
1630582800,+3.49,+29.871,+10.128,+0.985
1630582860,+3.49,+29.862,+10.119,+0.986
1630582920,+3.49,+29.871,+10.075,+0.986
1630582980,+3.49,+29.854,+10.015,+0.985
1630583040,+3.49,+29.862,+10.048,+0.985
1630583100,+3.49,+29.854,+10.270,+0.984
1630583160,+3.49,+29.862,+10.292,+0.985
1630583220,+3.49,+29.828,+10.255,+0.985
1630583280,+3.49,+29.828,+10.192,+0.986
1630583340,+3.49,+29.828,+10.069,+0.984
1630583400,+3.49,+29.819,+10.082,+0.985
1630583460,+3.49,+29.811,+10.106,+0.985
1630583520,+3.49,+29.802,+10.081,+0.986
1630583580,+3.49,+29.819,+10.028,+0.985
1630583640,+3.49,+29.802, +9.948,+0.985
1630583700,+3.49,+29.802, +9.860,+0.985
1630583760,+3.49,+29.793, +9.769,+0.986
1630583820,+3.49,+29.793, +9.767,+0.986
1630583880,+3.49,+29.802, +9.729,+0.985
1630583940,+3.49,+29.802, +9.667,+0.985
1630584000,+3.49,+29.785, +9.623,+0.985
1630584060,+3.49,+29.785, +9.568,+0.985
1630584120,+3.49,+29.793, +9.476,+0.986
1630584180,+3.49,+29.785, +9.370,+0.987
1630584240,+3.49,+29.793, +9.567,+0.985
1630584300,+3.49,+29.785, +9.627,+0.986
1630584360,+3.49,+29.785, +9.637,+0.985
1630584420,+3.49,+29.768, +9.618,+0.985
1630584480,+3.49,+29.768, +9.582,+0.986
1630584540,+3.49,+29.776, +9.519,+0.985
1630584600,+3.49,+29.768, +9.435,+0.985
1630584660,+3.49,+29.785, +9.311,+0.985
1630584720,+3.49,+29.750, +9.318,+0.986
1630584780,+3.49,+29.768, +9.259,+0.984
1630584840,+3.49,+29.750, +9.278,+0.985
1630584900,+3.49,+29.733, +9.504,+0.985
1630584960,+3.49,+29.759, +9.539,+0.985
1630585020,+3.49,+29.733, +9.520,+0.985
1630585080,+3.49,+29.742, +9.550,+0.985
1630585140,+3.49,+29.733, +9.486,+0.984
1630585200,+3.49,+29.724, +9.412,+0.984
1630585260,+3.49,+29.733, +9.335,+0.985
1630585320,+3.49,+29.742, +9.279,+0.985
1630585380,+3.49,+29.733, +9.219,+0.985
1630585440,+3.49,+29.742, +9.148,+0.986
1630585500,+3.49,+29.733, +9.057,+0.984
1630585560,+3.49,+29.724, +8.994,+0.985
1630585620,+3.49,+29.724, +8.923,+0.985
1630585680,+3.49,+29.716, +8.788,+0.984
1630585740,+3.49,+29.742, +8.677,+0.985
1630585800,+3.49,+29.724, +8.602,+0.985
1630585860,+3.49,+29.707, +8.558,+0.985
1630585920,+3.49,+29.716, +8.480,+0.984
1630585980,+3.49,+29.716, +8.410,+0.984
1630586040,+3.49,+29.724, +8.372,+0.985
1630586100,+3.49,+29.716, +8.314,+0.985
1630586160,+3.49,+29.699, +8.255,+0.985
1630586220,+3.49,+29.724, +8.214,+0.984
1630586280,+3.49,+29.724, +8.180,+0.985
1630586340,+3.49,+29.707, +8.213,+0.984
1630586400,+3.49,+29.707, +8.209,+0.984
1630586460,+3.49,+29.707, +8.219,+0.984
1630586520,+3.49,+29.690, +8.478,+0.984
1630586580,+3.49,+29.690, +8.492,+0.985
1630586640,+3.49,+29.707, +8.453,+0.985
1630586700,+3.49,+29.699, +8.420,+0.985
1630586760,+3.49,+29.690, +8.413,+0.985
1630586820,+3.49,+29.690, +8.386,+0.985
1630586880,+3.49,+29.716, +8.328,+0.984
1630586940,+3.49,+29.690, +8.286,+0.984
1630587000,+3.48,+29.699, +8.257,+0.984
1630587060,+3.49,+29.690, +8.250,+0.984
1630587120,+3.49,+29.690, +8.330,+0.985
1630587180,+3.49,+29.690, +8.309,+0.984
1630587240,+3.49,+29.681, +8.315,+0.985
1630587300,+3.49,+29.673, +8.344,+0.985
1630587360,+3.49,+29.681, +8.486,+0.985
1630587420,+3.49,+29.673, +8.479,+0.985
1630587480,+3.49,+29.690, +8.415,+0.985
1630587540,+3.49,+29.681, +8.368,+0.985
1630587600,+3.49,+29.664, +8.339,+0.984
1630587660,+3.49,+29.673, +8.328,+0.984
1630587720,+3.49,+29.681, +8.316,+0.984
1630587780,+3.49,+29.664, +8.306,+0.984
1630587840,+3.49,+29.673, +8.282,+0.984
1630587900,+3.49,+29.664, +8.244,+0.984
1630587960,+3.49,+29.681, +8.210,+0.984
1630588020,+3.49,+29.664, +8.222,+0.984
1630588080,+3.49,+29.673, +8.199,+0.985
1630588140,+3.48,+29.664, +8.182,+0.985
1630588200,+3.49,+29.681, +8.164,+0.986
1630588260,+3.49,+29.681, +8.126,+0.985
1630588320,+3.48,+29.673, +8.076,+0.984
1630588380,+3.49,+29.673, +8.063,+0.983
1630588440,+3.49,+29.673, +8.095,+0.984
1630588500,+3.49,+29.673, +8.138,+0.984
1630588560,+3.48,+29.681, +8.166,+0.984
1630588620,+3.48,+29.664, +8.171,+0.985
1630588680,+3.49,+29.681, +8.138,+0.984
1630588740,+3.49,+29.690, +8.262,+0.984
1630588800,+3.49,+29.681, +8.274,+0.984
1630588860,+3.48,+29.690, +8.279,+0.985
1630588920,+3.49,+29.673, +8.273,+0.984
1630588980,+3.49,+29.673, +8.384,+0.984
1630589040,+3.48,+29.681, +8.409,+0.984
1630589100,+3.48,+29.681, +8.418,+0.984
1630589160,+3.49,+29.681, +8.435,+0.985
1630589220,+3.49,+29.699, +8.540,+0.985
1630589280,+3.48,+29.681, +8.574,+0.985
1630589340,+3.48,+29.681, +8.637,+0.985
1630589400,+3.48,+29.664, +8.683,+0.985
1630589460,+3.48,+29.690, +8.666,+0.984
1630589520,+3.48,+29.681, +8.701,+0.985
1630589580,+3.49,+29.681, +8.704,+0.985
1630589640,+3.49,+29.681, +8.680,+0.984
1630589700,+3.48,+29.690, +8.721,+0.985
1630589760,+3.48,+29.699, +8.747,+0.985
1630589820,+3.48,+29.707, +8.747,+0.985
1630589880,+3.49,+29.699, +8.742,+0.985
1630589940,+3.48,+29.690, +8.841,+0.985
1630590000,+3.48,+29.681, +8.861,+0.985
1630590060,+3.48,+29.690, +8.876,+0.984
1630590120,+3.48,+29.699, +8.880,+0.984
1630590180,+3.48,+29.699, +8.916,+0.985
1630590240,+3.49,+29.724, +8.925,+0.985
1630590300,+3.48,+29.716, +8.943,+0.985
1630590360,+3.48,+29.724, +8.941,+0.984
1630590420,+3.48,+29.733, +8.929,+0.984
1630590480,+3.48,+29.724, +8.981,+0.984
1630590540,+3.48,+29.724, +9.001,+0.985
1630590600,+3.49,+29.742, +9.033,+0.984
1630590660,+3.49,+29.759, +9.081,+0.985
1630590720,+3.49,+29.750, +9.121,+0.984
1630590780,+3.49,+29.759, +9.182,+0.985
1630590840,+3.49,+29.750, +9.247,+0.985
1630590900,+3.49,+29.750, +9.239,+0.985
1630590960,+3.49,+29.768, +9.220,+0.985
1630591020,+3.49,+29.759, +9.247,+0.985
1630591080,+3.49,+29.768, +9.165,+0.983
1630591140,+3.49,+29.742, +9.068,+0.984
1630591200,+3.49,+29.768, +8.910,+0.983
1630591260,+3.49,+29.768, +8.712,+0.983
1630591320,+3.49,+29.742, +8.592,+0.985
1630591380,+3.49,+29.768, +8.470,+0.984
1630591440,+3.49,+29.759, +8.455,+0.984
1630591500,+3.49,+29.776, +8.464,+0.984
1630591560,+3.49,+29.785, +8.486,+0.984
1630591620,+3.49,+29.776, +8.520,+0.984
1630591680,+3.49,+29.785, +8.541,+0.984
1630591740,+3.49,+29.802, +8.563,+0.984
1630591800,+3.49,+29.802, +8.551,+0.983
1630591860,+3.49,+29.811, +8.566,+0.983
1630591920,+3.49,+29.802, +8.534,+0.984
1630591980,+3.49,+29.819, +8.456,+0.984
1630592040,+3.49,+29.811, +8.385,+0.983
1630592100,+3.49,+29.811, +8.378,+0.984
1630592160,+3.49,+29.819, +8.356,+0.984
1630592220,+3.49,+29.819, +8.377,+0.984
1630592280,+3.49,+29.819, +8.404,+0.984
1630592340,+3.49,+29.811, +8.409,+0.984
1630592400,+3.49,+29.811, +8.416,+0.985
1630592460,+3.49,+29.819, +8.412,+0.984
1630592520,+3.49,+29.811, +8.414,+0.984
1630592580,+3.49,+29.836, +8.407,+0.984
1630592640,+3.49,+29.828, +8.453,+0.984
1630592700,+3.49,+29.836, +8.469,+0.983
1630592760,+3.49,+29.828, +8.561,+0.985
1630592820,+3.49,+29.828, +8.588,+0.984
1630592880,+3.49,+29.828, +8.596,+0.983
1630592940,+3.49,+29.845, +8.611,+0.984
1630593000,+3.49,+29.836, +8.660,+0.985
1630593060,+3.49,+29.836, +8.683,+0.983
1630593120,+3.49,+29.854, +8.766,+0.984
1630593180,+3.49,+29.854, +8.818,+0.984
1630593240,+3.49,+29.836, +8.824,+0.984
1630593300,+3.49,+29.845, +8.849,+0.983
1630593360,+3.49,+29.871, +8.891,+0.983
1630593420,+3.49,+29.871, +8.973,+0.984
1630593480,+3.49,+29.871, +9.070,+0.984
1630593540,+3.49,+29.888, +9.136,+0.983
1630593600,+3.49,+29.888, +9.198,+0.984
1630593660,+3.49,+29.888, +9.139,+0.983
1630593720,+3.49,+29.897, +9.151,+0.983
1630593780,+3.49,+29.897, +9.199,+0.984
1630593840,+3.49,+29.905, +9.204,+0.984
1630593900,+3.49,+29.905, +9.226,+0.984
1630593960,+3.49,+29.905, +9.250,+0.985
1630594020,+3.49,+29.931, +9.257,+0.984
1630594080,+3.49,+29.923, +9.145,+0.984
1630594140,+3.49,+29.905, +9.207,+0.985
1630594200,+3.49,+29.914, +9.222,+0.984
1630594260,+3.49,+29.931, +9.264,+0.983
1630594320,+3.49,+29.957, +9.309,+0.984
1630594380,+3.49,+29.940, +9.212,+0.985
1630594440,+3.49,+29.957, +9.119,+0.984
1630594500,+3.49,+29.957, +9.129,+0.984
1630594560,+3.49,+29.974, +9.260,+0.985
1630594620,+3.49,+29.974, +9.362,+0.983
1630594680,+3.49,+29.974, +9.517,+0.984
1630594740,+3.49,+29.974, +9.595,+0.983
1630594800,+3.49,+29.992, +9.762,+0.985
1630594860,+3.49,+30.009, +9.833,+0.985
1630594920,+3.49,+29.992, +9.854,+0.984
1630594980,+3.49,+30.035, +9.866,+0.984
1630595040,+3.49,+30.009, +9.935,+0.984
1630595100,+3.49,+30.026, +9.724,+0.983
1630595160,+3.49,+30.035, +9.823,+0.985
1630595220,+3.49,+30.018, +9.887,+0.984
1630595280,+3.49,+30.026, +9.975,+0.985
1630595340,+3.49,+30.026,+10.009,+0.984
1630595400,+3.49,+30.026,+10.011,+0.984
1630595460,+3.49,+30.052,+10.057,+0.984
1630595520,+3.49,+30.052,+10.078,+0.983
1630595580,+3.49,+30.061,+10.000,+0.983
1630595640,+3.49,+30.052, +9.903,+0.984
1630595700,+3.49,+30.061, +9.898,+0.983
1630595760,+3.49,+30.095,+10.042,+0.985
1630595820,+3.49,+30.104,+10.145,+0.984
1630595880,+3.49,+30.104,+10.201,+0.984
1630595940,+3.49,+30.121,+10.334,+0.984
1630596000,+3.49,+30.121,+10.445,+0.983
1630596060,+3.49,+30.095,+10.414,+0.985
1630596120,+3.49,+30.113,+10.314,+0.984
1630596180,+3.49,+30.095,+10.397,+0.985
1630596240,+3.49,+30.095,+10.482,+0.984
1630596300,+3.49,+30.130,+10.532,+0.984
1630596360,+3.49,+30.121,+10.564,+0.984
1630596420,+3.49,+30.130,+10.550,+0.985
1630596480,+3.49,+30.164,+10.613,+0.984
1630596540,+3.49,+30.199,+10.756,+0.984
1630596600,+3.49,+30.216,+10.751,+0.985
1630596660,+3.49,+30.259,+10.816,+0.984
1630596720,+3.49,+30.277,+10.982,+0.984
1630596780,+3.49,+30.277,+11.066,+0.984
1630596840,+3.49,+30.277,+10.937,+0.984
1630596900,+3.49,+30.268,+10.829,+0.985
1630596960,+3.49,+30.225,+10.358,+0.985
1630597020,+3.49,+30.225,+10.296,+0.983
1630597080,+3.49,+30.251,+10.480,+0.983
1630597140,+3.49,+30.268,+10.632,+0.984
1630597200,+3.49,+30.277,+10.782,+0.984
1630597260,+3.49,+30.294,+10.910,+0.984
1630597320,+3.49,+30.277,+10.933,+0.983
1630597380,+3.49,+30.285,+11.074,+0.984
1630597440,+3.49,+30.285,+11.124,+0.983
1630597500,+3.49,+30.294,+11.215,+0.983
1630597560,+3.49,+30.303,+11.309,+0.984
1630597620,+3.49,+30.285,+11.306,+0.982
1630597680,+3.49,+30.311,+11.307,+0.984
1630597740,+3.49,+30.294,+11.430,+0.984
1630597800,+3.49,+30.311,+11.442,+0.983
1630597860,+3.49,+30.294,+11.440,+0.985
1630597920,+3.49,+30.329,+11.416,+0.984
1630597980,+3.49,+30.329,+11.432,+0.983
1630598040,+3.49,+30.346,+11.509,+0.983
1630598100,+3.49,+30.346,+11.556,+0.984
1630598160,+3.49,+30.337,+11.609,+0.985
1630598220,+3.49,+30.337,+11.661,+0.984
1630598280,+3.49,+30.355,+11.688,+0.985
1630598340,+3.49,+30.346,+11.700,+0.984
1630598400,+3.49,+30.346,+11.673,+0.984
1630598460,+3.49,+30.337,+11.656,+0.984
1630598520,+3.49,+30.337,+11.622,+0.983
1630598580,+3.49,+30.346,+11.636,+0.984
1630598640,+3.49,+30.346,+11.665,+0.984
1630598700,+3.49,+30.346,+11.645,+0.983
1630598760,+3.49,+30.346,+11.540,+0.983
1630598820,+3.49,+30.372,+11.626,+0.984
1630598880,+3.49,+30.346,+11.740,+0.984
1630598940,+3.49,+30.346,+11.693,+0.983
1630599000,+3.49,+30.363,+11.679,+0.984
1630599060,+3.49,+30.363,+11.657,+0.984
1630599120,+3.49,+30.372,+11.670,+0.984
1630599180,+3.49,+30.380,+11.693,+0.984
1630599240,+3.48,+30.398,+11.662,+0.983
1630599300,+3.49,+30.398,+11.688,+0.984
1630599360,+3.49,+30.389,+11.595,+0.984
1630599420,+3.49,+30.389,+11.568,+0.983
1630599480,+3.49,+30.398,+11.621,+0.985
1630599540,+3.49,+30.398,+11.635,+0.984
1630599600,+3.49,+30.380,+11.695,+0.985
1630599660,+3.49,+30.424,+11.673,+0.984
1630599720,+3.49,+30.406,+11.727,+0.983
1630599780,+3.48,+30.432,+11.820,+0.984
1630599840,+3.49,+30.432,+11.898,+0.984
1630599900,+3.49,+30.450,+11.981,+0.985
1630599960,+3.48,+30.467,+12.040,+0.985
1630600020,+3.48,+30.476,+12.066,+0.984
1630600080,+3.48,+30.502,+12.172,+0.984
1630600140,+3.48,+30.528,+12.278,+0.984
1630600200,+3.48,+30.528,+12.376,+0.985
1630600260,+3.48,+30.562,+12.409,+0.985
1630600320,+3.48,+30.554,+12.426,+0.984
1630600380,+3.48,+30.588,+12.430,+0.983
1630600440,+3.48,+30.606,+12.412,+0.984
1630600500,+3.48,+30.649,+12.520,+0.986
1630600560,+3.48,+30.640,+12.601,+0.985
1630600620,+3.48,+30.658,+12.626,+0.984
1630600680,+3.48,+30.666,+12.695,+0.984
1630600740,+3.48,+30.658,+12.710,+0.984
1630600800,+3.48,+30.666,+12.689,+0.984
1630600860,+3.48,+30.675,+12.657,+0.984
1630600920,+3.48,+30.658,+12.647,+0.983
1630600980,+3.48,+30.666,+12.654,+0.984
1630601040,+3.48,+30.692,+12.599,+0.983
1630601100,+3.48,+30.692,+12.669,+0.985
1630601160,+3.48,+30.675,+12.624,+0.983
1630601220,+3.48,+30.718,+12.681,+0.984
1630601280,+3.48,+30.727,+12.735,+0.984
1630601340,+3.48,+30.727,+12.718,+0.983
1630601400,+3.48,+30.718,+12.699,+0.984
1630601460,+3.48,+30.718,+12.672,+0.984
1630601520,+3.48,+30.727,+12.649,+0.984
1630601580,+3.48,+30.727,+12.600,+0.983
1630601640,+3.48,+30.736,+12.535,+0.982
1630601700,+3.48,+30.736,+12.577,+0.985
1630601760,+3.48,+30.736,+12.575,+0.985
1630601820,+3.48,+30.762,+12.565,+0.984
1630601880,+3.48,+30.770,+12.568,+0.983
1630601940,+3.48,+30.779,+12.656,+0.985
1630602000,+3.48,+30.805,+12.663,+0.984
1630602060,+3.48,+30.796,+12.747,+0.983
1630602120,+3.48,+30.788,+12.840,+0.985
1630602180,+3.48,+30.796,+12.774,+0.983
1630602240,+3.48,+30.788,+12.732,+0.983
1630602300,+3.48,+30.779,+12.731,+0.983
1630602360,+3.48,+30.788,+12.772,+0.985
1630602420,+3.48,+30.796,+12.785,+0.983
1630602480,+3.48,+30.805,+12.833,+0.983
1630602540,+3.48,+30.814,+12.895,+0.983
1630602600,+3.48,+30.840,+12.975,+0.985
1630602660,+3.48,+30.848,+13.047,+0.983
1630602720,+3.49,+30.900,+13.123,+0.983
1630602780,+3.49,+30.900,+13.238,+0.983
1630602840,+3.49,+30.927,+13.320,+0.983
1630602900,+3.49,+30.944,+13.467,+0.985
1630602960,+3.49,+30.970,+13.484,+0.984
1630603020,+3.49,+30.970,+13.538,+0.983
1630603080,+3.49,+30.979,+13.529,+0.984
1630603140,+3.49,+31.013,+13.493,+0.983
1630603200,+3.49,+31.005,+13.577,+0.986
1630603260,+3.49,+31.005,+13.482,+0.984
1630603320,+3.49,+31.013,+13.439,+0.984
1630603380,+3.49,+31.031,+13.424,+0.983
1630603440,+3.49,+31.022,+13.430,+0.984
1630603500,+3.49,+31.022,+13.385,+0.985
1630603560,+3.49,+31.048,+13.381,+0.983
1630603620,+3.49,+31.057,+13.429,+0.985
1630603680,+3.49,+31.048,+13.380,+0.984
1630603740,+3.49,+31.065,+13.376,+0.983
1630603800,+3.49,+31.074,+13.426,+0.984
1630603860,+3.49,+31.083,+13.468,+0.984
1630603920,+3.49,+31.092,+13.519,+0.985
1630603980,+3.49,+31.118,+13.436,+0.981
1630604040,+3.49,+31.144,+13.555,+0.984
1630604100,+3.49,+31.152,+13.573,+0.983
1630604160,+3.49,+31.144,+13.553,+0.983
1630604220,+3.49,+31.109,+13.493,+0.982
1630604280,+3.49,+31.126,+13.366,+0.982
1630604340,+3.49,+31.118,+13.308,+0.984
1630604400,+3.49,+31.109,+13.295,+0.983
1630604460,+3.49,+31.092,+13.318,+0.984
1630604520,+3.49,+31.100,+13.282,+0.984
1630604580,+3.49,+31.100,+13.226,+0.983
1630604640,+3.49,+31.109,+13.192,+0.983
1630604700,+3.49,+31.118,+13.173,+0.983
1630604760,+3.49,+31.126,+13.137,+0.982
1630604820,+3.49,+31.152,+13.198,+0.983
1630604880,+3.49,+31.196,+13.218,+0.982
1630604940,+3.49,+31.231,+13.316,+0.983
1630605000,+3.49,+31.248,+13.330,+0.984
1630605060,+3.49,+31.300,+13.394,+0.983
1630605120,+3.49,+31.344,+13.470,+0.984
1630605180,+3.49,+31.379,+13.523,+0.984
1630605240,+3.49,+31.414,+13.630,+0.985
1630605300,+3.49,+31.457,+13.639,+0.983
1630605360,+3.49,+31.475,+13.675,+0.982
1630605420,+3.49,+31.466,+13.787,+0.984
1630605480,+3.48,+31.448,+13.783,+0.984
1630605540,+3.49,+31.396,+13.613,+0.982
1630605600,+3.49,+31.396,+13.549,+0.984
1630605660,+3.49,+31.405,+13.479,+0.983
1630605720,+3.49,+31.387,+13.425,+0.983
1630605780,+3.49,+31.370,+13.359,+0.982
1630605840,+3.49,+31.361,+13.340,+0.982
1630605900,+3.49,+31.335,+13.270,+0.982
1630605960,+3.49,+31.326,+13.250,+0.983
1630606020,+3.49,+31.318,+13.318,+0.983
1630606080,+3.49,+31.326,+13.366,+0.983
1630606140,+3.49,+31.335,+13.429,+0.985
1630606200,+3.49,+31.361,+13.411,+0.982
1630606260,+3.49,+31.387,+13.495,+0.983
1630606320,+3.49,+31.396,+13.547,+0.984
1630606380,+3.49,+31.422,+13.655,+0.984
1630606440,+3.49,+31.431,+13.735,+0.983
1630606500,+3.49,+31.422,+13.835,+0.984
1630606560,+3.49,+31.457,+13.931,+0.983
1630606620,+3.49,+31.483,+13.987,+0.983
1630606680,+3.49,+31.527,+14.103,+0.983
1630606740,+3.48,+31.553,+14.213,+0.985
1630606800,+3.48,+31.605,+14.250,+0.984
1630606860,+3.48,+31.632,+14.288,+0.986
1630606920,+3.48,+31.640,+14.271,+0.982
1630606980,+3.48,+31.675,+14.336,+0.983
1630607040,+3.48,+31.693,+14.383,+0.981
1630607100,+3.48,+31.710,+14.487,+0.983
1630607160,+3.48,+31.701,+14.628,+0.984
1630607220,+3.48,+31.728,+14.660,+0.984
1630607280,+3.48,+31.736,+14.698,+0.984
1630607340,+3.48,+31.736,+14.608,+0.983
1630607400,+3.48,+31.719,+14.604,+0.983
1630607460,+3.48,+31.728,+14.628,+0.983
1630607520,+3.48,+31.754,+14.634,+0.983
1630607580,+3.48,+31.780,+14.691,+0.984
1630607640,+3.48,+31.815,+14.666,+0.982
1630607700,+3.48,+31.780,+14.674,+0.984
1630607760,+3.48,+31.754,+14.544,+0.983
1630607820,+3.48,+31.780,+14.558,+0.984
1630607880,+3.48,+31.771,+14.546,+0.983
1630607940,+3.48,+31.780,+14.562,+0.982
1630608000,+3.48,+31.762,+14.562,+0.982
1630608060,+3.48,+31.693,+14.489,+0.981
1630608120,+3.48,+31.675,+14.522,+0.983
1630608180,+3.48,+31.666,+14.593,+0.983
1630608240,+3.48,+31.675,+14.600,+0.982
1630608300,+3.48,+31.693,+14.635,+0.983
1630608360,+3.48,+31.728,+14.637,+0.983
1630608420,+3.48,+31.701,+14.666,+0.983
1630608480,+3.48,+31.701,+14.654,+0.980
1630608540,+3.48,+31.693,+14.731,+0.984
1630608600,+3.48,+31.684,+14.742,+0.984
1630608660,+3.48,+31.693,+14.769,+0.985
1630608720,+3.48,+31.675,+14.673,+0.983
1630608780,+3.48,+31.658,+14.632,+0.984
1630608840,+3.48,+31.666,+14.588,+0.983
1630608900,+3.48,+31.684,+14.671,+0.984
1630608960,+3.48,+31.736,+14.714,+0.983
1630609020,+3.48,+31.745,+14.773,+0.983
1630609080,+3.48,+31.771,+14.861,+0.983
1630609140,+3.48,+31.789,+14.894,+0.982
1630609200,+3.48,+31.850,+14.899,+0.982
1630609260,+3.48,+31.867,+14.936,+0.982
1630609320,+3.48,+31.894,+15.032,+0.983
1630609380,+3.48,+31.920,+15.084,+0.983
1630609440,+3.48,+31.946,+15.071,+0.983
1630609500,+3.48,+31.937,+15.082,+0.983
1630609560,+3.48,+31.963,+15.087,+0.983
1630609620,+3.48,+31.937,+15.097,+0.983
1630609680,+3.48,+31.937,+15.040,+0.982
1630609740,+3.48,+31.937,+15.013,+0.983
1630609800,+3.49,+31.981,+15.008,+0.982
1630609860,+3.49,+31.981,+15.041,+0.983
1630609920,+3.48,+31.972,+15.046,+0.982
1630609980,+3.48,+31.955,+15.051,+0.982
1630610040,+3.48,+31.955,+15.105,+0.984
1630610100,+3.49,+31.981,+15.043,+0.982
1630610160,+3.49,+32.016,+15.014,+0.983
1630610220,+3.49,+32.016,+15.087,+0.983
1630610280,+3.48,+31.963,+14.919,+0.983
1630610340,+3.49,+32.007,+14.956,+0.982
1630610400,+3.49,+32.025,+15.015,+0.982
1630610460,+3.49,+32.033,+15.075,+0.982
1630610520,+3.49,+32.103,+15.169,+0.983
1630610580,+3.49,+32.174,+15.262,+0.982
1630610640,+3.49,+32.226,+15.310,+0.981
1630610700,+3.49,+32.244,+15.438,+0.983
1630610760,+3.49,+32.252,+15.463,+0.983
1630610820,+3.49,+32.261,+15.516,+0.981
1630610880,+3.49,+32.287,+15.501,+0.982
1630610940,+3.49,+32.314,+15.479,+0.982
1630611000,+3.49,+32.323,+15.516,+0.981
1630611060,+3.49,+32.323,+15.495,+0.981
1630611120,+3.49,+32.331,+15.390,+0.983
1630611180,+3.49,+32.323,+15.512,+0.984
1630611240,+3.49,+32.331,+15.411,+0.981
1630611300,+3.49,+32.323,+15.377,+0.981
1630611360,+3.49,+32.279,+15.456,+0.982
1630611420,+3.49,+32.226,+15.387,+0.982
1630611480,+3.49,+32.200,+15.410,+0.982
1630611540,+3.49,+32.200,+15.426,+0.983
1630611600,+3.49,+32.217,+15.440,+0.983
1630611660,+3.49,+32.252,+15.464,+0.983
1630611720,+3.49,+32.279,+15.514,+0.985
1630611780,+3.49,+32.252,+15.405,+0.982
1630611840,+3.49,+32.235,+15.369,+0.983
1630611900,+3.49,+32.235,+15.291,+0.980
1630611960,+3.49,+32.209,+15.267,+0.980
1630612020,+3.49,+32.191,+15.300,+0.983
1630612080,+3.49,+32.209,+15.323,+0.983
1630612140,+3.49,+32.191,+15.241,+0.981
1630612200,+3.49,+32.182,+15.326,+0.981
1630612260,+3.49,+32.209,+15.422,+0.984
1630612320,+3.49,+32.252,+15.370,+0.982
1630612380,+3.49,+32.270,+15.449,+0.982
1630612440,+3.49,+32.261,+15.495,+0.981
1630612500,+3.49,+32.252,+15.611,+0.983
1630612560,+3.49,+32.296,+15.715,+0.983
1630612620,+3.49,+32.358,+15.704,+0.981
1630612680,+3.49,+32.358,+15.795,+0.981
1630612740,+3.49,+32.375,+15.844,+0.980
1630612800,+3.49,+32.410,+15.967,+0.981
1630612860,+3.49,+32.489,+16.028,+0.982
1630612920,+3.49,+32.516,+15.984,+0.983
1630612980,+3.49,+32.524,+16.016,+0.984
1630613040,+3.49,+32.577,+15.992,+0.982
1630613100,+3.49,+32.621,+15.999,+0.982
1630613160,+3.49,+32.621,+15.981,+0.983
1630613220,+3.49,+32.682,+16.013,+0.980
1630613280,+3.49,+32.735,+16.140,+0.981
1630613340,+3.49,+32.726,+16.161,+0.982
1630613400,+3.48,+32.744,+16.203,+0.980
1630613460,+3.49,+32.735,+16.196,+0.980
1630613520,+3.49,+32.718,+16.211,+0.982
1630613580,+3.49,+32.700,+16.221,+0.981
1630613640,+3.49,+32.700,+16.220,+0.982
1630613700,+3.49,+32.682,+16.151,+0.982
1630613760,+3.49,+32.639,+15.967,+0.983
1630613820,+3.49,+32.612,+15.870,+0.982
1630613880,+3.49,+32.612,+15.849,+0.983
1630613940,+3.49,+32.586,+15.878,+0.981
1630614000,+3.49,+32.612,+15.895,+0.983
1630614060,+3.49,+32.612,+15.808,+0.981
1630614120,+3.49,+32.586,+15.665,+0.982
1630614180,+3.49,+32.559,+15.425,+0.983
1630614240,+3.49,+32.559,+15.524,+0.983
1630614300,+3.49,+32.603,+15.694,+0.982
1630614360,+3.49,+32.656,+15.806,+0.982
1630614420,+3.49,+32.682,+15.846,+0.982
1630614480,+3.49,+32.656,+15.826,+0.981
1630614540,+3.49,+32.674,+15.630,+0.980
1630614600,+3.49,+32.691,+15.506,+0.981
1630614660,+3.49,+32.718,+15.450,+0.983
1630614720,+3.49,+32.718,+15.515,+0.982
1630614780,+3.49,+32.726,+15.626,+0.982
1630614840,+3.48,+32.762,+15.763,+0.981
1630614900,+3.49,+32.779,+15.827,+0.983
1630614960,+3.49,+32.735,+15.917,+0.981
1630615020,+3.49,+32.700,+16.020,+0.981
1630615080,+3.49,+32.726,+16.143,+0.982
1630615140,+3.49,+32.770,+16.167,+0.982
1630615200,+3.49,+32.788,+16.220,+0.982
1630615260,+3.49,+32.779,+16.326,+0.982
1630615320,+3.49,+32.797,+16.439,+0.983
1630615380,+3.48,+32.832,+16.541,+0.982
1630615440,+3.48,+32.902,+16.596,+0.982
1630615500,+3.48,+32.911,+16.554,+0.980
1630615560,+3.48,+32.955,+16.711,+0.984
1630615620,+3.48,+33.035,+16.693,+0.982
1630615680,+3.48,+33.043,+16.647,+0.980
1630615740,+3.48,+33.061,+16.697,+0.981
1630615800,+3.48,+33.079,+16.691,+0.980
1630615860,+3.48,+33.087,+16.679,+0.980
1630615920,+3.48,+33.070,+16.757,+0.983
1630615980,+3.49,+33.096,+16.667,+0.981
1630616040,+3.48,+33.070,+16.625,+0.980
1630616100,+3.48,+32.999,+16.561,+0.979
1630616160,+3.49,+32.955,+16.639,+0.982
1630616220,+3.48,+32.946,+16.668,+0.983
1630616280,+3.48,+33.017,+16.575,+0.981
1630616340,+3.48,+33.008,+16.573,+0.982
1630616400,+3.48,+32.999,+16.565,+0.980
1630616460,+3.48,+33.052,+16.541,+0.980
1630616520,+3.48,+33.061,+16.551,+0.980
1630616580,+3.48,+33.035,+16.604,+0.981
1630616640,+3.48,+33.035,+16.585,+0.982
1630616700,+3.48,+32.999,+16.568,+0.981
1630616760,+3.48,+33.026,+16.572,+0.982
1630616820,+3.49,+33.079,+16.607,+0.982
1630616880,+3.49,+33.158,+16.636,+0.979
1630616940,+3.49,+33.211,+16.690,+0.981
1630617000,+3.49,+33.202,+16.724,+0.981
1630617060,+3.49,+33.193,+16.733,+0.980
1630617120,+3.49,+33.167,+16.770,+0.980
1630617180,+3.49,+33.193,+16.813,+0.981
1630617240,+3.49,+33.211,+16.815,+0.981
1630617300,+3.49,+33.220,+16.801,+0.981
1630617360,+3.49,+33.220,+16.825,+0.980
1630617420,+3.49,+33.220,+16.904,+0.983
1630617480,+3.49,+33.255,+16.864,+0.981
1630617540,+3.49,+33.246,+16.793,+0.980
1630617600,+3.49,+33.255,+16.831,+0.981
1630617660,+3.49,+33.255,+16.798,+0.980
1630617720,+3.49,+33.237,+16.871,+0.980
1630617780,+3.49,+33.264,+16.859,+0.979
1630617840,+3.49,+33.264,+16.947,+0.982
1630617900,+3.49,+33.264,+16.938,+0.980
1630617960,+3.49,+33.264,+16.940,+0.981
1630618020,+3.49,+33.237,+16.915,+0.981
1630618080,+3.49,+33.220,+16.874,+0.980
1630618140,+3.49,+33.211,+16.888,+0.981
1630618200,+3.49,+33.202,+16.740,+0.978
1630618260,+3.49,+33.184,+16.820,+0.981
1630618320,+3.49,+33.202,+16.617,+0.981
1630618380,+3.49,+33.211,+16.455,+0.979
1630618440,+3.49,+33.176,+16.458,+0.981
1630618500,+3.49,+33.158,+16.453,+0.980
1630618560,+3.49,+33.211,+16.511,+0.981
1630618620,+3.49,+33.237,+16.440,+0.981
1630618680,+3.49,+33.273,+16.468,+0.981
1630618740,+3.49,+33.299,+16.584,+0.982
1630618800,+3.49,+33.308,+16.648,+0.981
1630618860,+3.49,+33.361,+16.626,+0.979
1630618920,+3.49,+33.335,+16.649,+0.980
1630618980,+3.49,+33.335,+16.661,+0.980
1630619040,+3.49,+33.335,+16.670,+0.981
1630619100,+3.49,+33.335,+16.730,+0.982
1630619160,+3.49,+33.379,+16.720,+0.981
1630619220,+3.49,+33.432,+16.666,+0.979
1630619280,+3.49,+33.396,+16.698,+0.979
1630619340,+3.49,+33.352,+16.736,+0.980
1630619400,+3.49,+33.308,+16.744,+0.982
1630619460,+3.49,+33.282,+16.650,+0.979
1630619520,+3.49,+33.273,+16.695,+0.982
1630619580,+3.49,+33.246,+16.610,+0.980
1630619640,+3.49,+33.220,+16.602,+0.980
1630619700,+3.49,+33.264,+16.649,+0.981
1630619760,+3.49,+33.246,+16.706,+0.981
1630619820,+3.49,+33.290,+16.719,+0.980
1630619880,+3.49,+33.317,+16.718,+0.980
1630619940,+3.49,+33.326,+16.659,+0.979
1630620000,+3.49,+33.361,+16.823,+0.981
1630620060,+3.49,+33.388,+16.945,+0.981
1630620120,+3.49,+33.335,+16.918,+0.980
1630620180,+3.49,+33.343,+16.999,+0.981
1630620240,+3.49,+33.335,+16.969,+0.980
1630620300,+3.49,+33.361,+17.092,+0.981
1630620360,+3.49,+33.432,+17.149,+0.982
1630620420,+3.49,+33.467,+17.165,+0.981
1630620480,+3.49,+33.511,+17.126,+0.980
1630620540,+3.49,+33.511,+17.108,+0.980
1630620600,+3.49,+33.511,+17.043,+0.980
1630620660,+3.49,+33.467,+17.016,+0.981
1630620720,+3.49,+33.476,+17.001,+0.980
1630620780,+3.49,+33.467,+16.941,+0.981
1630620840,+3.49,+33.503,+16.915,+0.981
1630620900,+3.49,+33.485,+16.878,+0.980
1630620960,+3.49,+33.476,+16.954,+0.981
1630621020,+3.49,+33.467,+16.968,+0.979
1630621080,+3.49,+33.449,+17.028,+0.981
1630621140,+3.49,+33.449,+17.025,+0.981
1630621200,+3.49,+33.449,+16.980,+0.980
1630621260,+3.49,+33.423,+16.961,+0.981
1630621320,+3.49,+33.432,+17.002,+0.983
1630621380,+3.49,+33.432,+17.029,+0.982
1630621440,+3.49,+33.458,+17.090,+0.981
1630621500,+3.49,+33.467,+17.114,+0.982
1630621560,+3.49,+33.520,+17.165,+0.980
1630621620,+3.49,+33.556,+17.255,+0.981
1630621680,+3.49,+33.573,+17.241,+0.981
1630621740,+3.49,+33.573,+17.256,+0.982
1630621800,+3.49,+33.556,+17.247,+0.982
1630621860,+3.49,+33.573,+17.185,+0.981
1630621920,+3.49,+33.547,+17.203,+0.980
1630621980,+3.49,+33.556,+17.183,+0.980
1630622040,+3.49,+33.573,+17.271,+0.981
1630622100,+3.49,+33.520,+17.221,+0.979
1630622160,+3.49,+33.520,+17.208,+0.979
1630622220,+3.49,+33.520,+17.250,+0.980
1630622280,+3.49,+33.511,+17.308,+0.980
1630622340,+3.49,+33.485,+17.330,+0.982
1630622400,+3.49,+33.503,+17.260,+0.980
1630622460,+3.49,+33.476,+17.254,+0.982
1630622520,+3.49,+33.503,+17.153,+0.980
1630622580,+3.49,+33.503,+17.163,+0.983
1630622640,+3.49,+33.494,+16.975,+0.979
1630622700,+3.49,+33.458,+16.871,+0.980
1630622760,+3.49,+33.449,+16.817,+0.980
1630622820,+3.49,+33.441,+16.860,+0.982
1630622880,+3.49,+33.396,+17.021,+0.982
1630622940,+3.49,+33.396,+16.956,+0.982
1630623000,+3.49,+33.396,+17.158,+0.979
1630623060,+3.49,+33.396,+17.256,+0.982
1630623120,+3.49,+33.361,+17.315,+0.982
1630623180,+3.49,+33.343,+17.266,+0.982
1630623240,+3.49,+33.317,+17.212,+0.983
1630623300,+3.49,+33.299,+17.072,+0.982
1630623360,+3.49,+33.273,+16.985,+0.982
1630623420,+3.49,+33.220,+16.874,+0.982
1630623480,+3.49,+33.211,+16.836,+0.981
1630623540,+3.49,+33.246,+16.791,+0.979
1630623600,+3.49,+33.299,+16.696,+0.979
1630623660,+3.49,+33.282,+16.751,+0.982
1630623720,+3.49,+33.290,+16.803,+0.982
1630623780,+3.49,+33.343,+16.725,+0.980
1630623840,+3.49,+33.370,+16.692,+0.981
1630623900,+3.49,+33.414,+16.580,+0.980
1630623960,+3.49,+33.388,+16.563,+0.981
1630624020,+3.49,+33.432,+16.454,+0.979
1630624080,+3.49,+33.432,+16.425,+0.982
1630624140,+3.49,+33.441,+16.449,+0.983
1630624200,+3.49,+33.503,+16.353,+0.980
1630624260,+3.49,+33.494,+16.277,+0.980
1630624320,+3.49,+33.467,+16.275,+0.981
1630624380,+3.49,+33.432,+16.222,+0.980
1630624440,+3.49,+33.414,+16.245,+0.979
1630624500,+3.49,+33.396,+16.391,+0.982
1630624560,+3.49,+33.396,+16.444,+0.980
1630624620,+3.49,+33.423,+16.487,+0.981
1630624680,+3.49,+33.432,+16.478,+0.981
1630624740,+3.49,+33.449,+16.469,+0.981
1630624800,+3.49,+33.494,+16.441,+0.980
1630624860,+3.49,+33.494,+16.366,+0.981
1630624920,+3.49,+33.467,+16.297,+0.982
1630624980,+3.49,+33.441,+16.295,+0.981
1630625040,+3.49,+33.467,+16.409,+0.982
1630625100,+3.49,+33.476,+16.432,+0.983
1630625160,+3.49,+33.494,+16.394,+0.983
1630625220,+3.49,+33.494,+16.279,+0.979
1630625280,+3.49,+33.494,+16.246,+0.981
1630625340,+3.49,+33.485,+16.279,+0.980
1630625400,+3.49,+33.494,+16.281,+0.980
1630625460,+3.49,+33.476,+16.328,+0.981
1630625520,+3.49,+33.485,+16.355,+0.982
1630625580,+3.49,+33.485,+16.351,+0.982
1630625640,+3.49,+33.494,+16.383,+0.980
1630625700,+3.49,+33.520,+16.439,+0.982
1630625760,+3.49,+33.503,+16.434,+0.982
1630625820,+3.49,+33.494,+16.447,+0.982
1630625880,+3.49,+33.520,+16.312,+0.979
1630625940,+3.49,+33.520,+16.255,+0.980
1630626000,+3.49,+33.494,+16.171,+0.981
1630626060,+3.49,+33.494,+16.168,+0.982
1630626120,+3.49,+33.494,+16.120,+0.980
1630626180,+3.49,+33.476,+16.128,+0.982
1630626240,+3.49,+33.432,+16.069,+0.980
1630626300,+3.49,+33.432,+16.118,+0.982
1630626360,+3.49,+33.441,+16.110,+0.982
1630626420,+3.49,+33.432,+16.008,+0.980
1630626480,+3.49,+33.405,+16.074,+0.983
1630626540,+3.49,+33.405,+16.105,+0.982
1630626600,+3.49,+33.432,+16.043,+0.981
1630626660,+3.49,+33.449,+15.983,+0.983
1630626720,+3.49,+33.441,+15.907,+0.982
1630626780,+3.49,+33.476,+15.775,+0.980
1630626840,+3.49,+33.441,+15.818,+0.984
1630626900,+3.49,+33.441,+15.777,+0.982
1630626960,+3.49,+33.449,+15.695,+0.980
1630627020,+3.49,+33.432,+15.787,+0.982
1630627080,+3.49,+33.441,+15.809,+0.981
1630627140,+3.49,+33.449,+15.845,+0.981
1630627200,+3.49,+33.449,+15.824,+0.981
1630627260,+3.49,+33.449,+15.832,+0.982
1630627320,+3.49,+33.432,+15.748,+0.981
1630627380,+3.49,+33.405,+15.718,+0.979
1630627440,+3.49,+33.396,+15.709,+0.980
1630627500,+3.49,+33.414,+15.742,+0.982
1630627560,+3.49,+33.414,+15.726,+0.982
1630627620,+3.49,+33.414,+15.646,+0.980
1630627680,+3.49,+33.405,+15.668,+0.983
1630627740,+3.49,+33.423,+15.578,+0.980
1630627800,+3.49,+33.388,+15.637,+0.980
1630627860,+3.49,+33.396,+15.742,+0.982
1630627920,+3.49,+33.414,+15.715,+0.981
1630627980,+3.49,+33.405,+15.618,+0.981
1630628040,+3.49,+33.396,+15.594,+0.981
1630628100,+3.49,+33.405,+15.575,+0.982
1630628160,+3.49,+33.414,+15.509,+0.981
1630628220,+3.49,+33.396,+15.408,+0.980
1630628280,+3.49,+33.388,+15.311,+0.980
1630628340,+3.49,+33.370,+15.243,+0.981
1630628400,+3.49,+33.370,+15.188,+0.981
1630628460,+3.49,+33.370,+15.158,+0.983
1630628520,+3.49,+33.370,+15.086,+0.982
1630628580,+3.49,+33.379,+15.062,+0.982
1630628640,+3.49,+33.379,+15.026,+0.980
1630628700,+3.49,+33.361,+15.050,+0.983
1630628760,+3.49,+33.370,+14.936,+0.980
1630628820,+3.49,+33.335,+14.975,+0.982
1630628880,+3.49,+33.335,+14.966,+0.982
1630628940,+3.49,+33.343,+14.957,+0.981
1630629000,+3.49,+33.317,+14.967,+0.982
1630629060,+3.49,+33.317,+14.948,+0.982
1630629120,+3.49,+33.317,+14.832,+0.980
1630629180,+3.49,+33.326,+14.819,+0.982
1630629240,+3.49,+33.335,+14.798,+0.983
1630629300,+3.49,+33.343,+14.714,+0.982
1630629360,+3.49,+33.326,+14.634,+0.982
1630629420,+3.49,+33.335,+14.580,+0.981
1630629480,+3.49,+33.343,+14.556,+0.982
1630629540,+3.49,+33.352,+14.542,+0.981
1630629600,+3.49,+33.343,+14.519,+0.981
1630629660,+3.49,+33.352,+14.500,+0.981
1630629720,+3.49,+33.379,+14.482,+0.982
1630629780,+3.49,+33.370,+14.338,+0.980
1630629840,+3.49,+33.361,+14.237,+0.981
1630629900,+3.49,+33.343,+14.189,+0.981
1630629960,+3.49,+33.370,+14.143,+0.980
1630630020,+3.49,+33.361,+14.114,+0.980
1630630080,+3.49,+33.370,+14.091,+0.983
1630630140,+3.49,+33.361,+14.019,+0.982
1630630200,+3.49,+33.379,+13.947,+0.981
1630630260,+3.49,+33.370,+13.914,+0.981
1630630320,+3.49,+33.396,+13.936,+0.980
1630630380,+3.49,+33.423,+13.948,+0.980
1630630440,+3.49,+33.414,+13.892,+0.980
1630630500,+3.49,+33.414,+13.877,+0.981
1630630560,+3.49,+33.405,+13.785,+0.981
1630630620,+3.49,+33.405,+13.688,+0.981
1630630680,+3.49,+33.405,+13.655,+0.982
1630630740,+3.49,+33.458,+13.669,+0.981
1630630800,+3.49,+33.485,+13.669,+0.981
1630630860,+3.49,+33.458,+13.572,+0.980
1630630920,+3.49,+33.432,+13.504,+0.981
1630630980,+3.49,+33.432,+13.472,+0.982
1630631040,+3.49,+33.432,+13.403,+0.981
1630631100,+3.49,+33.414,+13.361,+0.980
1630631160,+3.49,+33.423,+13.340,+0.982
1630631220,+3.49,+33.396,+13.234,+0.980
1630631280,+3.49,+33.379,+13.196,+0.980
1630631340,+3.49,+33.370,+13.242,+0.981
